station_id,sensor_id,"latitude (degree)","longitude (degree)",date_time,"http://mmisw.org/ont/ioos/parameter/river_discharge (ft3.s-1)"
urn:ioos:station:GOA_RUNOFF_DISCHARGE,urn:ioos:sensor:GOA_RUNOFF_DISCHARGE:q,58.069320239858385,-154.46915010358515,1979-09-01T00:00:00Z,1.2806194506994883
urn:ioos:station:GOA_RUNOFF_DISCHARGE,urn:ioos:sensor:GOA_RUNOFF_DISCHARGE:q,58.069320239858385,-154.46915010358515,1979-09-02T00:00:00Z,0.9647343158548795
urn:ioos:station:GOA_RUNOFF_DISCHARGE,urn:ioos:sensor:GOA_RUNOFF_DISCHARGE:q,58.069320239858385,-154.46915010358515,1979-09-03T00:00:00Z,0.6886581826966536
urn:ioos:station:GOA_RUNOFF_DISCHARGE,urn:ioos:sensor:GOA_RUNOFF_DISCHARGE:q,58.069320239858385,-154.46915010358515,1979-09-04T00:00:00Z,0.488010706643368
urn:ioos:station:GOA_RUNOFF_DISCHARGE,urn:ioos:sensor:GOA_RUNOFF_DISCHARGE:q,58.069320239858385,-154.46915010358515,1979-09-05T00:00:00Z,0.34546985832587807
urn:ioos:station:GOA_RUNOFF_DISCHARGE,urn:ioos:sensor:GOA_RUNOFF_DISCHARGE:q,58.069320239858385,-154.46915010358515,1979-09-06T00:00:00Z,0.24452784992219914
urn:ioos:station:GOA_RUNOFF_DISCHARGE,urn:ioos:sensor:GOA_RUNOFF_DISCHARGE:q,58.069320239858385,-154.46915010358515,1979-09-07T00:00:00Z,0.1730762876885266
urn:ioos:station:GOA_RUNOFF_DISCHARGE,urn:ioos:sensor:GOA_RUNOFF_DISCHARGE:q,58.069320239858385,-154.46915010358515,1979-09-08T00:00:00Z,0.12250269339313871
urn:ioos:station:GOA_RUNOFF_DISCHARGE,urn:ioos:sensor:GOA_RUNOFF_DISCHARGE:q,58.069320239858385,-154.46915010358515,1979-09-09T00:00:00Z,0.08670686619095026
urn:ioos:station:GOA_RUNOFF_DISCHARGE,urn:ioos:sensor:GOA_RUNOFF_DISCHARGE:q,58.069320239858385,-154.46915010358515,1979-09-10T00:00:00Z,0.061370730912588926
urn:ioos:station:GOA_RUNOFF_DISCHARGE,urn:ioos:sensor:GOA_RUNOFF_DISCHARGE:q,58.069320239858385,-154.46915010358515,1979-09-11T00:00:00Z,0.04343793404854054
urn:ioos:station:GOA_RUNOFF_DISCHARGE,urn:ioos:sensor:GOA_RUNOFF_DISCHARGE:q,58.069320239858385,-154.46915010358515,1979-09-12T00:00:00Z,2.027165250974708
urn:ioos:station:GOA_RUNOFF_DISCHARGE,urn:ioos:sensor:GOA_RUNOFF_DISCHARGE:q,58.069320239858385,-154.46915010358515,1979-09-13T00:00:00Z,2.690378788217112
urn:ioos:station:GOA_RUNOFF_DISCHARGE,urn:ioos:sensor:GOA_RUNOFF_DISCHARGE:q,58.069320239858385,-154.46915010358515,1979-09-14T00:00:00Z,2.2620695137132145
urn:ioos:station:GOA_RUNOFF_DISCHARGE,urn:ioos:sensor:GOA_RUNOFF_DISCHARGE:q,58.069320239858385,-154.46915010358515,1979-09-15T00:00:00Z,1.6213924143649334
urn:ioos:station:GOA_RUNOFF_DISCHARGE,urn:ioos:sensor:GOA_RUNOFF_DISCHARGE:q,58.069320239858385,-154.46915010358515,1979-09-16T00:00:00Z,2.074183860491999
urn:ioos:station:GOA_RUNOFF_DISCHARGE,urn:ioos:sensor:GOA_RUNOFF_DISCHARGE:q,58.069320239858385,-154.46915010358515,1979-09-17T00:00:00Z,2.3909120808405016
urn:ioos:station:GOA_RUNOFF_DISCHARGE,urn:ioos:sensor:GOA_RUNOFF_DISCHARGE:q,58.069320239858385,-154.46915010358515,1979-09-18T00:00:00Z,1.9777351945842998
urn:ioos:station:GOA_RUNOFF_DISCHARGE,urn:ioos:sensor:GOA_RUNOFF_DISCHARGE:q,58.069320239858385,-154.46915010358515,1979-09-19T00:00:00Z,1.8801938130340414
urn:ioos:station:GOA_RUNOFF_DISCHARGE,urn:ioos:sensor:GOA_RUNOFF_DISCHARGE:q,58.069320239858385,-154.46915010358515,1979-09-20T00:00:00Z,1.3543531553411705
urn:ioos:station:GOA_RUNOFF_DISCHARGE,urn:ioos:sensor:GOA_RUNOFF_DISCHARGE:q,58.069320239858385,-154.46915010358515,1979-09-21T00:00:00Z,0.9609576979941831
urn:ioos:station:GOA_RUNOFF_DISCHARGE,urn:ioos:sensor:GOA_RUNOFF_DISCHARGE:q,58.069320239858385,-154.46915010358515,1979-09-22T00:00:00Z,0.6803965762339462
urn:ioos:station:GOA_RUNOFF_DISCHARGE,urn:ioos:sensor:GOA_RUNOFF_DISCHARGE:q,58.069320239858385,-154.46915010358515,1979-09-23T00:00:00Z,4.689716100144914
urn:ioos:station:GOA_RUNOFF_DISCHARGE,urn:ioos:sensor:GOA_RUNOFF_DISCHARGE:q,58.069320239858385,-154.46915010358515,1979-09-24T00:00:00Z,3.908057633724857
urn:ioos:station:GOA_RUNOFF_DISCHARGE,urn:ioos:sensor:GOA_RUNOFF_DISCHARGE:q,58.069320239858385,-154.46915010358515,1979-09-25T00:00:00Z,2.8044161503140215
urn:ioos:station:GOA_RUNOFF_DISCHARGE,urn:ioos:sensor:GOA_RUNOFF_DISCHARGE:q,58.069320239858385,-154.46915010358515,1979-09-26T00:00:00Z,7.784019475265286
urn:ioos:station:GOA_RUNOFF_DISCHARGE,urn:ioos:sensor:GOA_RUNOFF_DISCHARGE:q,58.069320239858385,-154.46915010358515,1979-09-27T00:00:00Z,6.841001402785683
urn:ioos:station:GOA_RUNOFF_DISCHARGE,urn:ioos:sensor:GOA_RUNOFF_DISCHARGE:q,58.069320239858385,-154.46915010358515,1979-09-28T00:00:00Z,4.919445290016656
urn:ioos:station:GOA_RUNOFF_DISCHARGE,urn:ioos:sensor:GOA_RUNOFF_DISCHARGE:q,58.069320239858385,-154.46915010358515,1979-09-29T00:00:00Z,3.4896919926338157
urn:ioos:station:GOA_RUNOFF_DISCHARGE,urn:ioos:sensor:GOA_RUNOFF_DISCHARGE:q,58.069320239858385,-154.46915010358515,1979-09-30T00:00:00Z,2.4707605727523676
urn:ioos:station:GOA_RUNOFF_DISCHARGE,urn:ioos:sensor:GOA_RUNOFF_DISCHARGE:q,58.069320239858385,-154.46915010358515,1979-10-01T00:00:00Z,6.2835675021203485
urn:ioos:station:GOA_RUNOFF_DISCHARGE,urn:ioos:sensor:GOA_RUNOFF_DISCHARGE:q,58.069320239858385,-154.46915010358515,1979-10-02T00:00:00Z,4.854222821976347
urn:ioos:station:GOA_RUNOFF_DISCHARGE,urn:ioos:sensor:GOA_RUNOFF_DISCHARGE:q,58.069320239858385,-154.46915010358515,1979-10-03T00:00:00Z,11.534422158901517
urn:ioos:station:GOA_RUNOFF_DISCHARGE,urn:ioos:sensor:GOA_RUNOFF_DISCHARGE:q,58.069320239858385,-154.46915010358515,1979-10-04T00:00:00Z,10.834416888605297
urn:ioos:station:GOA_RUNOFF_DISCHARGE,urn:ioos:sensor:GOA_RUNOFF_DISCHARGE:q,58.069320239858385,-154.46915010358515,1979-10-05T00:00:00Z,11.209950076180277
urn:ioos:station:GOA_RUNOFF_DISCHARGE,urn:ioos:sensor:GOA_RUNOFF_DISCHARGE:q,58.069320239858385,-154.46915010358515,1979-10-06T00:00:00Z,8.198750975143943
urn:ioos:station:GOA_RUNOFF_DISCHARGE,urn:ioos:sensor:GOA_RUNOFF_DISCHARGE:q,58.069320239858385,-154.46915010358515,1979-10-07T00:00:00Z,5.8247563847126935
urn:ioos:station:GOA_RUNOFF_DISCHARGE,urn:ioos:sensor:GOA_RUNOFF_DISCHARGE:q,58.069320239858385,-154.46915010358515,1979-10-08T00:00:00Z,4.124905250654531
urn:ioos:station:GOA_RUNOFF_DISCHARGE,urn:ioos:sensor:GOA_RUNOFF_DISCHARGE:q,58.069320239858385,-154.46915010358515,1979-10-09T00:00:00Z,9.284533017266558
urn:ioos:station:GOA_RUNOFF_DISCHARGE,urn:ioos:sensor:GOA_RUNOFF_DISCHARGE:q,58.069320239858385,-154.46915010358515,1979-10-10T00:00:00Z,8.789819363172537
urn:ioos:station:GOA_RUNOFF_DISCHARGE,urn:ioos:sensor:GOA_RUNOFF_DISCHARGE:q,58.069320239858385,-154.46915010358515,1979-10-11T00:00:00Z,9.319251537484943
urn:ioos:station:GOA_RUNOFF_DISCHARGE,urn:ioos:sensor:GOA_RUNOFF_DISCHARGE:q,58.069320239858385,-154.46915010358515,1979-10-12T00:00:00Z,7.727861311074281
urn:ioos:station:GOA_RUNOFF_DISCHARGE,urn:ioos:sensor:GOA_RUNOFF_DISCHARGE:q,58.069320239858385,-154.46915010358515,1979-10-13T00:00:00Z,7.295902634701302
urn:ioos:station:GOA_RUNOFF_DISCHARGE,urn:ioos:sensor:GOA_RUNOFF_DISCHARGE:q,58.069320239858385,-154.46915010358515,1979-10-14T00:00:00Z,5.2536305176116525
urn:ioos:station:GOA_RUNOFF_DISCHARGE,urn:ioos:sensor:GOA_RUNOFF_DISCHARGE:q,58.069320239858385,-154.46915010358515,1979-10-15T00:00:00Z,4.030667011935162
urn:ioos:station:GOA_RUNOFF_DISCHARGE,urn:ioos:sensor:GOA_RUNOFF_DISCHARGE:q,58.069320239858385,-154.46915010358515,1979-10-16T00:00:00Z,8.048093562381073
urn:ioos:station:GOA_RUNOFF_DISCHARGE,urn:ioos:sensor:GOA_RUNOFF_DISCHARGE:q,58.069320239858385,-154.46915010358515,1979-10-17T00:00:00Z,6.863852394388132
urn:ioos:station:GOA_RUNOFF_DISCHARGE,urn:ioos:sensor:GOA_RUNOFF_DISCHARGE:q,58.069320239858385,-154.46915010358515,1979-10-18T00:00:00Z,5.584341577774828
urn:ioos:station:GOA_RUNOFF_DISCHARGE,urn:ioos:sensor:GOA_RUNOFF_DISCHARGE:q,58.069320239858385,-154.46915010358515,1979-10-19T00:00:00Z,4.129675258331861
urn:ioos:station:GOA_RUNOFF_DISCHARGE,urn:ioos:sensor:GOA_RUNOFF_DISCHARGE:q,58.069320239858385,-154.46915010358515,1979-10-20T00:00:00Z,2.933337125642966
urn:ioos:station:GOA_RUNOFF_DISCHARGE,urn:ioos:sensor:GOA_RUNOFF_DISCHARGE:q,58.069320239858385,-154.46915010358515,1979-10-21T00:00:00Z,2.139639185104344
urn:ioos:station:GOA_RUNOFF_DISCHARGE,urn:ioos:sensor:GOA_RUNOFF_DISCHARGE:q,58.069320239858385,-154.46915010358515,1979-10-22T00:00:00Z,2.8680715067802685
urn:ioos:station:GOA_RUNOFF_DISCHARGE,urn:ioos:sensor:GOA_RUNOFF_DISCHARGE:q,58.069320239858385,-154.46915010358515,1979-10-23T00:00:00Z,2.4910035707480156
urn:ioos:station:GOA_RUNOFF_DISCHARGE,urn:ioos:sensor:GOA_RUNOFF_DISCHARGE:q,58.069320239858385,-154.46915010358515,1979-10-24T00:00:00Z,1.6357688738765173
urn:ioos:station:GOA_RUNOFF_DISCHARGE,urn:ioos:sensor:GOA_RUNOFF_DISCHARGE:q,58.069320239858385,-154.46915010358515,1979-10-25T00:00:00Z,1.1040223420413684
urn:ioos:station:GOA_RUNOFF_DISCHARGE,urn:ioos:sensor:GOA_RUNOFF_DISCHARGE:q,58.069320239858385,-154.46915010358515,1979-10-26T00:00:00Z,1.115261421027579
urn:ioos:station:GOA_RUNOFF_DISCHARGE,urn:ioos:sensor:GOA_RUNOFF_DISCHARGE:q,58.069320239858385,-154.46915010358515,1979-10-27T00:00:00Z,0.882859905987609
urn:ioos:station:GOA_RUNOFF_DISCHARGE,urn:ioos:sensor:GOA_RUNOFF_DISCHARGE:q,58.069320239858385,-154.46915010358515,1979-10-28T00:00:00Z,0.6301533636448073
urn:ioos:station:GOA_RUNOFF_DISCHARGE,urn:ioos:sensor:GOA_RUNOFF_DISCHARGE:q,58.069320239858385,-154.46915010358515,1979-10-29T00:00:00Z,0.44654592370520924
urn:ioos:station:GOA_RUNOFF_DISCHARGE,urn:ioos:sensor:GOA_RUNOFF_DISCHARGE:q,58.069320239858385,-154.46915010358515,1979-10-30T00:00:00Z,1.9523118614264738
urn:ioos:station:GOA_RUNOFF_DISCHARGE,urn:ioos:sensor:GOA_RUNOFF_DISCHARGE:q,58.069320239858385,-154.46915010358515,1979-10-31T00:00:00Z,3.753347990379022
urn:ioos:station:GOA_RUNOFF_DISCHARGE,urn:ioos:sensor:GOA_RUNOFF_DISCHARGE:q,58.069320239858385,-154.46915010358515,1979-11-01T00:00:00Z,3.0034303743177695
urn:ioos:station:GOA_RUNOFF_DISCHARGE,urn:ioos:sensor:GOA_RUNOFF_DISCHARGE:q,58.069320239858385,-154.46915010358515,1979-11-02T00:00:00Z,5.1352978068836865
urn:ioos:station:GOA_RUNOFF_DISCHARGE,urn:ioos:sensor:GOA_RUNOFF_DISCHARGE:q,58.069320239858385,-154.46915010358515,1979-11-03T00:00:00Z,4.269293164662067
urn:ioos:station:GOA_RUNOFF_DISCHARGE,urn:ioos:sensor:GOA_RUNOFF_DISCHARGE:q,58.069320239858385,-154.46915010358515,1979-11-04T00:00:00Z,3.0848793933795724
urn:ioos:station:GOA_RUNOFF_DISCHARGE,urn:ioos:sensor:GOA_RUNOFF_DISCHARGE:q,58.069320239858385,-154.46915010358515,1979-11-05T00:00:00Z,2.188422768503236
urn:ioos:station:GOA_RUNOFF_DISCHARGE,urn:ioos:sensor:GOA_RUNOFF_DISCHARGE:q,58.069320239858385,-154.46915010358515,1979-11-06T00:00:00Z,1.5494509159836152
urn:ioos:station:GOA_RUNOFF_DISCHARGE,urn:ioos:sensor:GOA_RUNOFF_DISCHARGE:q,58.069320239858385,-154.46915010358515,1979-11-07T00:00:00Z,8.89050707115037
urn:ioos:station:GOA_RUNOFF_DISCHARGE,urn:ioos:sensor:GOA_RUNOFF_DISCHARGE:q,58.069320239858385,-154.46915010358515,1979-11-08T00:00:00Z,10.201478520891726
urn:ioos:station:GOA_RUNOFF_DISCHARGE,urn:ioos:sensor:GOA_RUNOFF_DISCHARGE:q,58.069320239858385,-154.46915010358515,1979-11-09T00:00:00Z,9.879890176056941
urn:ioos:station:GOA_RUNOFF_DISCHARGE,urn:ioos:sensor:GOA_RUNOFF_DISCHARGE:q,58.069320239858385,-154.46915010358515,1979-11-10T00:00:00Z,7.688370941375169
urn:ioos:station:GOA_RUNOFF_DISCHARGE,urn:ioos:sensor:GOA_RUNOFF_DISCHARGE:q,58.069320239858385,-154.46915010358515,1979-11-11T00:00:00Z,7.859345550499014
urn:ioos:station:GOA_RUNOFF_DISCHARGE,urn:ioos:sensor:GOA_RUNOFF_DISCHARGE:q,58.069320239858385,-154.46915010358515,1979-11-12T00:00:00Z,7.336173402810196
urn:ioos:station:GOA_RUNOFF_DISCHARGE,urn:ioos:sensor:GOA_RUNOFF_DISCHARGE:q,58.069320239858385,-154.46915010358515,1979-11-13T00:00:00Z,5.310817986785487
urn:ioos:station:GOA_RUNOFF_DISCHARGE,urn:ioos:sensor:GOA_RUNOFF_DISCHARGE:q,58.069320239858385,-154.46915010358515,1979-11-14T00:00:00Z,3.7693582610590313
urn:ioos:station:GOA_RUNOFF_DISCHARGE,urn:ioos:sensor:GOA_RUNOFF_DISCHARGE:q,58.069320239858385,-154.46915010358515,1979-11-15T00:00:00Z,2.432687076093271
urn:ioos:station:GOA_RUNOFF_DISCHARGE,urn:ioos:sensor:GOA_RUNOFF_DISCHARGE:q,58.069320239858385,-154.46915010358515,1979-11-16T00:00:00Z,6.239087950139946
urn:ioos:station:GOA_RUNOFF_DISCHARGE,urn:ioos:sensor:GOA_RUNOFF_DISCHARGE:q,58.069320239858385,-154.46915010358515,1979-11-17T00:00:00Z,4.293625755538114
urn:ioos:station:GOA_RUNOFF_DISCHARGE,urn:ioos:sensor:GOA_RUNOFF_DISCHARGE:q,58.069320239858385,-154.46915010358515,1979-11-18T00:00:00Z,2.799309092615473
urn:ioos:station:GOA_RUNOFF_DISCHARGE,urn:ioos:sensor:GOA_RUNOFF_DISCHARGE:q,58.069320239858385,-154.46915010358515,1979-11-19T00:00:00Z,1.8180026902665285
urn:ioos:station:GOA_RUNOFF_DISCHARGE,urn:ioos:sensor:GOA_RUNOFF_DISCHARGE:q,58.069320239858385,-154.46915010358515,1979-11-20T00:00:00Z,1.180301682089205
urn:ioos:station:GOA_RUNOFF_DISCHARGE,urn:ioos:sensor:GOA_RUNOFF_DISCHARGE:q,58.069320239858385,-154.46915010358515,1979-11-21T00:00:00Z,0.7662650025411725
urn:ioos:station:GOA_RUNOFF_DISCHARGE,urn:ioos:sensor:GOA_RUNOFF_DISCHARGE:q,58.069320239858385,-154.46915010358515,1979-11-22T00:00:00Z,0.49746655816076363
urn:ioos:station:GOA_RUNOFF_DISCHARGE,urn:ioos:sensor:GOA_RUNOFF_DISCHARGE:q,58.069320239858385,-154.46915010358515,1979-11-23T00:00:00Z,0.3229599621342455
urn:ioos:station:GOA_RUNOFF_DISCHARGE,urn:ioos:sensor:GOA_RUNOFF_DISCHARGE:q,58.069320239858385,-154.46915010358515,1979-11-24T00:00:00Z,0.20966861263552825
urn:ioos:station:GOA_RUNOFF_DISCHARGE,urn:ioos:sensor:GOA_RUNOFF_DISCHARGE:q,58.069320239858385,-154.46915010358515,1979-11-25T00:00:00Z,0.13611884166321195
urn:ioos:station:GOA_RUNOFF_DISCHARGE,urn:ioos:sensor:GOA_RUNOFF_DISCHARGE:q,58.069320239858385,-154.46915010358515,1979-11-26T00:00:00Z,0.0883696199841485
urn:ioos:station:GOA_RUNOFF_DISCHARGE,urn:ioos:sensor:GOA_RUNOFF_DISCHARGE:q,58.069320239858385,-154.46915010358515,1979-11-27T00:00:00Z,0.05737039149580065
urn:ioos:station:GOA_RUNOFF_DISCHARGE,urn:ioos:sensor:GOA_RUNOFF_DISCHARGE:q,58.069320239858385,-154.46915010358515,1979-11-28T00:00:00Z,2.6018638219891823
urn:ioos:station:GOA_RUNOFF_DISCHARGE,urn:ioos:sensor:GOA_RUNOFF_DISCHARGE:q,58.069320239858385,-154.46915010358515,1979-11-29T00:00:00Z,10.353141032078524
urn:ioos:station:GOA_RUNOFF_DISCHARGE,urn:ioos:sensor:GOA_RUNOFF_DISCHARGE:q,58.069320239858385,-154.46915010358515,1979-11-30T00:00:00Z,8.965985226721543
urn:ioos:station:GOA_RUNOFF_DISCHARGE,urn:ioos:sensor:GOA_RUNOFF_DISCHARGE:q,58.069320239858385,-154.46915010358515,1979-12-01T00:00:00Z,6.7745733428662005
urn:ioos:station:GOA_RUNOFF_DISCHARGE,urn:ioos:sensor:GOA_RUNOFF_DISCHARGE:q,58.069320239858385,-154.46915010358515,1979-12-02T00:00:00Z,5.110892333216166
urn:ioos:station:GOA_RUNOFF_DISCHARGE,urn:ioos:sensor:GOA_RUNOFF_DISCHARGE:q,58.069320239858385,-154.46915010358515,1979-12-03T00:00:00Z,3.6000733749923777
urn:ioos:station:GOA_RUNOFF_DISCHARGE,urn:ioos:sensor:GOA_RUNOFF_DISCHARGE:q,58.069320239858385,-154.46915010358515,1979-12-04T00:00:00Z,3.7065440825145908
urn:ioos:station:GOA_RUNOFF_DISCHARGE,urn:ioos:sensor:GOA_RUNOFF_DISCHARGE:q,58.069320239858385,-154.46915010358515,1979-12-05T00:00:00Z,4.249023328959812
urn:ioos:station:GOA_RUNOFF_DISCHARGE,urn:ioos:sensor:GOA_RUNOFF_DISCHARGE:q,58.069320239858385,-154.46915010358515,1979-12-06T00:00:00Z,2.8098410506555296
urn:ioos:station:GOA_RUNOFF_DISCHARGE,urn:ioos:sensor:GOA_RUNOFF_DISCHARGE:q,58.069320239858385,-154.46915010358515,1979-12-07T00:00:00Z,1.8270568641971623
urn:ioos:station:GOA_RUNOFF_DISCHARGE,urn:ioos:sensor:GOA_RUNOFF_DISCHARGE:q,58.069320239858385,-154.46915010358515,1979-12-08T00:00:00Z,1.1863042509097015
urn:ioos:station:GOA_RUNOFF_DISCHARGE,urn:ioos:sensor:GOA_RUNOFF_DISCHARGE:q,58.069320239858385,-154.46915010358515,1979-12-09T00:00:00Z,0.7701689021721765
urn:ioos:station:GOA_RUNOFF_DISCHARGE,urn:ioos:sensor:GOA_RUNOFF_DISCHARGE:q,58.069320239858385,-154.46915010358515,1979-12-10T00:00:00Z,1.5205751223625483
urn:ioos:station:GOA_RUNOFF_DISCHARGE,urn:ioos:sensor:GOA_RUNOFF_DISCHARGE:q,58.069320239858385,-154.46915010358515,1979-12-11T00:00:00Z,2.3893047127065277
urn:ioos:station:GOA_RUNOFF_DISCHARGE,urn:ioos:sensor:GOA_RUNOFF_DISCHARGE:q,58.069320239858385,-154.46915010358515,1979-12-12T00:00:00Z,1.5901800300230031
urn:ioos:station:GOA_RUNOFF_DISCHARGE,urn:ioos:sensor:GOA_RUNOFF_DISCHARGE:q,58.069320239858385,-154.46915010358515,1979-12-13T00:00:00Z,1.0345503073400977
urn:ioos:station:GOA_RUNOFF_DISCHARGE,urn:ioos:sensor:GOA_RUNOFF_DISCHARGE:q,58.069320239858385,-154.46915010358515,1979-12-14T00:00:00Z,0.6717627281494448
urn:ioos:station:GOA_RUNOFF_DISCHARGE,urn:ioos:sensor:GOA_RUNOFF_DISCHARGE:q,58.069320239858385,-154.46915010358515,1979-12-15T00:00:00Z,0.4361215467170069
urn:ioos:station:GOA_RUNOFF_DISCHARGE,urn:ioos:sensor:GOA_RUNOFF_DISCHARGE:q,58.069320239858385,-154.46915010358515,1979-12-16T00:00:00Z,0.2831345815533887
urn:ioos:station:GOA_RUNOFF_DISCHARGE,urn:ioos:sensor:GOA_RUNOFF_DISCHARGE:q,58.069320239858385,-154.46915010358515,1979-12-17T00:00:00Z,0.18381365614110445
urn:ioos:station:GOA_RUNOFF_DISCHARGE,urn:ioos:sensor:GOA_RUNOFF_DISCHARGE:q,58.069320239858385,-154.46915010358515,1979-12-18T00:00:00Z,0.11933353353687155
urn:ioos:station:GOA_RUNOFF_DISCHARGE,urn:ioos:sensor:GOA_RUNOFF_DISCHARGE:q,58.069320239858385,-154.46915010358515,1979-12-19T00:00:00Z,0.07747245042007639
urn:ioos:station:GOA_RUNOFF_DISCHARGE,urn:ioos:sensor:GOA_RUNOFF_DISCHARGE:q,58.069320239858385,-154.46915010358515,1979-12-20T00:00:00Z,0.05029584376560785
urn:ioos:station:GOA_RUNOFF_DISCHARGE,urn:ioos:sensor:GOA_RUNOFF_DISCHARGE:q,58.069320239858385,-154.46915010358515,1979-12-21T00:00:00Z,0.032652532761227836
urn:ioos:station:GOA_RUNOFF_DISCHARGE,urn:ioos:sensor:GOA_RUNOFF_DISCHARGE:q,58.069320239858385,-154.46915010358515,1979-12-22T00:00:00Z,0.021198330727407073
urn:ioos:station:GOA_RUNOFF_DISCHARGE,urn:ioos:sensor:GOA_RUNOFF_DISCHARGE:q,58.069320239858385,-154.46915010358515,1979-12-23T00:00:00Z,0.013762154356365016
urn:ioos:station:GOA_RUNOFF_DISCHARGE,urn:ioos:sensor:GOA_RUNOFF_DISCHARGE:q,58.069320239858385,-154.46915010358515,1979-12-24T00:00:00Z,0.00893452043309118
urn:ioos:station:GOA_RUNOFF_DISCHARGE,urn:ioos:sensor:GOA_RUNOFF_DISCHARGE:q,58.069320239858385,-154.46915010358515,1979-12-25T00:00:00Z,0.0058003738554754086
urn:ioos:station:GOA_RUNOFF_DISCHARGE,urn:ioos:sensor:GOA_RUNOFF_DISCHARGE:q,58.069320239858385,-154.46915010358515,1979-12-26T00:00:00Z,0.00376565722908296
urn:ioos:station:GOA_RUNOFF_DISCHARGE,urn:ioos:sensor:GOA_RUNOFF_DISCHARGE:q,58.069320239858385,-154.46915010358515,1979-12-27T00:00:00Z,0.002444699800895346
urn:ioos:station:GOA_RUNOFF_DISCHARGE,urn:ioos:sensor:GOA_RUNOFF_DISCHARGE:q,58.069320239858385,-154.46915010358515,1979-12-28T00:00:00Z,0.0015871221718258943
urn:ioos:station:GOA_RUNOFF_DISCHARGE,urn:ioos:sensor:GOA_RUNOFF_DISCHARGE:q,58.069320239858385,-154.46915010358515,1979-12-29T00:00:00Z,0.0010303745931924306
urn:ioos:station:GOA_RUNOFF_DISCHARGE,urn:ioos:sensor:GOA_RUNOFF_DISCHARGE:q,58.069320239858385,-154.46915010358515,1979-12-30T00:00:00Z,6.689288350951492E-4
urn:ioos:station:GOA_RUNOFF_DISCHARGE,urn:ioos:sensor:GOA_RUNOFF_DISCHARGE:q,58.069320239858385,-154.46915010358515,1979-12-31T00:00:00Z,4.3427487955333626E-4
urn:ioos:station:GOA_RUNOFF_DISCHARGE,urn:ioos:sensor:GOA_RUNOFF_DISCHARGE:q,58.069320239858385,-154.46915010358515,1980-01-01T00:00:00Z,2.819353136788402E-4
urn:ioos:station:GOA_RUNOFF_DISCHARGE,urn:ioos:sensor:GOA_RUNOFF_DISCHARGE:q,58.069320239858385,-154.46915010358515,1980-01-02T00:00:00Z,1.8303504184988563E-4
urn:ioos:station:GOA_RUNOFF_DISCHARGE,urn:ioos:sensor:GOA_RUNOFF_DISCHARGE:q,58.069320239858385,-154.46915010358515,1980-01-03T00:00:00Z,1.1882806006374881E-4
urn:ioos:station:GOA_RUNOFF_DISCHARGE,urn:ioos:sensor:GOA_RUNOFF_DISCHARGE:q,58.069320239858385,-154.46915010358515,1980-01-04T00:00:00Z,7.714429844449254E-5
urn:ioos:station:GOA_RUNOFF_DISCHARGE,urn:ioos:sensor:GOA_RUNOFF_DISCHARGE:q,58.069320239858385,-154.46915010358515,1980-01-05T00:00:00Z,5.008280215753793E-5
urn:ioos:station:GOA_RUNOFF_DISCHARGE,urn:ioos:sensor:GOA_RUNOFF_DISCHARGE:q,58.069320239858385,-154.46915010358515,1980-01-06T00:00:00Z,0.3546935768368572
urn:ioos:station:GOA_RUNOFF_DISCHARGE,urn:ioos:sensor:GOA_RUNOFF_DISCHARGE:q,58.069320239858385,-154.46915010358515,1980-01-07T00:00:00Z,0.46365459988469315
urn:ioos:station:GOA_RUNOFF_DISCHARGE,urn:ioos:sensor:GOA_RUNOFF_DISCHARGE:q,58.069320239858385,-154.46915010358515,1980-01-08T00:00:00Z,0.30764937940811904
urn:ioos:station:GOA_RUNOFF_DISCHARGE,urn:ioos:sensor:GOA_RUNOFF_DISCHARGE:q,58.069320239858385,-154.46915010358515,1980-01-09T00:00:00Z,0.20010161157220108
urn:ioos:station:GOA_RUNOFF_DISCHARGE,urn:ioos:sensor:GOA_RUNOFF_DISCHARGE:q,58.069320239858385,-154.46915010358515,1980-01-10T00:00:00Z,0.12992877067927247
urn:ioos:station:GOA_RUNOFF_DISCHARGE,urn:ioos:sensor:GOA_RUNOFF_DISCHARGE:q,58.069320239858385,-154.46915010358515,1980-01-11T00:00:00Z,0.08435214521792085
urn:ioos:station:GOA_RUNOFF_DISCHARGE,urn:ioos:sensor:GOA_RUNOFF_DISCHARGE:q,58.069320239858385,-154.46915010358515,1980-01-12T00:00:00Z,0.05476227455395061
urn:ioos:station:GOA_RUNOFF_DISCHARGE,urn:ioos:sensor:GOA_RUNOFF_DISCHARGE:q,58.069320239858385,-154.46915010358515,1980-01-13T00:00:00Z,0.03555218703572376
urn:ioos:station:GOA_RUNOFF_DISCHARGE,urn:ioos:sensor:GOA_RUNOFF_DISCHARGE:q,58.069320239858385,-154.46915010358515,1980-01-14T00:00:00Z,0.023080814132286066
urn:ioos:station:GOA_RUNOFF_DISCHARGE,urn:ioos:sensor:GOA_RUNOFF_DISCHARGE:q,58.069320239858385,-154.46915010358515,1980-01-15T00:00:00Z,0.014984282382198951
urn:ioos:station:GOA_RUNOFF_DISCHARGE,urn:ioos:sensor:GOA_RUNOFF_DISCHARGE:q,58.069320239858385,-154.46915010358515,1980-01-16T00:00:00Z,0.009727936857269867
urn:ioos:station:GOA_RUNOFF_DISCHARGE,urn:ioos:sensor:GOA_RUNOFF_DISCHARGE:q,58.069320239858385,-154.46915010358515,1980-01-17T00:00:00Z,0.006315467783585502
urn:ioos:station:GOA_RUNOFF_DISCHARGE,urn:ioos:sensor:GOA_RUNOFF_DISCHARGE:q,58.069320239858385,-154.46915010358515,1980-01-18T00:00:00Z,0.0041000609426612294
urn:ioos:station:GOA_RUNOFF_DISCHARGE,urn:ioos:sensor:GOA_RUNOFF_DISCHARGE:q,58.069320239858385,-154.46915010358515,1980-01-19T00:00:00Z,0.002661797750973463
urn:ioos:station:GOA_RUNOFF_DISCHARGE,urn:ioos:sensor:GOA_RUNOFF_DISCHARGE:q,58.069320239858385,-154.46915010358515,1980-01-20T00:00:00Z,0.0017280641981004964
urn:ioos:station:GOA_RUNOFF_DISCHARGE,urn:ioos:sensor:GOA_RUNOFF_DISCHARGE:q,58.069320239858385,-154.46915010358515,1980-01-21T00:00:00Z,0.0011218753884073122
urn:ioos:station:GOA_RUNOFF_DISCHARGE,urn:ioos:sensor:GOA_RUNOFF_DISCHARGE:q,58.069320239858385,-154.46915010358515,1980-01-22T00:00:00Z,7.283320692954454E-4
urn:ioos:station:GOA_RUNOFF_DISCHARGE,urn:ioos:sensor:GOA_RUNOFF_DISCHARGE:q,58.069320239858385,-154.46915010358515,1980-01-23T00:00:00Z,4.7284004701614985E-4
urn:ioos:station:GOA_RUNOFF_DISCHARGE,urn:ioos:sensor:GOA_RUNOFF_DISCHARGE:q,58.069320239858385,-154.46915010358515,1980-01-24T00:00:00Z,3.069722001006327E-4
urn:ioos:station:GOA_RUNOFF_DISCHARGE,urn:ioos:sensor:GOA_RUNOFF_DISCHARGE:q,58.069320239858385,-154.46915010358515,1980-01-25T00:00:00Z,1.992892362384977E-4
urn:ioos:station:GOA_RUNOFF_DISCHARGE,urn:ioos:sensor:GOA_RUNOFF_DISCHARGE:q,58.069320239858385,-154.46915010358515,1980-01-26T00:00:00Z,1.2938044142432308E-4
urn:ioos:station:GOA_RUNOFF_DISCHARGE,urn:ioos:sensor:GOA_RUNOFF_DISCHARGE:q,58.069320239858385,-154.46915010358515,1980-01-27T00:00:00Z,1.5798287002730058
urn:ioos:station:GOA_RUNOFF_DISCHARGE,urn:ioos:sensor:GOA_RUNOFF_DISCHARGE:q,58.069320239858385,-154.46915010358515,1980-01-28T00:00:00Z,1.329599843946835
urn:ioos:station:GOA_RUNOFF_DISCHARGE,urn:ioos:sensor:GOA_RUNOFF_DISCHARGE:q,58.069320239858385,-154.46915010358515,1980-01-29T00:00:00Z,0.872717160472054
urn:ioos:station:GOA_RUNOFF_DISCHARGE,urn:ioos:sensor:GOA_RUNOFF_DISCHARGE:q,58.069320239858385,-154.46915010358515,1980-01-30T00:00:00Z,0.5671109988155104
urn:ioos:station:GOA_RUNOFF_DISCHARGE,urn:ioos:sensor:GOA_RUNOFF_DISCHARGE:q,58.069320239858385,-154.46915010358515,1980-01-31T00:00:00Z,0.36820379674472925
urn:ioos:station:GOA_RUNOFF_DISCHARGE,urn:ioos:sensor:GOA_RUNOFF_DISCHARGE:q,58.069320239858385,-154.46915010358515,1980-02-01T00:00:00Z,0.23904300874699952
urn:ioos:station:GOA_RUNOFF_DISCHARGE,urn:ioos:sensor:GOA_RUNOFF_DISCHARGE:q,58.069320239858385,-154.46915010358515,1980-02-02T00:00:00Z,0.15518905490265392
urn:ioos:station:GOA_RUNOFF_DISCHARGE,urn:ioos:sensor:GOA_RUNOFF_DISCHARGE:q,58.069320239858385,-154.46915010358515,1980-02-03T00:00:00Z,0.10075020595820293
urn:ioos:station:GOA_RUNOFF_DISCHARGE,urn:ioos:sensor:GOA_RUNOFF_DISCHARGE:q,58.069320239858385,-154.46915010358515,1980-02-04T00:00:00Z,0.06540797217596254
urn:ioos:station:GOA_RUNOFF_DISCHARGE,urn:ioos:sensor:GOA_RUNOFF_DISCHARGE:q,58.069320239858385,-154.46915010358515,1980-02-05T00:00:00Z,0.042463472050720825
urn:ioos:station:GOA_RUNOFF_DISCHARGE,urn:ioos:sensor:GOA_RUNOFF_DISCHARGE:q,58.069320239858385,-154.46915010358515,1980-02-06T00:00:00Z,0.027567683593790485
urn:ioos:station:GOA_RUNOFF_DISCHARGE,urn:ioos:sensor:GOA_RUNOFF_DISCHARGE:q,58.069320239858385,-154.46915010358515,1980-02-07T00:00:00Z,0.017897198257811484
urn:ioos:station:GOA_RUNOFF_DISCHARGE,urn:ioos:sensor:GOA_RUNOFF_DISCHARGE:q,58.069320239858385,-154.46915010358515,1980-02-08T00:00:00Z,0.011619028020759386
urn:ioos:station:GOA_RUNOFF_DISCHARGE,urn:ioos:sensor:GOA_RUNOFF_DISCHARGE:q,58.069320239858385,-154.46915010358515,1980-02-09T00:00:00Z,0.007543182373231676
urn:ioos:station:GOA_RUNOFF_DISCHARGE,urn:ioos:sensor:GOA_RUNOFF_DISCHARGE:q,58.069320239858385,-154.46915010358515,1980-02-10T00:00:00Z,6.5512678370054
urn:ioos:station:GOA_RUNOFF_DISCHARGE,urn:ioos:sensor:GOA_RUNOFF_DISCHARGE:q,58.069320239858385,-154.46915010358515,1980-02-11T00:00:00Z,9.998206573669126
urn:ioos:station:GOA_RUNOFF_DISCHARGE,urn:ioos:sensor:GOA_RUNOFF_DISCHARGE:q,58.069320239858385,-154.46915010358515,1980-02-12T00:00:00Z,19.4542830541937
urn:ioos:station:GOA_RUNOFF_DISCHARGE,urn:ioos:sensor:GOA_RUNOFF_DISCHARGE:q,58.069320239858385,-154.46915010358515,1980-02-13T00:00:00Z,17.17805717647456
urn:ioos:station:GOA_RUNOFF_DISCHARGE,urn:ioos:sensor:GOA_RUNOFF_DISCHARGE:q,58.069320239858385,-154.46915010358515,1980-02-14T00:00:00Z,15.101806944131166
urn:ioos:station:GOA_RUNOFF_DISCHARGE,urn:ioos:sensor:GOA_RUNOFF_DISCHARGE:q,58.069320239858385,-154.46915010358515,1980-02-15T00:00:00Z,11.025205618648611
urn:ioos:station:GOA_RUNOFF_DISCHARGE,urn:ioos:sensor:GOA_RUNOFF_DISCHARGE:q,58.069320239858385,-154.46915010358515,1980-02-16T00:00:00Z,8.047521550869655
urn:ioos:station:GOA_RUNOFF_DISCHARGE,urn:ioos:sensor:GOA_RUNOFF_DISCHARGE:q,58.069320239858385,-154.46915010358515,1980-02-17T00:00:00Z,5.771825586298628
urn:ioos:station:GOA_RUNOFF_DISCHARGE,urn:ioos:sensor:GOA_RUNOFF_DISCHARGE:q,58.069320239858385,-154.46915010358515,1980-02-18T00:00:00Z,4.289468805276426
urn:ioos:station:GOA_RUNOFF_DISCHARGE,urn:ioos:sensor:GOA_RUNOFF_DISCHARGE:q,58.069320239858385,-154.46915010358515,1980-02-19T00:00:00Z,2.799997927085066
urn:ioos:station:GOA_RUNOFF_DISCHARGE,urn:ioos:sensor:GOA_RUNOFF_DISCHARGE:q,58.069320239858385,-154.46915010358515,1980-02-20T00:00:00Z,1.818640085798457
urn:ioos:station:GOA_RUNOFF_DISCHARGE,urn:ioos:sensor:GOA_RUNOFF_DISCHARGE:q,58.069320239858385,-154.46915010358515,1980-02-21T00:00:00Z,1.1807263493290532
urn:ioos:station:GOA_RUNOFF_DISCHARGE,urn:ioos:sensor:GOA_RUNOFF_DISCHARGE:q,58.069320239858385,-154.46915010358515,1980-02-22T00:00:00Z,0.7665412730503675
urn:ioos:station:GOA_RUNOFF_DISCHARGE,urn:ioos:sensor:GOA_RUNOFF_DISCHARGE:q,58.069320239858385,-154.46915010358515,1980-02-23T00:00:00Z,0.4976459037663161
urn:ioos:station:GOA_RUNOFF_DISCHARGE,urn:ioos:sensor:GOA_RUNOFF_DISCHARGE:q,58.069320239858385,-154.46915010358515,1980-02-24T00:00:00Z,0.3230764233096098
urn:ioos:station:GOA_RUNOFF_DISCHARGE,urn:ioos:sensor:GOA_RUNOFF_DISCHARGE:q,58.069320239858385,-154.46915010358515,1980-02-25T00:00:00Z,0.2097442416874204
urn:ioos:station:GOA_RUNOFF_DISCHARGE,urn:ioos:sensor:GOA_RUNOFF_DISCHARGE:q,58.069320239858385,-154.46915010358515,1980-02-26T00:00:00Z,0.8256352718524186
urn:ioos:station:GOA_RUNOFF_DISCHARGE,urn:ioos:sensor:GOA_RUNOFF_DISCHARGE:q,58.069320239858385,-154.46915010358515,1980-02-27T00:00:00Z,0.5548028845161002
urn:ioos:station:GOA_RUNOFF_DISCHARGE,urn:ioos:sensor:GOA_RUNOFF_DISCHARGE:q,58.069320239858385,-154.46915010358515,1980-02-28T00:00:00Z,1.0903002489644207
urn:ioos:station:GOA_RUNOFF_DISCHARGE,urn:ioos:sensor:GOA_RUNOFF_DISCHARGE:q,58.069320239858385,-154.46915010358515,1980-02-29T00:00:00Z,0.727764339051906
urn:ioos:station:GOA_RUNOFF_DISCHARGE,urn:ioos:sensor:GOA_RUNOFF_DISCHARGE:q,58.069320239858385,-154.46915010358515,1980-03-01T00:00:00Z,0.6687604570588066
urn:ioos:station:GOA_RUNOFF_DISCHARGE,urn:ioos:sensor:GOA_RUNOFF_DISCHARGE:q,58.069320239858385,-154.46915010358515,1980-03-02T00:00:00Z,1.5012517104903638
urn:ioos:station:GOA_RUNOFF_DISCHARGE,urn:ioos:sensor:GOA_RUNOFF_DISCHARGE:q,58.069320239858385,-154.46915010358515,1980-03-03T00:00:00Z,5.8320936032073725
urn:ioos:station:GOA_RUNOFF_DISCHARGE,urn:ioos:sensor:GOA_RUNOFF_DISCHARGE:q,58.069320239858385,-154.46915010358515,1980-03-04T00:00:00Z,6.680380359887386
urn:ioos:station:GOA_RUNOFF_DISCHARGE,urn:ioos:sensor:GOA_RUNOFF_DISCHARGE:q,58.069320239858385,-154.46915010358515,1980-03-05T00:00:00Z,7.509303448135304
urn:ioos:station:GOA_RUNOFF_DISCHARGE,urn:ioos:sensor:GOA_RUNOFF_DISCHARGE:q,58.069320239858385,-154.46915010358515,1980-03-06T00:00:00Z,6.916668474762189
urn:ioos:station:GOA_RUNOFF_DISCHARGE,urn:ioos:sensor:GOA_RUNOFF_DISCHARGE:q,58.069320239858385,-154.46915010358515,1980-03-07T00:00:00Z,6.383437449390966
urn:ioos:station:GOA_RUNOFF_DISCHARGE,urn:ioos:sensor:GOA_RUNOFF_DISCHARGE:q,58.069320239858385,-154.46915010358515,1980-03-08T00:00:00Z,10.148694540519688
urn:ioos:station:GOA_RUNOFF_DISCHARGE,urn:ioos:sensor:GOA_RUNOFF_DISCHARGE:q,58.069320239858385,-154.46915010358515,1980-03-09T00:00:00Z,9.440389577897708
urn:ioos:station:GOA_RUNOFF_DISCHARGE,urn:ioos:sensor:GOA_RUNOFF_DISCHARGE:q,58.069320239858385,-154.46915010358515,1980-03-10T00:00:00Z,7.637027251257737
urn:ioos:station:GOA_RUNOFF_DISCHARGE,urn:ioos:sensor:GOA_RUNOFF_DISCHARGE:q,58.069320239858385,-154.46915010358515,1980-03-11T00:00:00Z,6.154635475971037
urn:ioos:station:GOA_RUNOFF_DISCHARGE,urn:ioos:sensor:GOA_RUNOFF_DISCHARGE:q,58.069320239858385,-154.46915010358515,1980-03-12T00:00:00Z,4.029518515961223
urn:ioos:station:GOA_RUNOFF_DISCHARGE,urn:ioos:sensor:GOA_RUNOFF_DISCHARGE:q,58.069320239858385,-154.46915010358515,1980-03-13T00:00:00Z,2.617902509064423
urn:ioos:station:GOA_RUNOFF_DISCHARGE,urn:ioos:sensor:GOA_RUNOFF_DISCHARGE:q,58.069320239858385,-154.46915010358515,1980-03-14T00:00:00Z,1.6996736631453515
urn:ioos:station:GOA_RUNOFF_DISCHARGE,urn:ioos:sensor:GOA_RUNOFF_DISCHARGE:q,58.069320239858385,-154.46915010358515,1980-03-15T00:00:00Z,1.1034501331938713
urn:ioos:station:GOA_RUNOFF_DISCHARGE,urn:ioos:sensor:GOA_RUNOFF_DISCHARGE:q,58.069320239858385,-154.46915010358515,1980-03-16T00:00:00Z,0.7163704828018533
urn:ioos:station:GOA_RUNOFF_DISCHARGE,urn:ioos:sensor:GOA_RUNOFF_DISCHARGE:q,58.069320239858385,-154.46915010358515,1980-03-17T00:00:00Z,0.46507446585522405
urn:ioos:station:GOA_RUNOFF_DISCHARGE,urn:ioos:sensor:GOA_RUNOFF_DISCHARGE:q,58.069320239858385,-154.46915010358515,1980-03-18T00:00:00Z,0.3019307114251668
urn:ioos:station:GOA_RUNOFF_DISCHARGE,urn:ioos:sensor:GOA_RUNOFF_DISCHARGE:q,58.069320239858385,-154.46915010358515,1980-03-19T00:00:00Z,0.1960162449728061
urn:ioos:station:GOA_RUNOFF_DISCHARGE,urn:ioos:sensor:GOA_RUNOFF_DISCHARGE:q,58.069320239858385,-154.46915010358515,1980-03-20T00:00:00Z,0.12725559038803969
urn:ioos:station:GOA_RUNOFF_DISCHARGE,urn:ioos:sensor:GOA_RUNOFF_DISCHARGE:q,58.069320239858385,-154.46915010358515,1980-03-21T00:00:00Z,7.333903774798467
urn:ioos:station:GOA_RUNOFF_DISCHARGE,urn:ioos:sensor:GOA_RUNOFF_DISCHARGE:q,58.069320239858385,-154.46915010358515,1980-03-22T00:00:00Z,8.56812569839681
urn:ioos:station:GOA_RUNOFF_DISCHARGE,urn:ioos:sensor:GOA_RUNOFF_DISCHARGE:q,58.069320239858385,-154.46915010358515,1980-03-23T00:00:00Z,8.005427923629615
urn:ioos:station:GOA_RUNOFF_DISCHARGE,urn:ioos:sensor:GOA_RUNOFF_DISCHARGE:q,58.069320239858385,-154.46915010358515,1980-03-24T00:00:00Z,10.786003770803497
urn:ioos:station:GOA_RUNOFF_DISCHARGE,urn:ioos:sensor:GOA_RUNOFF_DISCHARGE:q,58.069320239858385,-154.46915010358515,1980-03-25T00:00:00Z,10.495737660727395
urn:ioos:station:GOA_RUNOFF_DISCHARGE,urn:ioos:sensor:GOA_RUNOFF_DISCHARGE:q,58.069320239858385,-154.46915010358515,1980-03-26T00:00:00Z,8.901472642332479
urn:ioos:station:GOA_RUNOFF_DISCHARGE,urn:ioos:sensor:GOA_RUNOFF_DISCHARGE:q,58.069320239858385,-154.46915010358515,1980-03-27T00:00:00Z,6.608506350444743
urn:ioos:station:GOA_RUNOFF_DISCHARGE,urn:ioos:sensor:GOA_RUNOFF_DISCHARGE:q,58.069320239858385,-154.46915010358515,1980-03-28T00:00:00Z,4.696110315301541
urn:ioos:station:GOA_RUNOFF_DISCHARGE,urn:ioos:sensor:GOA_RUNOFF_DISCHARGE:q,58.069320239858385,-154.46915010358515,1980-03-29T00:00:00Z,3.3257472839525173
urn:ioos:station:GOA_RUNOFF_DISCHARGE,urn:ioos:sensor:GOA_RUNOFF_DISCHARGE:q,58.069320239858385,-154.46915010358515,1980-03-30T00:00:00Z,2.4124964379369844
urn:ioos:station:GOA_RUNOFF_DISCHARGE,urn:ioos:sensor:GOA_RUNOFF_DISCHARGE:q,58.069320239858385,-154.46915010358515,1980-03-31T00:00:00Z,7.204046637115507
urn:ioos:station:GOA_RUNOFF_DISCHARGE,urn:ioos:sensor:GOA_RUNOFF_DISCHARGE:q,58.069320239858385,-154.46915010358515,1980-04-01T00:00:00Z,7.217127651053737
urn:ioos:station:GOA_RUNOFF_DISCHARGE,urn:ioos:sensor:GOA_RUNOFF_DISCHARGE:q,58.069320239858385,-154.46915010358515,1980-04-02T00:00:00Z,9.415260012381326
urn:ioos:station:GOA_RUNOFF_DISCHARGE,urn:ioos:sensor:GOA_RUNOFF_DISCHARGE:q,58.069320239858385,-154.46915010358515,1980-04-03T00:00:00Z,6.873810762228146
urn:ioos:station:GOA_RUNOFF_DISCHARGE,urn:ioos:sensor:GOA_RUNOFF_DISCHARGE:q,58.069320239858385,-154.46915010358515,1980-04-04T00:00:00Z,7.689434977507726
urn:ioos:station:GOA_RUNOFF_DISCHARGE,urn:ioos:sensor:GOA_RUNOFF_DISCHARGE:q,58.069320239858385,-154.46915010358515,1980-04-05T00:00:00Z,9.570309336896084
urn:ioos:station:GOA_RUNOFF_DISCHARGE,urn:ioos:sensor:GOA_RUNOFF_DISCHARGE:q,58.069320239858385,-154.46915010358515,1980-04-06T00:00:00Z,8.284944216635552
urn:ioos:station:GOA_RUNOFF_DISCHARGE,urn:ioos:sensor:GOA_RUNOFF_DISCHARGE:q,58.069320239858385,-154.46915010358515,1980-04-07T00:00:00Z,6.416501503931429
urn:ioos:station:GOA_RUNOFF_DISCHARGE,urn:ioos:sensor:GOA_RUNOFF_DISCHARGE:q,58.069320239858385,-154.46915010358515,1980-04-08T00:00:00Z,4.572021179621033
urn:ioos:station:GOA_RUNOFF_DISCHARGE,urn:ioos:sensor:GOA_RUNOFF_DISCHARGE:q,58.069320239858385,-154.46915010358515,1980-04-09T00:00:00Z,3.2390964858747275
urn:ioos:station:GOA_RUNOFF_DISCHARGE,urn:ioos:sensor:GOA_RUNOFF_DISCHARGE:q,58.069320239858385,-154.46915010358515,1980-04-10T00:00:00Z,2.292921825491494
urn:ioos:station:GOA_RUNOFF_DISCHARGE,urn:ioos:sensor:GOA_RUNOFF_DISCHARGE:q,58.069320239858385,-154.46915010358515,1980-04-11T00:00:00Z,1.622950316922023
urn:ioos:station:GOA_RUNOFF_DISCHARGE,urn:ioos:sensor:GOA_RUNOFF_DISCHARGE:q,58.069320239858385,-154.46915010358515,1980-04-12T00:00:00Z,1.1487200161666504
urn:ioos:station:GOA_RUNOFF_DISCHARGE,urn:ioos:sensor:GOA_RUNOFF_DISCHARGE:q,58.069320239858385,-154.46915010358515,1980-04-13T00:00:00Z,0.8130593067164744
urn:ioos:station:GOA_RUNOFF_DISCHARGE,urn:ioos:sensor:GOA_RUNOFF_DISCHARGE:q,58.069320239858385,-154.46915010358515,1980-04-14T00:00:00Z,0.611343157132799
urn:ioos:station:GOA_RUNOFF_DISCHARGE,urn:ioos:sensor:GOA_RUNOFF_DISCHARGE:q,58.069320239858385,-154.46915010358515,1980-04-15T00:00:00Z,0.4876863847991808
urn:ioos:station:GOA_RUNOFF_DISCHARGE,urn:ioos:sensor:GOA_RUNOFF_DISCHARGE:q,58.069320239858385,-154.46915010358515,1980-04-16T00:00:00Z,0.34986581546736634
urn:ioos:station:GOA_RUNOFF_DISCHARGE,urn:ioos:sensor:GOA_RUNOFF_DISCHARGE:q,58.069320239858385,-154.46915010358515,1980-04-17T00:00:00Z,0.2481011787332128
urn:ioos:station:GOA_RUNOFF_DISCHARGE,urn:ioos:sensor:GOA_RUNOFF_DISCHARGE:q,58.069320239858385,-154.46915010358515,1980-04-18T00:00:00Z,0.97787926668238
urn:ioos:station:GOA_RUNOFF_DISCHARGE,urn:ioos:sensor:GOA_RUNOFF_DISCHARGE:q,58.069320239858385,-154.46915010358515,1980-04-19T00:00:00Z,0.7300929705509569
urn:ioos:station:GOA_RUNOFF_DISCHARGE,urn:ioos:sensor:GOA_RUNOFF_DISCHARGE:q,58.069320239858385,-154.46915010358515,1980-04-20T00:00:00Z,0.5205466240604206
urn:ioos:station:GOA_RUNOFF_DISCHARGE,urn:ioos:sensor:GOA_RUNOFF_DISCHARGE:q,58.069320239858385,-154.46915010358515,1980-04-21T00:00:00Z,0.3688190577465759
urn:ioos:station:GOA_RUNOFF_DISCHARGE,urn:ioos:sensor:GOA_RUNOFF_DISCHARGE:q,58.069320239858385,-154.46915010358515,1980-04-22T00:00:00Z,1.9260894487101474
urn:ioos:station:GOA_RUNOFF_DISCHARGE,urn:ioos:sensor:GOA_RUNOFF_DISCHARGE:q,58.069320239858385,-154.46915010358515,1980-04-23T00:00:00Z,1.6843223634084652
urn:ioos:station:GOA_RUNOFF_DISCHARGE,urn:ioos:sensor:GOA_RUNOFF_DISCHARGE:q,58.069320239858385,-154.46915010358515,1980-04-24T00:00:00Z,1.2543649379811412
urn:ioos:station:GOA_RUNOFF_DISCHARGE,urn:ioos:sensor:GOA_RUNOFF_DISCHARGE:q,58.069320239858385,-154.46915010358515,1980-04-25T00:00:00Z,1.001802056303121
urn:ioos:station:GOA_RUNOFF_DISCHARGE,urn:ioos:sensor:GOA_RUNOFF_DISCHARGE:q,58.069320239858385,-154.46915010358515,1980-04-26T00:00:00Z,0.7146703667112211
urn:ioos:station:GOA_RUNOFF_DISCHARGE,urn:ioos:sensor:GOA_RUNOFF_DISCHARGE:q,58.069320239858385,-154.46915010358515,1980-04-27T00:00:00Z,0.9308153356458422
urn:ioos:station:GOA_RUNOFF_DISCHARGE,urn:ioos:sensor:GOA_RUNOFF_DISCHARGE:q,58.069320239858385,-154.46915010358515,1980-04-28T00:00:00Z,0.7404802154671496
urn:ioos:station:GOA_RUNOFF_DISCHARGE,urn:ioos:sensor:GOA_RUNOFF_DISCHARGE:q,58.069320239858385,-154.46915010358515,1980-04-29T00:00:00Z,0.529029246930484
urn:ioos:station:GOA_RUNOFF_DISCHARGE,urn:ioos:sensor:GOA_RUNOFF_DISCHARGE:q,58.069320239858385,-154.46915010358515,1980-04-30T00:00:00Z,0.37493591704557866
urn:ioos:station:GOA_RUNOFF_DISCHARGE,urn:ioos:sensor:GOA_RUNOFF_DISCHARGE:q,58.069320239858385,-154.46915010358515,1980-05-01T00:00:00Z,0.4598115126550583
urn:ioos:station:GOA_RUNOFF_DISCHARGE,urn:ioos:sensor:GOA_RUNOFF_DISCHARGE:q,58.069320239858385,-154.46915010358515,1980-05-02T00:00:00Z,0.3346529140998481
urn:ioos:station:GOA_RUNOFF_DISCHARGE,urn:ioos:sensor:GOA_RUNOFF_DISCHARGE:q,58.069320239858385,-154.46915010358515,1980-05-03T00:00:00Z,0.2377845801329429
urn:ioos:station:GOA_RUNOFF_DISCHARGE,urn:ioos:sensor:GOA_RUNOFF_DISCHARGE:q,58.069320239858385,-154.46915010358515,1980-05-04T00:00:00Z,1.2150454613255746
urn:ioos:station:GOA_RUNOFF_DISCHARGE,urn:ioos:sensor:GOA_RUNOFF_DISCHARGE:q,58.069320239858385,-154.46915010358515,1980-05-05T00:00:00Z,0.9095252066416522
urn:ioos:station:GOA_RUNOFF_DISCHARGE,urn:ioos:sensor:GOA_RUNOFF_DISCHARGE:q,58.069320239858385,-154.46915010358515,1980-05-06T00:00:00Z,0.6487030865338606
urn:ioos:station:GOA_RUNOFF_DISCHARGE,urn:ioos:sensor:GOA_RUNOFF_DISCHARGE:q,58.069320239858385,-154.46915010358515,1980-05-07T00:00:00Z,0.45964292186575667
urn:ioos:station:GOA_RUNOFF_DISCHARGE,urn:ioos:sensor:GOA_RUNOFF_DISCHARGE:q,58.069320239858385,-154.46915010358515,1980-05-08T00:00:00Z,0.3253825256064228
urn:ioos:station:GOA_RUNOFF_DISCHARGE,urn:ioos:sensor:GOA_RUNOFF_DISCHARGE:q,58.069320239858385,-154.46915010358515,1980-05-09T00:00:00Z,0.30149035596711765
urn:ioos:station:GOA_RUNOFF_DISCHARGE,urn:ioos:sensor:GOA_RUNOFF_DISCHARGE:q,58.069320239858385,-154.46915010358515,1980-05-10T00:00:00Z,0.21676129884022358
urn:ioos:station:GOA_RUNOFF_DISCHARGE,urn:ioos:sensor:GOA_RUNOFF_DISCHARGE:q,58.069320239858385,-154.46915010358515,1980-05-11T00:00:00Z,1.8903404394924637
urn:ioos:station:GOA_RUNOFF_DISCHARGE,urn:ioos:sensor:GOA_RUNOFF_DISCHARGE:q,58.069320239858385,-154.46915010358515,1980-05-12T00:00:00Z,1.7284931502054968
urn:ioos:station:GOA_RUNOFF_DISCHARGE,urn:ioos:sensor:GOA_RUNOFF_DISCHARGE:q,58.069320239858385,-154.46915010358515,1980-05-13T00:00:00Z,2.3163806122141724
urn:ioos:station:GOA_RUNOFF_DISCHARGE,urn:ioos:sensor:GOA_RUNOFF_DISCHARGE:q,58.069320239858385,-154.46915010358515,1980-05-14T00:00:00Z,1.8181168820769957
urn:ioos:station:GOA_RUNOFF_DISCHARGE,urn:ioos:sensor:GOA_RUNOFF_DISCHARGE:q,58.069320239858385,-154.46915010358515,1980-05-15T00:00:00Z,1.2980835620447901
urn:ioos:station:GOA_RUNOFF_DISCHARGE,urn:ioos:sensor:GOA_RUNOFF_DISCHARGE:q,58.069320239858385,-154.46915010358515,1980-05-16T00:00:00Z,0.9198990327045411
urn:ioos:station:GOA_RUNOFF_DISCHARGE,urn:ioos:sensor:GOA_RUNOFF_DISCHARGE:q,58.069320239858385,-154.46915010358515,1980-05-17T00:00:00Z,1.334563898767529
urn:ioos:station:GOA_RUNOFF_DISCHARGE,urn:ioos:sensor:GOA_RUNOFF_DISCHARGE:q,58.069320239858385,-154.46915010358515,1980-05-18T00:00:00Z,1.5504782476056649
urn:ioos:station:GOA_RUNOFF_DISCHARGE,urn:ioos:sensor:GOA_RUNOFF_DISCHARGE:q,58.069320239858385,-154.46915010358515,1980-05-19T00:00:00Z,4.4553108345689685
urn:ioos:station:GOA_RUNOFF_DISCHARGE,urn:ioos:sensor:GOA_RUNOFF_DISCHARGE:q,58.069320239858385,-154.46915010358515,1980-05-20T00:00:00Z,3.4760073934116877
urn:ioos:station:GOA_RUNOFF_DISCHARGE,urn:ioos:sensor:GOA_RUNOFF_DISCHARGE:q,58.069320239858385,-154.46915010358515,1980-05-21T00:00:00Z,2.483992877683728
urn:ioos:station:GOA_RUNOFF_DISCHARGE,urn:ioos:sensor:GOA_RUNOFF_DISCHARGE:q,58.069320239858385,-154.46915010358515,1980-05-22T00:00:00Z,1.7605250055006538
urn:ioos:station:GOA_RUNOFF_DISCHARGE,urn:ioos:sensor:GOA_RUNOFF_DISCHARGE:q,58.069320239858385,-154.46915010358515,1980-05-23T00:00:00Z,1.2463278341965012
urn:ioos:station:GOA_RUNOFF_DISCHARGE,urn:ioos:sensor:GOA_RUNOFF_DISCHARGE:q,58.069320239858385,-154.46915010358515,1980-05-24T00:00:00Z,1.4110776740760254
urn:ioos:station:GOA_RUNOFF_DISCHARGE,urn:ioos:sensor:GOA_RUNOFF_DISCHARGE:q,58.069320239858385,-154.46915010358515,1980-05-25T00:00:00Z,3.1037057814499764
urn:ioos:station:GOA_RUNOFF_DISCHARGE,urn:ioos:sensor:GOA_RUNOFF_DISCHARGE:q,58.069320239858385,-154.46915010358515,1980-05-26T00:00:00Z,2.6603318707518286
urn:ioos:station:GOA_RUNOFF_DISCHARGE,urn:ioos:sensor:GOA_RUNOFF_DISCHARGE:q,58.069320239858385,-154.46915010358515,1980-05-27T00:00:00Z,3.307482645917476
urn:ioos:station:GOA_RUNOFF_DISCHARGE,urn:ioos:sensor:GOA_RUNOFF_DISCHARGE:q,58.069320239858385,-154.46915010358515,1980-05-28T00:00:00Z,2.40983950498284
urn:ioos:station:GOA_RUNOFF_DISCHARGE,urn:ioos:sensor:GOA_RUNOFF_DISCHARGE:q,58.069320239858385,-154.46915010358515,1980-05-29T00:00:00Z,1.7125457639556758
urn:ioos:station:GOA_RUNOFF_DISCHARGE,urn:ioos:sensor:GOA_RUNOFF_DISCHARGE:q,58.069320239858385,-154.46915010358515,1980-05-30T00:00:00Z,1.65091402319059
urn:ioos:station:GOA_RUNOFF_DISCHARGE,urn:ioos:sensor:GOA_RUNOFF_DISCHARGE:q,58.069320239858385,-154.46915010358515,1980-05-31T00:00:00Z,2.535380507967861
urn:ioos:station:GOA_RUNOFF_DISCHARGE,urn:ioos:sensor:GOA_RUNOFF_DISCHARGE:q,58.069320239858385,-154.46915010358515,1980-06-01T00:00:00Z,1.8602843130102071
urn:ioos:station:GOA_RUNOFF_DISCHARGE,urn:ioos:sensor:GOA_RUNOFF_DISCHARGE:q,58.069320239858385,-154.46915010358515,1980-06-02T00:00:00Z,1.3232669345317725
urn:ioos:station:GOA_RUNOFF_DISCHARGE,urn:ioos:sensor:GOA_RUNOFF_DISCHARGE:q,58.069320239858385,-154.46915010358515,1980-06-03T00:00:00Z,0.9372580954776562
urn:ioos:station:GOA_RUNOFF_DISCHARGE,urn:ioos:sensor:GOA_RUNOFF_DISCHARGE:q,58.069320239858385,-154.46915010358515,1980-06-04T00:00:00Z,0.6634526427902431
urn:ioos:station:GOA_RUNOFF_DISCHARGE,urn:ioos:sensor:GOA_RUNOFF_DISCHARGE:q,58.069320239858385,-154.46915010358515,1980-06-05T00:00:00Z,0.46959540251277676
urn:ioos:station:GOA_RUNOFF_DISCHARGE,urn:ioos:sensor:GOA_RUNOFF_DISCHARGE:q,58.069320239858385,-154.46915010358515,1980-06-06T00:00:00Z,0.3323781553500902
urn:ioos:station:GOA_RUNOFF_DISCHARGE,urn:ioos:sensor:GOA_RUNOFF_DISCHARGE:q,58.069320239858385,-154.46915010358515,1980-06-07T00:00:00Z,0.7294896483818291
urn:ioos:station:GOA_RUNOFF_DISCHARGE,urn:ioos:sensor:GOA_RUNOFF_DISCHARGE:q,58.069320239858385,-154.46915010358515,1980-06-08T00:00:00Z,0.5397094043651162
urn:ioos:station:GOA_RUNOFF_DISCHARGE,urn:ioos:sensor:GOA_RUNOFF_DISCHARGE:q,58.069320239858385,-154.46915010358515,1980-06-09T00:00:00Z,0.3843385864899543
urn:ioos:station:GOA_RUNOFF_DISCHARGE,urn:ioos:sensor:GOA_RUNOFF_DISCHARGE:q,58.069320239858385,-154.46915010358515,1980-06-10T00:00:00Z,0.27226629705773336
urn:ioos:station:GOA_RUNOFF_DISCHARGE,urn:ioos:sensor:GOA_RUNOFF_DISCHARGE:q,58.069320239858385,-154.46915010358515,1980-06-11T00:00:00Z,0.19273216151811573
urn:ioos:station:GOA_RUNOFF_DISCHARGE,urn:ioos:sensor:GOA_RUNOFF_DISCHARGE:q,58.069320239858385,-154.46915010358515,1980-06-12T00:00:00Z,0.13641727959183528
urn:ioos:station:GOA_RUNOFF_DISCHARGE,urn:ioos:sensor:GOA_RUNOFF_DISCHARGE:q,58.069320239858385,-154.46915010358515,1980-06-13T00:00:00Z,0.49840331252301284
urn:ioos:station:GOA_RUNOFF_DISCHARGE,urn:ioos:sensor:GOA_RUNOFF_DISCHARGE:q,58.069320239858385,-154.46915010358515,1980-06-14T00:00:00Z,0.3717772242237819
urn:ioos:station:GOA_RUNOFF_DISCHARGE,urn:ioos:sensor:GOA_RUNOFF_DISCHARGE:q,58.069320239858385,-154.46915010358515,1980-06-15T00:00:00Z,0.26504052411310264
urn:ioos:station:GOA_RUNOFF_DISCHARGE,urn:ioos:sensor:GOA_RUNOFF_DISCHARGE:q,58.069320239858385,-154.46915010358515,1980-06-16T00:00:00Z,0.1877840744750665
urn:ioos:station:GOA_RUNOFF_DISCHARGE,urn:ioos:sensor:GOA_RUNOFF_DISCHARGE:q,58.069320239858385,-154.46915010358515,1980-06-17T00:00:00Z,0.132931666667491
urn:ioos:station:GOA_RUNOFF_DISCHARGE,urn:ioos:sensor:GOA_RUNOFF_DISCHARGE:q,58.069320239858385,-154.46915010358515,1980-06-18T00:00:00Z,0.09409032710657338
urn:ioos:station:GOA_RUNOFF_DISCHARGE,urn:ioos:sensor:GOA_RUNOFF_DISCHARGE:q,58.069320239858385,-154.46915010358515,1980-06-19T00:00:00Z,0.06659690560121807
urn:ioos:station:GOA_RUNOFF_DISCHARGE,urn:ioos:sensor:GOA_RUNOFF_DISCHARGE:q,58.069320239858385,-154.46915010358515,1980-06-20T00:00:00Z,0.04713701527525746
urn:ioos:station:GOA_RUNOFF_DISCHARGE,urn:ioos:sensor:GOA_RUNOFF_DISCHARGE:q,58.069320239858385,-154.46915010358515,1980-06-21T00:00:00Z,4.278991048879126
urn:ioos:station:GOA_RUNOFF_DISCHARGE,urn:ioos:sensor:GOA_RUNOFF_DISCHARGE:q,58.069320239858385,-154.46915010358515,1980-06-22T00:00:00Z,3.229491744286484
urn:ioos:station:GOA_RUNOFF_DISCHARGE,urn:ioos:sensor:GOA_RUNOFF_DISCHARGE:q,58.069320239858385,-154.46915010358515,1980-06-23T00:00:00Z,2.338884292319348
urn:ioos:station:GOA_RUNOFF_DISCHARGE,urn:ioos:sensor:GOA_RUNOFF_DISCHARGE:q,58.069320239858385,-154.46915010358515,1980-06-24T00:00:00Z,1.6590159847661983
urn:ioos:station:GOA_RUNOFF_DISCHARGE,urn:ioos:sensor:GOA_RUNOFF_DISCHARGE:q,58.069320239858385,-154.46915010358515,1980-06-25T00:00:00Z,1.5076931547483243
urn:ioos:station:GOA_RUNOFF_DISCHARGE,urn:ioos:sensor:GOA_RUNOFF_DISCHARGE:q,58.069320239858385,-154.46915010358515,1980-06-26T00:00:00Z,2.111765727202114
urn:ioos:station:GOA_RUNOFF_DISCHARGE,urn:ioos:sensor:GOA_RUNOFF_DISCHARGE:q,58.069320239858385,-154.46915010358515,1980-06-27T00:00:00Z,1.5449448124212586
urn:ioos:station:GOA_RUNOFF_DISCHARGE,urn:ioos:sensor:GOA_RUNOFF_DISCHARGE:q,58.069320239858385,-154.46915010358515,1980-06-28T00:00:00Z,1.0985226513262996
urn:ioos:station:GOA_RUNOFF_DISCHARGE,urn:ioos:sensor:GOA_RUNOFF_DISCHARGE:q,58.069320239858385,-154.46915010358515,1980-06-29T00:00:00Z,0.7780304426260924
urn:ioos:station:GOA_RUNOFF_DISCHARGE,urn:ioos:sensor:GOA_RUNOFF_DISCHARGE:q,58.069320239858385,-154.46915010358515,1980-06-30T00:00:00Z,0.5507365115142123
urn:ioos:station:GOA_RUNOFF_DISCHARGE,urn:ioos:sensor:GOA_RUNOFF_DISCHARGE:q,58.069320239858385,-154.46915010358515,1980-07-01T00:00:00Z,0.38981387331004425
urn:ioos:station:GOA_RUNOFF_DISCHARGE,urn:ioos:sensor:GOA_RUNOFF_DISCHARGE:q,58.069320239858385,-154.46915010358515,1980-07-02T00:00:00Z,0.27590902238950915
urn:ioos:station:GOA_RUNOFF_DISCHARGE,urn:ioos:sensor:GOA_RUNOFF_DISCHARGE:q,58.069320239858385,-154.46915010358515,1980-07-03T00:00:00Z,0.32028832764229037
urn:ioos:station:GOA_RUNOFF_DISCHARGE,urn:ioos:sensor:GOA_RUNOFF_DISCHARGE:q,58.069320239858385,-154.46915010358515,1980-07-04T00:00:00Z,0.23261185885444102
urn:ioos:station:GOA_RUNOFF_DISCHARGE,urn:ioos:sensor:GOA_RUNOFF_DISCHARGE:q,58.069320239858385,-154.46915010358515,1980-07-05T00:00:00Z,0.16523212925414757
urn:ioos:station:GOA_RUNOFF_DISCHARGE,urn:ioos:sensor:GOA_RUNOFF_DISCHARGE:q,58.069320239858385,-154.46915010358515,1980-07-06T00:00:00Z,0.7337123773361828
urn:ioos:station:GOA_RUNOFF_DISCHARGE,urn:ioos:sensor:GOA_RUNOFF_DISCHARGE:q,58.069320239858385,-154.46915010358515,1980-07-07T00:00:00Z,0.5484976350413034
urn:ioos:station:GOA_RUNOFF_DISCHARGE,urn:ioos:sensor:GOA_RUNOFF_DISCHARGE:q,58.069320239858385,-154.46915010358515,1980-07-08T00:00:00Z,0.39113796550405416
urn:ioos:station:GOA_RUNOFF_DISCHARGE,urn:ioos:sensor:GOA_RUNOFF_DISCHARGE:q,58.069320239858385,-154.46915010358515,1980-07-09T00:00:00Z,0.2771367159094178
urn:ioos:station:GOA_RUNOFF_DISCHARGE,urn:ioos:sensor:GOA_RUNOFF_DISCHARGE:q,58.069320239858385,-154.46915010358515,1980-07-10T00:00:00Z,0.19618518110024422
urn:ioos:station:GOA_RUNOFF_DISCHARGE,urn:ioos:sensor:GOA_RUNOFF_DISCHARGE:q,58.069320239858385,-154.46915010358515,1980-07-11T00:00:00Z,2.047335892408424
urn:ioos:station:GOA_RUNOFF_DISCHARGE,urn:ioos:sensor:GOA_RUNOFF_DISCHARGE:q,58.069320239858385,-154.46915010358515,1980-07-12T00:00:00Z,3.5894843210470873
urn:ioos:station:GOA_RUNOFF_DISCHARGE,urn:ioos:sensor:GOA_RUNOFF_DISCHARGE:q,58.069320239858385,-154.46915010358515,1980-07-13T00:00:00Z,2.646617276445845
urn:ioos:station:GOA_RUNOFF_DISCHARGE,urn:ioos:sensor:GOA_RUNOFF_DISCHARGE:q,58.069320239858385,-154.46915010358515,1980-07-14T00:00:00Z,1.8838488718706918
urn:ioos:station:GOA_RUNOFF_DISCHARGE,urn:ioos:sensor:GOA_RUNOFF_DISCHARGE:q,58.069320239858385,-154.46915010358515,1980-07-15T00:00:00Z,1.3344366827759138
urn:ioos:station:GOA_RUNOFF_DISCHARGE,urn:ioos:sensor:GOA_RUNOFF_DISCHARGE:q,58.069320239858385,-154.46915010358515,1980-07-16T00:00:00Z,0.9446139293423598
urn:ioos:station:GOA_RUNOFF_DISCHARGE,urn:ioos:sensor:GOA_RUNOFF_DISCHARGE:q,58.069320239858385,-154.46915010358515,1980-07-17T00:00:00Z,0.6686041668850334
urn:ioos:station:GOA_RUNOFF_DISCHARGE,urn:ioos:sensor:GOA_RUNOFF_DISCHARGE:q,58.069320239858385,-154.46915010358515,1980-07-18T00:00:00Z,0.47323608870507994
urn:ioos:station:GOA_RUNOFF_DISCHARGE,urn:ioos:sensor:GOA_RUNOFF_DISCHARGE:q,58.069320239858385,-154.46915010358515,1980-07-19T00:00:00Z,0.33495447651637306
urn:ioos:station:GOA_RUNOFF_DISCHARGE,urn:ioos:sensor:GOA_RUNOFF_DISCHARGE:q,58.069320239858385,-154.46915010358515,1980-07-20T00:00:00Z,0.2370793174348567
urn:ioos:station:GOA_RUNOFF_DISCHARGE,urn:ioos:sensor:GOA_RUNOFF_DISCHARGE:q,58.069320239858385,-154.46915010358515,1980-07-21T00:00:00Z,0.16780368146521218
urn:ioos:station:GOA_RUNOFF_DISCHARGE,urn:ioos:sensor:GOA_RUNOFF_DISCHARGE:q,58.069320239858385,-154.46915010358515,1980-07-22T00:00:00Z,0.1187706981530793
urn:ioos:station:GOA_RUNOFF_DISCHARGE,urn:ioos:sensor:GOA_RUNOFF_DISCHARGE:q,58.069320239858385,-154.46915010358515,1980-07-23T00:00:00Z,0.08406538300724566
urn:ioos:station:GOA_RUNOFF_DISCHARGE,urn:ioos:sensor:GOA_RUNOFF_DISCHARGE:q,58.069320239858385,-154.46915010358515,1980-07-24T00:00:00Z,0.05950110313095774
urn:ioos:station:GOA_RUNOFF_DISCHARGE,urn:ioos:sensor:GOA_RUNOFF_DISCHARGE:q,58.069320239858385,-154.46915010358515,1980-07-25T00:00:00Z,0.0421146147541694
urn:ioos:station:GOA_RUNOFF_DISCHARGE,urn:ioos:sensor:GOA_RUNOFF_DISCHARGE:q,58.069320239858385,-154.46915010358515,1980-07-26T00:00:00Z,0.0298085354830635
urn:ioos:station:GOA_RUNOFF_DISCHARGE,urn:ioos:sensor:GOA_RUNOFF_DISCHARGE:q,58.069320239858385,-154.46915010358515,1980-07-27T00:00:00Z,0.021098349170139676
urn:ioos:station:GOA_RUNOFF_DISCHARGE,urn:ioos:sensor:GOA_RUNOFF_DISCHARGE:q,58.069320239858385,-154.46915010358515,1980-07-28T00:00:00Z,0.01493331828447222
urn:ioos:station:GOA_RUNOFF_DISCHARGE,urn:ioos:sensor:GOA_RUNOFF_DISCHARGE:q,58.069320239858385,-154.46915010358515,1980-07-29T00:00:00Z,0.010569735565488167
urn:ioos:station:GOA_RUNOFF_DISCHARGE,urn:ioos:sensor:GOA_RUNOFF_DISCHARGE:q,58.069320239858385,-154.46915010358515,1980-07-30T00:00:00Z,0.2760882693270226
urn:ioos:station:GOA_RUNOFF_DISCHARGE,urn:ioos:sensor:GOA_RUNOFF_DISCHARGE:q,58.069320239858385,-154.46915010358515,1980-07-31T00:00:00Z,0.20812060977168498
urn:ioos:station:GOA_RUNOFF_DISCHARGE,urn:ioos:sensor:GOA_RUNOFF_DISCHARGE:q,58.069320239858385,-154.46915010358515,1980-08-01T00:00:00Z,0.1485757144760852
urn:ioos:station:GOA_RUNOFF_DISCHARGE,urn:ioos:sensor:GOA_RUNOFF_DISCHARGE:q,58.069320239858385,-154.46915010358515,1980-08-02T00:00:00Z,0.1052879326270585
urn:ioos:station:GOA_RUNOFF_DISCHARGE,urn:ioos:sensor:GOA_RUNOFF_DISCHARGE:q,58.069320239858385,-154.46915010358515,1980-08-03T00:00:00Z,0.07453498778638684
urn:ioos:station:GOA_RUNOFF_DISCHARGE,urn:ioos:sensor:GOA_RUNOFF_DISCHARGE:q,58.069320239858385,-154.46915010358515,1980-08-04T00:00:00Z,0.05275679732729202
urn:ioos:station:GOA_RUNOFF_DISCHARGE,urn:ioos:sensor:GOA_RUNOFF_DISCHARGE:q,58.069320239858385,-154.46915010358515,1980-08-05T00:00:00Z,0.03734115369547389
urn:ioos:station:GOA_RUNOFF_DISCHARGE,urn:ioos:sensor:GOA_RUNOFF_DISCHARGE:q,58.069320239858385,-154.46915010358515,1980-08-06T00:00:00Z,0.02642991776909211
urn:ioos:station:GOA_RUNOFF_DISCHARGE,urn:ioos:sensor:GOA_RUNOFF_DISCHARGE:q,58.069320239858385,-154.46915010358515,1980-08-07T00:00:00Z,0.018706979187374857
urn:ioos:station:GOA_RUNOFF_DISCHARGE,urn:ioos:sensor:GOA_RUNOFF_DISCHARGE:q,58.069320239858385,-154.46915010358515,1980-08-08T00:00:00Z,0.7968425567201882
urn:ioos:station:GOA_RUNOFF_DISCHARGE,urn:ioos:sensor:GOA_RUNOFF_DISCHARGE:q,58.069320239858385,-154.46915010358515,1980-08-09T00:00:00Z,0.6010702355844589
urn:ioos:station:GOA_RUNOFF_DISCHARGE,urn:ioos:sensor:GOA_RUNOFF_DISCHARGE:q,58.069320239858385,-154.46915010358515,1980-08-10T00:00:00Z,0.42913647445351233
urn:ioos:station:GOA_RUNOFF_DISCHARGE,urn:ioos:sensor:GOA_RUNOFF_DISCHARGE:q,58.069320239858385,-154.46915010358515,1980-08-11T00:00:00Z,0.30411051863206207
urn:ioos:station:GOA_RUNOFF_DISCHARGE,urn:ioos:sensor:GOA_RUNOFF_DISCHARGE:q,58.069320239858385,-154.46915010358515,1980-08-12T00:00:00Z,0.21528496186203933
urn:ioos:station:GOA_RUNOFF_DISCHARGE,urn:ioos:sensor:GOA_RUNOFF_DISCHARGE:q,58.069320239858385,-154.46915010358515,1980-08-13T00:00:00Z,0.15238142296361287
urn:ioos:station:GOA_RUNOFF_DISCHARGE,urn:ioos:sensor:GOA_RUNOFF_DISCHARGE:q,58.069320239858385,-154.46915010358515,1980-08-14T00:00:00Z,0.10785525855711936
urn:ioos:station:GOA_RUNOFF_DISCHARGE,urn:ioos:sensor:GOA_RUNOFF_DISCHARGE:q,58.069320239858385,-154.46915010358515,1980-08-15T00:00:00Z,0.48759258438343983
urn:ioos:station:GOA_RUNOFF_DISCHARGE,urn:ioos:sensor:GOA_RUNOFF_DISCHARGE:q,58.069320239858385,-154.46915010358515,1980-08-16T00:00:00Z,0.7573686316942431
urn:ioos:station:GOA_RUNOFF_DISCHARGE,urn:ioos:sensor:GOA_RUNOFF_DISCHARGE:q,58.069320239858385,-154.46915010358515,1980-08-17T00:00:00Z,0.5565863422103395
urn:ioos:station:GOA_RUNOFF_DISCHARGE,urn:ioos:sensor:GOA_RUNOFF_DISCHARGE:q,58.069320239858385,-154.46915010358515,1980-08-18T00:00:00Z,1.5568941697308711
urn:ioos:station:GOA_RUNOFF_DISCHARGE,urn:ioos:sensor:GOA_RUNOFF_DISCHARGE:q,58.069320239858385,-154.46915010358515,1980-08-19T00:00:00Z,1.1570839084964526
urn:ioos:station:GOA_RUNOFF_DISCHARGE,urn:ioos:sensor:GOA_RUNOFF_DISCHARGE:q,58.069320239858385,-154.46915010358515,1980-08-20T00:00:00Z,0.8244831580503825
urn:ioos:station:GOA_RUNOFF_DISCHARGE,urn:ioos:sensor:GOA_RUNOFF_DISCHARGE:q,58.069320239858385,-154.46915010358515,1980-08-21T00:00:00Z,0.5841151197630026
urn:ioos:station:GOA_RUNOFF_DISCHARGE,urn:ioos:sensor:GOA_RUNOFF_DISCHARGE:q,58.069320239858385,-154.46915010358515,1980-08-22T00:00:00Z,0.4134890061528996
urn:ioos:station:GOA_RUNOFF_DISCHARGE,urn:ioos:sensor:GOA_RUNOFF_DISCHARGE:q,58.069320239858385,-154.46915010358515,1980-08-23T00:00:00Z,0.2926711764160313
urn:ioos:station:GOA_RUNOFF_DISCHARGE,urn:ioos:sensor:GOA_RUNOFF_DISCHARGE:q,58.069320239858385,-154.46915010358515,1980-08-24T00:00:00Z,0.20715190340947348
urn:ioos:station:GOA_RUNOFF_DISCHARGE,urn:ioos:sensor:GOA_RUNOFF_DISCHARGE:q,58.069320239858385,-154.46915010358515,1980-08-25T00:00:00Z,0.1466212486255887
urn:ioos:station:GOA_RUNOFF_DISCHARGE,urn:ioos:sensor:GOA_RUNOFF_DISCHARGE:q,58.069320239858385,-154.46915010358515,1980-08-26T00:00:00Z,0.10377787584654663
urn:ioos:station:GOA_RUNOFF_DISCHARGE,urn:ioos:sensor:GOA_RUNOFF_DISCHARGE:q,58.069320239858385,-154.46915010358515,1980-08-27T00:00:00Z,0.07345352030027354
urn:ioos:station:GOA_RUNOFF_DISCHARGE,urn:ioos:sensor:GOA_RUNOFF_DISCHARGE:q,58.069320239858385,-154.46915010358515,1980-08-28T00:00:00Z,0.12912385326179804
urn:ioos:station:GOA_RUNOFF_DISCHARGE,urn:ioos:sensor:GOA_RUNOFF_DISCHARGE:q,58.069320239858385,-154.46915010358515,1980-08-29T00:00:00Z,0.09504212834476983
urn:ioos:station:GOA_RUNOFF_DISCHARGE,urn:ioos:sensor:GOA_RUNOFF_DISCHARGE:q,58.069320239858385,-154.46915010358515,1980-08-30T00:00:00Z,0.06763476181409415
urn:ioos:station:GOA_RUNOFF_DISCHARGE,urn:ioos:sensor:GOA_RUNOFF_DISCHARGE:q,58.069320239858385,-154.46915010358515,1980-08-31T00:00:00Z,1.2806194506994883
urn:ioos:station:GOA_RUNOFF_DISCHARGE,urn:ioos:sensor:GOA_RUNOFF_DISCHARGE:q,58.069320239858385,-154.46915010358515,1980-09-01T00:00:00Z,0.08862257194679363
urn:ioos:station:GOA_RUNOFF_DISCHARGE,urn:ioos:sensor:GOA_RUNOFF_DISCHARGE:q,58.069320239858385,-154.46915010358515,1980-09-02T00:00:00Z,0.06272666821618555
urn:ioos:station:GOA_RUNOFF_DISCHARGE,urn:ioos:sensor:GOA_RUNOFF_DISCHARGE:q,58.069320239858385,-154.46915010358515,1980-09-03T00:00:00Z,0.04439766161920318
urn:ioos:station:GOA_RUNOFF_DISCHARGE,urn:ioos:sensor:GOA_RUNOFF_DISCHARGE:q,58.069320239858385,-154.46915010358515,1980-09-04T00:00:00Z,0.03142446718058877
urn:ioos:station:GOA_RUNOFF_DISCHARGE,urn:ioos:sensor:GOA_RUNOFF_DISCHARGE:q,58.069320239858385,-154.46915010358515,1980-09-05T00:00:00Z,0.022242098800286464
urn:ioos:station:GOA_RUNOFF_DISCHARGE,urn:ioos:sensor:GOA_RUNOFF_DISCHARGE:q,58.069320239858385,-154.46915010358515,1980-09-06T00:00:00Z,0.01574285768289846
urn:ioos:station:GOA_RUNOFF_DISCHARGE,urn:ioos:sensor:GOA_RUNOFF_DISCHARGE:q,58.069320239858385,-154.46915010358515,1980-09-07T00:00:00Z,0.6734811307166381
urn:ioos:station:GOA_RUNOFF_DISCHARGE,urn:ioos:sensor:GOA_RUNOFF_DISCHARGE:q,58.069320239858385,-154.46915010358515,1980-09-08T00:00:00Z,1.6013963495815515
urn:ioos:station:GOA_RUNOFF_DISCHARGE,urn:ioos:sensor:GOA_RUNOFF_DISCHARGE:q,58.069320239858385,-154.46915010358515,1980-09-09T00:00:00Z,1.1883124743967788
urn:ioos:station:GOA_RUNOFF_DISCHARGE,urn:ioos:sensor:GOA_RUNOFF_DISCHARGE:q,58.069320239858385,-154.46915010358515,1980-09-10T00:00:00Z,0.8465597371040812
urn:ioos:station:GOA_RUNOFF_DISCHARGE,urn:ioos:sensor:GOA_RUNOFF_DISCHARGE:q,58.069320239858385,-154.46915010358515,1980-09-11T00:00:00Z,0.5997381512792901
urn:ioos:station:GOA_RUNOFF_DISCHARGE,urn:ioos:sensor:GOA_RUNOFF_DISCHARGE:q,58.069320239858385,-154.46915010358515,1980-09-12T00:00:00Z,6.298139324349149
urn:ioos:station:GOA_RUNOFF_DISCHARGE,urn:ioos:sensor:GOA_RUNOFF_DISCHARGE:q,58.069320239858385,-154.46915010358515,1980-09-13T00:00:00Z,10.097218766787384
urn:ioos:station:GOA_RUNOFF_DISCHARGE,urn:ioos:sensor:GOA_RUNOFF_DISCHARGE:q,58.069320239858385,-154.46915010358515,1980-09-14T00:00:00Z,12.950496382472414
urn:ioos:station:GOA_RUNOFF_DISCHARGE,urn:ioos:sensor:GOA_RUNOFF_DISCHARGE:q,58.069320239858385,-154.46915010358515,1980-09-15T00:00:00Z,11.308076098750947
urn:ioos:station:GOA_RUNOFF_DISCHARGE,urn:ioos:sensor:GOA_RUNOFF_DISCHARGE:q,58.069320239858385,-154.46915010358515,1980-09-16T00:00:00Z,8.120328039059524
urn:ioos:station:GOA_RUNOFF_DISCHARGE,urn:ioos:sensor:GOA_RUNOFF_DISCHARGE:q,58.069320239858385,-154.46915010358515,1980-09-17T00:00:00Z,5.759168187141165
urn:ioos:station:GOA_RUNOFF_DISCHARGE,urn:ioos:sensor:GOA_RUNOFF_DISCHARGE:q,58.069320239858385,-154.46915010358515,1980-09-18T00:00:00Z,4.077475655865466
urn:ioos:station:GOA_RUNOFF_DISCHARGE,urn:ioos:sensor:GOA_RUNOFF_DISCHARGE:q,58.069320239858385,-154.46915010358515,1980-09-19T00:00:00Z,2.8861351251305236
urn:ioos:station:GOA_RUNOFF_DISCHARGE,urn:ioos:sensor:GOA_RUNOFF_DISCHARGE:q,58.069320239858385,-154.46915010358515,1980-09-20T00:00:00Z,2.9242420373654943
urn:ioos:station:GOA_RUNOFF_DISCHARGE,urn:ioos:sensor:GOA_RUNOFF_DISCHARGE:q,58.069320239858385,-154.46915010358515,1980-09-21T00:00:00Z,2.4336779663195838
urn:ioos:station:GOA_RUNOFF_DISCHARGE,urn:ioos:sensor:GOA_RUNOFF_DISCHARGE:q,58.069320239858385,-154.46915010358515,1980-09-22T00:00:00Z,1.7419526547413238
urn:ioos:station:GOA_RUNOFF_DISCHARGE,urn:ioos:sensor:GOA_RUNOFF_DISCHARGE:q,58.069320239858385,-154.46915010358515,1980-09-23T00:00:00Z,1.2671262674730166
urn:ioos:station:GOA_RUNOFF_DISCHARGE,urn:ioos:sensor:GOA_RUNOFF_DISCHARGE:q,58.069320239858385,-154.46915010358515,1980-09-24T00:00:00Z,0.8985850918136061
urn:ioos:station:GOA_RUNOFF_DISCHARGE,urn:ioos:sensor:GOA_RUNOFF_DISCHARGE:q,58.069320239858385,-154.46915010358515,1980-09-25T00:00:00Z,1.6665483028633234
urn:ioos:station:GOA_RUNOFF_DISCHARGE,urn:ioos:sensor:GOA_RUNOFF_DISCHARGE:q,58.069320239858385,-154.46915010358515,1980-09-26T00:00:00Z,4.801238874378607
urn:ioos:station:GOA_RUNOFF_DISCHARGE,urn:ioos:sensor:GOA_RUNOFF_DISCHARGE:q,58.069320239858385,-154.46915010358515,1980-09-27T00:00:00Z,4.849325203635245
urn:ioos:station:GOA_RUNOFF_DISCHARGE,urn:ioos:sensor:GOA_RUNOFF_DISCHARGE:q,58.069320239858385,-154.46915010358515,1980-09-28T00:00:00Z,3.6637684617889943
urn:ioos:station:GOA_RUNOFF_DISCHARGE,urn:ioos:sensor:GOA_RUNOFF_DISCHARGE:q,58.069320239858385,-154.46915010358515,1980-09-29T00:00:00Z,3.2693817853222304
urn:ioos:station:GOA_RUNOFF_DISCHARGE,urn:ioos:sensor:GOA_RUNOFF_DISCHARGE:q,58.069320239858385,-154.46915010358515,1980-09-30T00:00:00Z,2.346831147737651
urn:ioos:station:GOA_RUNOFF_DISCHARGE,urn:ioos:sensor:GOA_RUNOFF_DISCHARGE:q,58.069320239858385,-154.46915010358515,1980-10-01T00:00:00Z,1.6643498473970575
urn:ioos:station:GOA_RUNOFF_DISCHARGE,urn:ioos:sensor:GOA_RUNOFF_DISCHARGE:q,58.069320239858385,-154.46915010358515,1980-10-02T00:00:00Z,1.1783460815562599
urn:ioos:station:GOA_RUNOFF_DISCHARGE,urn:ioos:sensor:GOA_RUNOFF_DISCHARGE:q,58.069320239858385,-154.46915010358515,1980-10-03T00:00:00Z,0.8340607988172483
urn:ioos:station:GOA_RUNOFF_DISCHARGE,urn:ioos:sensor:GOA_RUNOFF_DISCHARGE:q,58.069320239858385,-154.46915010358515,1980-10-04T00:00:00Z,0.7666073148578036
urn:ioos:station:GOA_RUNOFF_DISCHARGE,urn:ioos:sensor:GOA_RUNOFF_DISCHARGE:q,58.069320239858385,-154.46915010358515,1980-10-05T00:00:00Z,0.5838172738426132
urn:ioos:station:GOA_RUNOFF_DISCHARGE,urn:ioos:sensor:GOA_RUNOFF_DISCHARGE:q,58.069320239858385,-154.46915010358515,1980-10-06T00:00:00Z,0.9845172576740252
urn:ioos:station:GOA_RUNOFF_DISCHARGE,urn:ioos:sensor:GOA_RUNOFF_DISCHARGE:q,58.069320239858385,-154.46915010358515,1980-10-07T00:00:00Z,1.237733847999755
urn:ioos:station:GOA_RUNOFF_DISCHARGE,urn:ioos:sensor:GOA_RUNOFF_DISCHARGE:q,58.069320239858385,-154.46915010358515,1980-10-08T00:00:00Z,0.9030766582848837
urn:ioos:station:GOA_RUNOFF_DISCHARGE,urn:ioos:sensor:GOA_RUNOFF_DISCHARGE:q,58.069320239858385,-154.46915010358515,1980-10-09T00:00:00Z,0.6418913082361931
urn:ioos:station:GOA_RUNOFF_DISCHARGE,urn:ioos:sensor:GOA_RUNOFF_DISCHARGE:q,58.069320239858385,-154.46915010358515,1980-10-10T00:00:00Z,0.45459716990877236
urn:ioos:station:GOA_RUNOFF_DISCHARGE,urn:ioos:sensor:GOA_RUNOFF_DISCHARGE:q,58.069320239858385,-154.46915010358515,1980-10-11T00:00:00Z,0.4105487643694449
urn:ioos:station:GOA_RUNOFF_DISCHARGE,urn:ioos:sensor:GOA_RUNOFF_DISCHARGE:q,58.069320239858385,-154.46915010358515,1980-10-12T00:00:00Z,0.29478609294261204
urn:ioos:station:GOA_RUNOFF_DISCHARGE,urn:ioos:sensor:GOA_RUNOFF_DISCHARGE:q,58.069320239858385,-154.46915010358515,1980-10-13T00:00:00Z,1.9415412582894267
urn:ioos:station:GOA_RUNOFF_DISCHARGE,urn:ioos:sensor:GOA_RUNOFF_DISCHARGE:q,58.069320239858385,-154.46915010358515,1980-10-14T00:00:00Z,4.0492718573686695
urn:ioos:station:GOA_RUNOFF_DISCHARGE,urn:ioos:sensor:GOA_RUNOFF_DISCHARGE:q,58.069320239858385,-154.46915010358515,1980-10-15T00:00:00Z,3.646179502485013
urn:ioos:station:GOA_RUNOFF_DISCHARGE,urn:ioos:sensor:GOA_RUNOFF_DISCHARGE:q,58.069320239858385,-154.46915010358515,1980-10-16T00:00:00Z,3.4383901377649186
urn:ioos:station:GOA_RUNOFF_DISCHARGE,urn:ioos:sensor:GOA_RUNOFF_DISCHARGE:q,58.069320239858385,-154.46915010358515,1980-10-17T00:00:00Z,7.286333676721868
urn:ioos:station:GOA_RUNOFF_DISCHARGE,urn:ioos:sensor:GOA_RUNOFF_DISCHARGE:q,58.069320239858385,-154.46915010358515,1980-10-18T00:00:00Z,6.345768886363918
urn:ioos:station:GOA_RUNOFF_DISCHARGE,urn:ioos:sensor:GOA_RUNOFF_DISCHARGE:q,58.069320239858385,-154.46915010358515,1980-10-19T00:00:00Z,4.60689546378365
urn:ioos:station:GOA_RUNOFF_DISCHARGE,urn:ioos:sensor:GOA_RUNOFF_DISCHARGE:q,58.069320239858385,-154.46915010358515,1980-10-20T00:00:00Z,3.315917842350128
urn:ioos:station:GOA_RUNOFF_DISCHARGE,urn:ioos:sensor:GOA_RUNOFF_DISCHARGE:q,58.069320239858385,-154.46915010358515,1980-10-21T00:00:00Z,11.262792994260943
urn:ioos:station:GOA_RUNOFF_DISCHARGE,urn:ioos:sensor:GOA_RUNOFF_DISCHARGE:q,58.069320239858385,-154.46915010358515,1980-10-22T00:00:00Z,14.278791308714151
urn:ioos:station:GOA_RUNOFF_DISCHARGE,urn:ioos:sensor:GOA_RUNOFF_DISCHARGE:q,58.069320239858385,-154.46915010358515,1980-10-23T00:00:00Z,13.459501378449708
urn:ioos:station:GOA_RUNOFF_DISCHARGE,urn:ioos:sensor:GOA_RUNOFF_DISCHARGE:q,58.069320239858385,-154.46915010358515,1980-10-24T00:00:00Z,11.730804708969105
urn:ioos:station:GOA_RUNOFF_DISCHARGE,urn:ioos:sensor:GOA_RUNOFF_DISCHARGE:q,58.069320239858385,-154.46915010358515,1980-10-25T00:00:00Z,8.469890220081547
urn:ioos:station:GOA_RUNOFF_DISCHARGE,urn:ioos:sensor:GOA_RUNOFF_DISCHARGE:q,58.069320239858385,-154.46915010358515,1980-10-26T00:00:00Z,6.008809376627061
urn:ioos:station:GOA_RUNOFF_DISCHARGE,urn:ioos:sensor:GOA_RUNOFF_DISCHARGE:q,58.069320239858385,-154.46915010358515,1980-10-27T00:00:00Z,4.727593050070326
urn:ioos:station:GOA_RUNOFF_DISCHARGE,urn:ioos:sensor:GOA_RUNOFF_DISCHARGE:q,58.069320239858385,-154.46915010358515,1980-10-28T00:00:00Z,3.3686920874756496
urn:ioos:station:GOA_RUNOFF_DISCHARGE,urn:ioos:sensor:GOA_RUNOFF_DISCHARGE:q,58.069320239858385,-154.46915010358515,1980-10-29T00:00:00Z,2.38659463056871
urn:ioos:station:GOA_RUNOFF_DISCHARGE,urn:ioos:sensor:GOA_RUNOFF_DISCHARGE:q,58.069320239858385,-154.46915010358515,1980-10-30T00:00:00Z,1.6900665535241717
urn:ioos:station:GOA_RUNOFF_DISCHARGE,urn:ioos:sensor:GOA_RUNOFF_DISCHARGE:q,58.069320239858385,-154.46915010358515,1980-10-31T00:00:00Z,1.2004421968816803
urn:ioos:station:GOA_RUNOFF_DISCHARGE,urn:ioos:sensor:GOA_RUNOFF_DISCHARGE:q,58.069320239858385,-154.46915010358515,1980-11-01T00:00:00Z,0.8498701155911645
urn:ioos:station:GOA_RUNOFF_DISCHARGE,urn:ioos:sensor:GOA_RUNOFF_DISCHARGE:q,58.069320239858385,-154.46915010358515,1980-11-02T00:00:00Z,0.6015545640985549
urn:ioos:station:GOA_RUNOFF_DISCHARGE,urn:ioos:sensor:GOA_RUNOFF_DISCHARGE:q,58.069320239858385,-154.46915010358515,1980-11-03T00:00:00Z,1.149945210096238
urn:ioos:station:GOA_RUNOFF_DISCHARGE,urn:ioos:sensor:GOA_RUNOFF_DISCHARGE:q,58.069320239858385,-154.46915010358515,1980-11-04T00:00:00Z,1.7378160958743618
urn:ioos:station:GOA_RUNOFF_DISCHARGE,urn:ioos:sensor:GOA_RUNOFF_DISCHARGE:q,58.069320239858385,-154.46915010358515,1980-11-05T00:00:00Z,1.9939695074915278
urn:ioos:station:GOA_RUNOFF_DISCHARGE,urn:ioos:sensor:GOA_RUNOFF_DISCHARGE:q,58.069320239858385,-154.46915010358515,1980-11-06T00:00:00Z,1.4498531609432481
urn:ioos:station:GOA_RUNOFF_DISCHARGE,urn:ioos:sensor:GOA_RUNOFF_DISCHARGE:q,58.069320239858385,-154.46915010358515,1980-11-07T00:00:00Z,0.9387731103271277
urn:ioos:station:GOA_RUNOFF_DISCHARGE,urn:ioos:sensor:GOA_RUNOFF_DISCHARGE:q,58.069320239858385,-154.46915010358515,1980-11-08T00:00:00Z,0.6684682023272939
urn:ioos:station:GOA_RUNOFF_DISCHARGE,urn:ioos:sensor:GOA_RUNOFF_DISCHARGE:q,58.069320239858385,-154.46915010358515,1980-11-09T00:00:00Z,0.4735391640315362
urn:ioos:station:GOA_RUNOFF_DISCHARGE,urn:ioos:sensor:GOA_RUNOFF_DISCHARGE:q,58.069320239858385,-154.46915010358515,1980-11-10T00:00:00Z,1.9178429055680604
urn:ioos:station:GOA_RUNOFF_DISCHARGE,urn:ioos:sensor:GOA_RUNOFF_DISCHARGE:q,58.069320239858385,-154.46915010358515,1980-11-11T00:00:00Z,1.432311825412757
urn:ioos:station:GOA_RUNOFF_DISCHARGE,urn:ioos:sensor:GOA_RUNOFF_DISCHARGE:q,58.069320239858385,-154.46915010358515,1980-11-12T00:00:00Z,2.483123809596232
urn:ioos:station:GOA_RUNOFF_DISCHARGE,urn:ioos:sensor:GOA_RUNOFF_DISCHARGE:q,58.069320239858385,-154.46915010358515,1980-11-13T00:00:00Z,2.365401788250972
urn:ioos:station:GOA_RUNOFF_DISCHARGE,urn:ioos:sensor:GOA_RUNOFF_DISCHARGE:q,58.069320239858385,-154.46915010358515,1980-11-14T00:00:00Z,2.116580727505228
urn:ioos:station:GOA_RUNOFF_DISCHARGE,urn:ioos:sensor:GOA_RUNOFF_DISCHARGE:q,58.069320239858385,-154.46915010358515,1980-11-15T00:00:00Z,1.833874694134555
urn:ioos:station:GOA_RUNOFF_DISCHARGE,urn:ioos:sensor:GOA_RUNOFF_DISCHARGE:q,58.069320239858385,-154.46915010358515,1980-11-16T00:00:00Z,1.199246866478563
urn:ioos:station:GOA_RUNOFF_DISCHARGE,urn:ioos:sensor:GOA_RUNOFF_DISCHARGE:q,58.069320239858385,-154.46915010358515,1980-11-17T00:00:00Z,3.201983358128547
urn:ioos:station:GOA_RUNOFF_DISCHARGE,urn:ioos:sensor:GOA_RUNOFF_DISCHARGE:q,58.069320239858385,-154.46915010358515,1980-11-18T00:00:00Z,2.73808386417106
urn:ioos:station:GOA_RUNOFF_DISCHARGE,urn:ioos:sensor:GOA_RUNOFF_DISCHARGE:q,58.069320239858385,-154.46915010358515,1980-11-19T00:00:00Z,4.390189665715364
urn:ioos:station:GOA_RUNOFF_DISCHARGE,urn:ioos:sensor:GOA_RUNOFF_DISCHARGE:q,58.069320239858385,-154.46915010358515,1980-11-20T00:00:00Z,3.279149394953514
urn:ioos:station:GOA_RUNOFF_DISCHARGE,urn:ioos:sensor:GOA_RUNOFF_DISCHARGE:q,58.069320239858385,-154.46915010358515,1980-11-21T00:00:00Z,2.9535598638012734
urn:ioos:station:GOA_RUNOFF_DISCHARGE,urn:ioos:sensor:GOA_RUNOFF_DISCHARGE:q,58.069320239858385,-154.46915010358515,1980-11-22T00:00:00Z,3.047182150842522
urn:ioos:station:GOA_RUNOFF_DISCHARGE,urn:ioos:sensor:GOA_RUNOFF_DISCHARGE:q,58.069320239858385,-154.46915010358515,1980-11-23T00:00:00Z,2.9693188598753
urn:ioos:station:GOA_RUNOFF_DISCHARGE,urn:ioos:sensor:GOA_RUNOFF_DISCHARGE:q,58.069320239858385,-154.46915010358515,1980-11-24T00:00:00Z,6.945851586435389
urn:ioos:station:GOA_RUNOFF_DISCHARGE,urn:ioos:sensor:GOA_RUNOFF_DISCHARGE:q,58.069320239858385,-154.46915010358515,1980-11-25T00:00:00Z,5.209534586966874
urn:ioos:station:GOA_RUNOFF_DISCHARGE,urn:ioos:sensor:GOA_RUNOFF_DISCHARGE:q,58.069320239858385,-154.46915010358515,1980-11-26T00:00:00Z,3.5158461270671553
urn:ioos:station:GOA_RUNOFF_DISCHARGE,urn:ioos:sensor:GOA_RUNOFF_DISCHARGE:q,58.069320239858385,-154.46915010358515,1980-11-27T00:00:00Z,2.286249761137048
urn:ioos:station:GOA_RUNOFF_DISCHARGE,urn:ioos:sensor:GOA_RUNOFF_DISCHARGE:q,58.069320239858385,-154.46915010358515,1980-11-28T00:00:00Z,1.484464198777819
urn:ioos:station:GOA_RUNOFF_DISCHARGE,urn:ioos:sensor:GOA_RUNOFF_DISCHARGE:q,58.069320239858385,-154.46915010358515,1980-11-29T00:00:00Z,1.0572759905330196
urn:ioos:station:GOA_RUNOFF_DISCHARGE,urn:ioos:sensor:GOA_RUNOFF_DISCHARGE:q,58.069320239858385,-154.46915010358515,1980-11-30T00:00:00Z,0.7489922414128345
urn:ioos:station:GOA_RUNOFF_DISCHARGE,urn:ioos:sensor:GOA_RUNOFF_DISCHARGE:q,58.069320239858385,-154.46915010358515,1980-12-01T00:00:00Z,0.4831073984453508
urn:ioos:station:GOA_RUNOFF_DISCHARGE,urn:ioos:sensor:GOA_RUNOFF_DISCHARGE:q,58.069320239858385,-154.46915010358515,1980-12-02T00:00:00Z,0.3134612557985783
urn:ioos:station:GOA_RUNOFF_DISCHARGE,urn:ioos:sensor:GOA_RUNOFF_DISCHARGE:q,58.069320239858385,-154.46915010358515,1980-12-03T00:00:00Z,0.20349209206227786
urn:ioos:station:GOA_RUNOFF_DISCHARGE,urn:ioos:sensor:GOA_RUNOFF_DISCHARGE:q,58.069320239858385,-154.46915010358515,1980-12-04T00:00:00Z,0.13210840521709952
urn:ioos:station:GOA_RUNOFF_DISCHARGE,urn:ioos:sensor:GOA_RUNOFF_DISCHARGE:q,58.069320239858385,-154.46915010358515,1980-12-05T00:00:00Z,0.08576598421573628
urn:ioos:station:GOA_RUNOFF_DISCHARGE,urn:ioos:sensor:GOA_RUNOFF_DISCHARGE:q,58.069320239858385,-154.46915010358515,1980-12-06T00:00:00Z,0.05568008054154388
urn:ioos:station:GOA_RUNOFF_DISCHARGE,urn:ioos:sensor:GOA_RUNOFF_DISCHARGE:q,58.069320239858385,-154.46915010358515,1980-12-07T00:00:00Z,0.03614803510089751
urn:ioos:station:GOA_RUNOFF_DISCHARGE,urn:ioos:sensor:GOA_RUNOFF_DISCHARGE:q,58.069320239858385,-154.46915010358515,1980-12-08T00:00:00Z,0.02346764217917864
urn:ioos:station:GOA_RUNOFF_DISCHARGE,urn:ioos:sensor:GOA_RUNOFF_DISCHARGE:q,58.069320239858385,-154.46915010358515,1980-12-09T00:00:00Z,0.015235415152875059
urn:ioos:station:GOA_RUNOFF_DISCHARGE,urn:ioos:sensor:GOA_RUNOFF_DISCHARGE:q,58.069320239858385,-154.46915010358515,1980-12-10T00:00:00Z,0.009890974486001645
urn:ioos:station:GOA_RUNOFF_DISCHARGE,urn:ioos:sensor:GOA_RUNOFF_DISCHARGE:q,58.069320239858385,-154.46915010358515,1980-12-11T00:00:00Z,0.0064213134085248195
urn:ioos:station:GOA_RUNOFF_DISCHARGE,urn:ioos:sensor:GOA_RUNOFF_DISCHARGE:q,58.069320239858385,-154.46915010358515,1980-12-12T00:00:00Z,0.004168776808123042
urn:ioos:station:GOA_RUNOFF_DISCHARGE,urn:ioos:sensor:GOA_RUNOFF_DISCHARGE:q,58.069320239858385,-154.46915010358515,1980-12-13T00:00:00Z,0.0027064090658976124
urn:ioos:station:GOA_RUNOFF_DISCHARGE,urn:ioos:sensor:GOA_RUNOFF_DISCHARGE:q,58.069320239858385,-154.46915010358515,1980-12-14T00:00:00Z,0.0017570262224486874
urn:ioos:station:GOA_RUNOFF_DISCHARGE,urn:ioos:sensor:GOA_RUNOFF_DISCHARGE:q,58.069320239858385,-154.46915010358515,1980-12-15T00:00:00Z,0.001140677816588913
urn:ioos:station:GOA_RUNOFF_DISCHARGE,urn:ioos:sensor:GOA_RUNOFF_DISCHARGE:q,58.069320239858385,-154.46915010358515,1980-12-16T00:00:00Z,7.405387703232307E-4
urn:ioos:station:GOA_RUNOFF_DISCHARGE,urn:ioos:sensor:GOA_RUNOFF_DISCHARGE:q,58.069320239858385,-154.46915010358515,1980-12-17T00:00:00Z,4.807647093202228E-4
urn:ioos:station:GOA_RUNOFF_DISCHARGE,urn:ioos:sensor:GOA_RUNOFF_DISCHARGE:q,58.069320239858385,-154.46915010358515,1980-12-18T00:00:00Z,3.1211697391403636E-4
urn:ioos:station:GOA_RUNOFF_DISCHARGE,urn:ioos:sensor:GOA_RUNOFF_DISCHARGE:q,58.069320239858385,-154.46915010358515,1980-12-19T00:00:00Z,2.0262927140889654E-4
urn:ioos:station:GOA_RUNOFF_DISCHARGE,urn:ioos:sensor:GOA_RUNOFF_DISCHARGE:q,58.069320239858385,-154.46915010358515,1980-12-20T00:00:00Z,1.3154880969086906E-4
urn:ioos:station:GOA_RUNOFF_DISCHARGE,urn:ioos:sensor:GOA_RUNOFF_DISCHARGE:q,58.069320239858385,-154.46915010358515,1980-12-21T00:00:00Z,8.540272016498803E-5
urn:ioos:station:GOA_RUNOFF_DISCHARGE,urn:ioos:sensor:GOA_RUNOFF_DISCHARGE:q,58.069320239858385,-154.46915010358515,1980-12-22T00:00:00Z,5.544425140212221E-5
urn:ioos:station:GOA_RUNOFF_DISCHARGE,urn:ioos:sensor:GOA_RUNOFF_DISCHARGE:q,58.069320239858385,-154.46915010358515,1980-12-23T00:00:00Z,3.599492848095161E-5
urn:ioos:station:GOA_RUNOFF_DISCHARGE,urn:ioos:sensor:GOA_RUNOFF_DISCHARGE:q,58.069320239858385,-154.46915010358515,1980-12-24T00:00:00Z,2.3368243909971865E-5
urn:ioos:station:GOA_RUNOFF_DISCHARGE,urn:ioos:sensor:GOA_RUNOFF_DISCHARGE:q,58.069320239858385,-154.46915010358515,1980-12-25T00:00:00Z,1.5170884480822962E-5
urn:ioos:station:GOA_RUNOFF_DISCHARGE,urn:ioos:sensor:GOA_RUNOFF_DISCHARGE:q,58.069320239858385,-154.46915010358515,1980-12-26T00:00:00Z,9.849080508784979E-6
urn:ioos:station:GOA_RUNOFF_DISCHARGE,urn:ioos:sensor:GOA_RUNOFF_DISCHARGE:q,58.069320239858385,-154.46915010358515,1980-12-27T00:00:00Z,6.394115300203238E-6
urn:ioos:station:GOA_RUNOFF_DISCHARGE,urn:ioos:sensor:GOA_RUNOFF_DISCHARGE:q,58.069320239858385,-154.46915010358515,1980-12-28T00:00:00Z,4.151119693614176E-6
urn:ioos:station:GOA_RUNOFF_DISCHARGE,urn:ioos:sensor:GOA_RUNOFF_DISCHARGE:q,58.069320239858385,-154.46915010358515,1980-12-29T00:00:00Z,2.6949458419531534E-6
urn:ioos:station:GOA_RUNOFF_DISCHARGE,urn:ioos:sensor:GOA_RUNOFF_DISCHARGE:q,58.069320239858385,-154.46915010358515,1980-12-30T00:00:00Z,1.7495840232080685E-6
urn:ioos:station:GOA_RUNOFF_DISCHARGE,urn:ioos:sensor:GOA_RUNOFF_DISCHARGE:q,58.069320239858385,-154.46915010358515,1980-12-31T00:00:00Z,9.108968107853745
urn:ioos:station:GOA_RUNOFF_DISCHARGE,urn:ioos:sensor:GOA_RUNOFF_DISCHARGE:q,58.069320239858385,-154.46915010358515,1981-01-01T00:00:00Z,14.817821909860305
urn:ioos:station:GOA_RUNOFF_DISCHARGE,urn:ioos:sensor:GOA_RUNOFF_DISCHARGE:q,58.069320239858385,-154.46915010358515,1981-01-02T00:00:00Z,12.021038192813645
urn:ioos:station:GOA_RUNOFF_DISCHARGE,urn:ioos:sensor:GOA_RUNOFF_DISCHARGE:q,58.069320239858385,-154.46915010358515,1981-01-03T00:00:00Z,9.707492116023815
urn:ioos:station:GOA_RUNOFF_DISCHARGE,urn:ioos:sensor:GOA_RUNOFF_DISCHARGE:q,58.069320239858385,-154.46915010358515,1981-01-04T00:00:00Z,8.163679354903328
urn:ioos:station:GOA_RUNOFF_DISCHARGE,urn:ioos:sensor:GOA_RUNOFF_DISCHARGE:q,58.069320239858385,-154.46915010358515,1981-01-05T00:00:00Z,6.941940122254729
urn:ioos:station:GOA_RUNOFF_DISCHARGE,urn:ioos:sensor:GOA_RUNOFF_DISCHARGE:q,58.069320239858385,-154.46915010358515,1981-01-06T00:00:00Z,5.177553512822455
urn:ioos:station:GOA_RUNOFF_DISCHARGE,urn:ioos:sensor:GOA_RUNOFF_DISCHARGE:q,58.069320239858385,-154.46915010358515,1981-01-07T00:00:00Z,6.47369528785976
urn:ioos:station:GOA_RUNOFF_DISCHARGE,urn:ioos:sensor:GOA_RUNOFF_DISCHARGE:q,58.069320239858385,-154.46915010358515,1981-01-08T00:00:00Z,5.1035188048831355
urn:ioos:station:GOA_RUNOFF_DISCHARGE,urn:ioos:sensor:GOA_RUNOFF_DISCHARGE:q,58.069320239858385,-154.46915010358515,1981-01-09T00:00:00Z,5.428793387654895
urn:ioos:station:GOA_RUNOFF_DISCHARGE,urn:ioos:sensor:GOA_RUNOFF_DISCHARGE:q,58.069320239858385,-154.46915010358515,1981-01-10T00:00:00Z,4.2907012348622064
urn:ioos:station:GOA_RUNOFF_DISCHARGE,urn:ioos:sensor:GOA_RUNOFF_DISCHARGE:q,58.069320239858385,-154.46915010358515,1981-01-11T00:00:00Z,2.9907132481073653
urn:ioos:station:GOA_RUNOFF_DISCHARGE,urn:ioos:sensor:GOA_RUNOFF_DISCHARGE:q,58.069320239858385,-154.46915010358515,1981-01-12T00:00:00Z,2.1655671723923
urn:ioos:station:GOA_RUNOFF_DISCHARGE,urn:ioos:sensor:GOA_RUNOFF_DISCHARGE:q,58.069320239858385,-154.46915010358515,1981-01-13T00:00:00Z,1.7188021069724757
urn:ioos:station:GOA_RUNOFF_DISCHARGE,urn:ioos:sensor:GOA_RUNOFF_DISCHARGE:q,58.069320239858385,-154.46915010358515,1981-01-14T00:00:00Z,2.087038990399616
urn:ioos:station:GOA_RUNOFF_DISCHARGE,urn:ioos:sensor:GOA_RUNOFF_DISCHARGE:q,58.069320239858385,-154.46915010358515,1981-01-15T00:00:00Z,3.3849070614472336
urn:ioos:station:GOA_RUNOFF_DISCHARGE,urn:ioos:sensor:GOA_RUNOFF_DISCHARGE:q,58.069320239858385,-154.46915010358515,1981-01-16T00:00:00Z,3.110923019609234
urn:ioos:station:GOA_RUNOFF_DISCHARGE,urn:ioos:sensor:GOA_RUNOFF_DISCHARGE:q,58.069320239858385,-154.46915010358515,1981-01-17T00:00:00Z,3.7338246112811344
urn:ioos:station:GOA_RUNOFF_DISCHARGE,urn:ioos:sensor:GOA_RUNOFF_DISCHARGE:q,58.069320239858385,-154.46915010358515,1981-01-18T00:00:00Z,2.4801916585919748
urn:ioos:station:GOA_RUNOFF_DISCHARGE,urn:ioos:sensor:GOA_RUNOFF_DISCHARGE:q,58.069320239858385,-154.46915010358515,1981-01-19T00:00:00Z,1.6133162380368502
urn:ioos:station:GOA_RUNOFF_DISCHARGE,urn:ioos:sensor:GOA_RUNOFF_DISCHARGE:q,58.069320239858385,-154.46915010358515,1981-01-20T00:00:00Z,1.0475569913556155
urn:ioos:station:GOA_RUNOFF_DISCHARGE,urn:ioos:sensor:GOA_RUNOFF_DISCHARGE:q,58.069320239858385,-154.46915010358515,1981-01-21T00:00:00Z,0.6800937311329144
urn:ioos:station:GOA_RUNOFF_DISCHARGE,urn:ioos:sensor:GOA_RUNOFF_DISCHARGE:q,58.069320239858385,-154.46915010358515,1981-01-22T00:00:00Z,0.44152378629889183
urn:ioos:station:GOA_RUNOFF_DISCHARGE,urn:ioos:sensor:GOA_RUNOFF_DISCHARGE:q,58.069320239858385,-154.46915010358515,1981-01-23T00:00:00Z,0.28664144099546396
urn:ioos:station:GOA_RUNOFF_DISCHARGE,urn:ioos:sensor:GOA_RUNOFF_DISCHARGE:q,58.069320239858385,-154.46915010358515,1981-01-24T00:00:00Z,8.465004705019895
urn:ioos:station:GOA_RUNOFF_DISCHARGE,urn:ioos:sensor:GOA_RUNOFF_DISCHARGE:q,58.069320239858385,-154.46915010358515,1981-01-25T00:00:00Z,12.639030589094535
urn:ioos:station:GOA_RUNOFF_DISCHARGE,urn:ioos:sensor:GOA_RUNOFF_DISCHARGE:q,58.069320239858385,-154.46915010358515,1981-01-26T00:00:00Z,8.772253294853604
urn:ioos:station:GOA_RUNOFF_DISCHARGE,urn:ioos:sensor:GOA_RUNOFF_DISCHARGE:q,58.069320239858385,-154.46915010358515,1981-01-27T00:00:00Z,6.0027366877201835
urn:ioos:station:GOA_RUNOFF_DISCHARGE,urn:ioos:sensor:GOA_RUNOFF_DISCHARGE:q,58.069320239858385,-154.46915010358515,1981-01-28T00:00:00Z,6.968336848506619
urn:ioos:station:GOA_RUNOFF_DISCHARGE,urn:ioos:sensor:GOA_RUNOFF_DISCHARGE:q,58.069320239858385,-154.46915010358515,1981-01-29T00:00:00Z,12.011438713520816
urn:ioos:station:GOA_RUNOFF_DISCHARGE,urn:ioos:sensor:GOA_RUNOFF_DISCHARGE:q,58.069320239858385,-154.46915010358515,1981-01-30T00:00:00Z,14.849790354495733
urn:ioos:station:GOA_RUNOFF_DISCHARGE,urn:ioos:sensor:GOA_RUNOFF_DISCHARGE:q,58.069320239858385,-154.46915010358515,1981-01-31T00:00:00Z,11.796560247534774
urn:ioos:station:GOA_RUNOFF_DISCHARGE,urn:ioos:sensor:GOA_RUNOFF_DISCHARGE:q,58.069320239858385,-154.46915010358515,1981-02-01T00:00:00Z,11.513490852665818
urn:ioos:station:GOA_RUNOFF_DISCHARGE,urn:ioos:sensor:GOA_RUNOFF_DISCHARGE:q,58.069320239858385,-154.46915010358515,1981-02-02T00:00:00Z,9.52729638664735
urn:ioos:station:GOA_RUNOFF_DISCHARGE,urn:ioos:sensor:GOA_RUNOFF_DISCHARGE:q,58.069320239858385,-154.46915010358515,1981-02-03T00:00:00Z,7.549336886721062
urn:ioos:station:GOA_RUNOFF_DISCHARGE,urn:ioos:sensor:GOA_RUNOFF_DISCHARGE:q,58.069320239858385,-154.46915010358515,1981-02-04T00:00:00Z,5.614481900983697
urn:ioos:station:GOA_RUNOFF_DISCHARGE,urn:ioos:sensor:GOA_RUNOFF_DISCHARGE:q,58.069320239858385,-154.46915010358515,1981-02-05T00:00:00Z,6.850816109960915
urn:ioos:station:GOA_RUNOFF_DISCHARGE,urn:ioos:sensor:GOA_RUNOFF_DISCHARGE:q,58.069320239858385,-154.46915010358515,1981-02-06T00:00:00Z,6.992088745083815
urn:ioos:station:GOA_RUNOFF_DISCHARGE,urn:ioos:sensor:GOA_RUNOFF_DISCHARGE:q,58.069320239858385,-154.46915010358515,1981-02-07T00:00:00Z,6.495149140029994
urn:ioos:station:GOA_RUNOFF_DISCHARGE,urn:ioos:sensor:GOA_RUNOFF_DISCHARGE:q,58.069320239858385,-154.46915010358515,1981-02-08T00:00:00Z,5.0873814497688965
urn:ioos:station:GOA_RUNOFF_DISCHARGE,urn:ioos:sensor:GOA_RUNOFF_DISCHARGE:q,58.069320239858385,-154.46915010358515,1981-02-09T00:00:00Z,3.3528136372957418
urn:ioos:station:GOA_RUNOFF_DISCHARGE,urn:ioos:sensor:GOA_RUNOFF_DISCHARGE:q,58.069320239858385,-154.46915010358515,1981-02-10T00:00:00Z,2.443678695637674
urn:ioos:station:GOA_RUNOFF_DISCHARGE,urn:ioos:sensor:GOA_RUNOFF_DISCHARGE:q,58.069320239858385,-154.46915010358515,1981-02-11T00:00:00Z,1.5800566892217844
urn:ioos:station:GOA_RUNOFF_DISCHARGE,urn:ioos:sensor:GOA_RUNOFF_DISCHARGE:q,58.069320239858385,-154.46915010358515,1981-02-12T00:00:00Z,1.0254281840199404
urn:ioos:station:GOA_RUNOFF_DISCHARGE,urn:ioos:sensor:GOA_RUNOFF_DISCHARGE:q,58.069320239858385,-154.46915010358515,1981-02-13T00:00:00Z,0.6656974722348382
urn:ioos:station:GOA_RUNOFF_DISCHARGE,urn:ioos:sensor:GOA_RUNOFF_DISCHARGE:q,58.069320239858385,-154.46915010358515,1981-02-14T00:00:00Z,0.43217594339485293
urn:ioos:station:GOA_RUNOFF_DISCHARGE,urn:ioos:sensor:GOA_RUNOFF_DISCHARGE:q,58.069320239858385,-154.46915010358515,1981-02-15T00:00:00Z,0.28057260014210694
urn:ioos:station:GOA_RUNOFF_DISCHARGE,urn:ioos:sensor:GOA_RUNOFF_DISCHARGE:q,58.069320239858385,-154.46915010358515,1981-02-16T00:00:00Z,0.18215035967369175
urn:ioos:station:GOA_RUNOFF_DISCHARGE,urn:ioos:sensor:GOA_RUNOFF_DISCHARGE:q,58.069320239858385,-154.46915010358515,1981-02-17T00:00:00Z,0.11825374340742122
urn:ioos:station:GOA_RUNOFF_DISCHARGE,urn:ioos:sensor:GOA_RUNOFF_DISCHARGE:q,58.069320239858385,-154.46915010358515,1981-02-18T00:00:00Z,0.07677143044766711
urn:ioos:station:GOA_RUNOFF_DISCHARGE,urn:ioos:sensor:GOA_RUNOFF_DISCHARGE:q,58.069320239858385,-154.46915010358515,1981-02-19T00:00:00Z,0.049840729213391916
urn:ioos:station:GOA_RUNOFF_DISCHARGE,urn:ioos:sensor:GOA_RUNOFF_DISCHARGE:q,58.069320239858385,-154.46915010358515,1981-02-20T00:00:00Z,0.03235706926286348
urn:ioos:station:GOA_RUNOFF_DISCHARGE,urn:ioos:sensor:GOA_RUNOFF_DISCHARGE:q,58.069320239858385,-154.46915010358515,1981-02-21T00:00:00Z,0.021006511837257925
urn:ioos:station:GOA_RUNOFF_DISCHARGE,urn:ioos:sensor:GOA_RUNOFF_DISCHARGE:q,58.069320239858385,-154.46915010358515,1981-02-22T00:00:00Z,0.013637623985436444
urn:ioos:station:GOA_RUNOFF_DISCHARGE,urn:ioos:sensor:GOA_RUNOFF_DISCHARGE:q,58.069320239858385,-154.46915010358515,1981-02-23T00:00:00Z,0.008853674308637004
urn:ioos:station:GOA_RUNOFF_DISCHARGE,urn:ioos:sensor:GOA_RUNOFF_DISCHARGE:q,58.069320239858385,-154.46915010358515,1981-02-24T00:00:00Z,0.00574788811158475
urn:ioos:station:GOA_RUNOFF_DISCHARGE,urn:ioos:sensor:GOA_RUNOFF_DISCHARGE:q,58.069320239858385,-154.46915010358515,1981-02-25T00:00:00Z,3.157622470909712
urn:ioos:station:GOA_RUNOFF_DISCHARGE,urn:ioos:sensor:GOA_RUNOFF_DISCHARGE:q,58.069320239858385,-154.46915010358515,1981-02-26T00:00:00Z,3.703939772514579
urn:ioos:station:GOA_RUNOFF_DISCHARGE,urn:ioos:sensor:GOA_RUNOFF_DISCHARGE:q,58.069320239858385,-154.46915010358515,1981-02-27T00:00:00Z,4.36569552237013
urn:ioos:station:GOA_RUNOFF_DISCHARGE,urn:ioos:sensor:GOA_RUNOFF_DISCHARGE:q,58.069320239858385,-154.46915010358515,1981-02-28T00:00:00Z,10.583788492499876
urn:ioos:station:GOA_RUNOFF_DISCHARGE,urn:ioos:sensor:GOA_RUNOFF_DISCHARGE:q,58.069320239858385,-154.46915010358515,1981-03-01T00:00:00Z,13.457085984855032
urn:ioos:station:GOA_RUNOFF_DISCHARGE,urn:ioos:sensor:GOA_RUNOFF_DISCHARGE:q,58.069320239858385,-154.46915010358515,1981-03-02T00:00:00Z,8.99400694979704
urn:ioos:station:GOA_RUNOFF_DISCHARGE,urn:ioos:sensor:GOA_RUNOFF_DISCHARGE:q,58.069320239858385,-154.46915010358515,1981-03-03T00:00:00Z,5.853897398022588
urn:ioos:station:GOA_RUNOFF_DISCHARGE,urn:ioos:sensor:GOA_RUNOFF_DISCHARGE:q,58.069320239858385,-154.46915010358515,1981-03-04T00:00:00Z,4.035472803221303
urn:ioos:station:GOA_RUNOFF_DISCHARGE,urn:ioos:sensor:GOA_RUNOFF_DISCHARGE:q,58.069320239858385,-154.46915010358515,1981-03-05T00:00:00Z,6.21005376142694
urn:ioos:station:GOA_RUNOFF_DISCHARGE,urn:ioos:sensor:GOA_RUNOFF_DISCHARGE:q,58.069320239858385,-154.46915010358515,1981-03-06T00:00:00Z,6.501270768284216
urn:ioos:station:GOA_RUNOFF_DISCHARGE,urn:ioos:sensor:GOA_RUNOFF_DISCHARGE:q,58.069320239858385,-154.46915010358515,1981-03-07T00:00:00Z,6.074074469260218
urn:ioos:station:GOA_RUNOFF_DISCHARGE,urn:ioos:sensor:GOA_RUNOFF_DISCHARGE:q,58.069320239858385,-154.46915010358515,1981-03-08T00:00:00Z,5.356697309345812
urn:ioos:station:GOA_RUNOFF_DISCHARGE,urn:ioos:sensor:GOA_RUNOFF_DISCHARGE:q,58.069320239858385,-154.46915010358515,1981-03-09T00:00:00Z,4.6662162675180126
urn:ioos:station:GOA_RUNOFF_DISCHARGE,urn:ioos:sensor:GOA_RUNOFF_DISCHARGE:q,58.069320239858385,-154.46915010358515,1981-03-10T00:00:00Z,4.125836150713132
urn:ioos:station:GOA_RUNOFF_DISCHARGE,urn:ioos:sensor:GOA_RUNOFF_DISCHARGE:q,58.069320239858385,-154.46915010358515,1981-03-11T00:00:00Z,3.7138989296989044
urn:ioos:station:GOA_RUNOFF_DISCHARGE,urn:ioos:sensor:GOA_RUNOFF_DISCHARGE:q,58.069320239858385,-154.46915010358515,1981-03-12T00:00:00Z,3.434688112941705
urn:ioos:station:GOA_RUNOFF_DISCHARGE,urn:ioos:sensor:GOA_RUNOFF_DISCHARGE:q,58.069320239858385,-154.46915010358515,1981-03-13T00:00:00Z,4.516814964670282
urn:ioos:station:GOA_RUNOFF_DISCHARGE,urn:ioos:sensor:GOA_RUNOFF_DISCHARGE:q,58.069320239858385,-154.46915010358515,1981-03-14T00:00:00Z,5.283660858846384
urn:ioos:station:GOA_RUNOFF_DISCHARGE,urn:ioos:sensor:GOA_RUNOFF_DISCHARGE:q,58.069320239858385,-154.46915010358515,1981-03-15T00:00:00Z,4.607490103165347
urn:ioos:station:GOA_RUNOFF_DISCHARGE,urn:ioos:sensor:GOA_RUNOFF_DISCHARGE:q,58.069320239858385,-154.46915010358515,1981-03-16T00:00:00Z,12.533719428366629
urn:ioos:station:GOA_RUNOFF_DISCHARGE,urn:ioos:sensor:GOA_RUNOFF_DISCHARGE:q,58.069320239858385,-154.46915010358515,1981-03-17T00:00:00Z,11.054408200814839
urn:ioos:station:GOA_RUNOFF_DISCHARGE,urn:ioos:sensor:GOA_RUNOFF_DISCHARGE:q,58.069320239858385,-154.46915010358515,1981-03-18T00:00:00Z,12.433543215502961
urn:ioos:station:GOA_RUNOFF_DISCHARGE,urn:ioos:sensor:GOA_RUNOFF_DISCHARGE:q,58.069320239858385,-154.46915010358515,1981-03-19T00:00:00Z,9.397030368610782
urn:ioos:station:GOA_RUNOFF_DISCHARGE,urn:ioos:sensor:GOA_RUNOFF_DISCHARGE:q,58.069320239858385,-154.46915010358515,1981-03-20T00:00:00Z,6.691191219584345
urn:ioos:station:GOA_RUNOFF_DISCHARGE,urn:ioos:sensor:GOA_RUNOFF_DISCHARGE:q,58.069320239858385,-154.46915010358515,1981-03-21T00:00:00Z,4.739991544293459
urn:ioos:station:GOA_RUNOFF_DISCHARGE,urn:ioos:sensor:GOA_RUNOFF_DISCHARGE:q,58.069320239858385,-154.46915010358515,1981-03-22T00:00:00Z,3.355344012045198
urn:ioos:station:GOA_RUNOFF_DISCHARGE,urn:ioos:sensor:GOA_RUNOFF_DISCHARGE:q,58.069320239858385,-154.46915010358515,1981-03-23T00:00:00Z,2.374937330654532
urn:ioos:station:GOA_RUNOFF_DISCHARGE,urn:ioos:sensor:GOA_RUNOFF_DISCHARGE:q,58.069320239858385,-154.46915010358515,1981-03-24T00:00:00Z,1.6809742279517919
urn:ioos:station:GOA_RUNOFF_DISCHARGE,urn:ioos:sensor:GOA_RUNOFF_DISCHARGE:q,58.069320239858385,-154.46915010358515,1981-03-25T00:00:00Z,1.189786443342027
urn:ioos:station:GOA_RUNOFF_DISCHARGE,urn:ioos:sensor:GOA_RUNOFF_DISCHARGE:q,58.069320239858385,-154.46915010358515,1981-03-26T00:00:00Z,2.561328886650543
urn:ioos:station:GOA_RUNOFF_DISCHARGE,urn:ioos:sensor:GOA_RUNOFF_DISCHARGE:q,58.069320239858385,-154.46915010358515,1981-03-27T00:00:00Z,2.5669024468374753
urn:ioos:station:GOA_RUNOFF_DISCHARGE,urn:ioos:sensor:GOA_RUNOFF_DISCHARGE:q,58.069320239858385,-154.46915010358515,1981-03-28T00:00:00Z,1.8567844918882472
urn:ioos:station:GOA_RUNOFF_DISCHARGE,urn:ioos:sensor:GOA_RUNOFF_DISCHARGE:q,58.069320239858385,-154.46915010358515,1981-03-29T00:00:00Z,1.3182124997873563
urn:ioos:station:GOA_RUNOFF_DISCHARGE,urn:ioos:sensor:GOA_RUNOFF_DISCHARGE:q,58.069320239858385,-154.46915010358515,1981-03-30T00:00:00Z,0.9334231976952582
urn:ioos:station:GOA_RUNOFF_DISCHARGE,urn:ioos:sensor:GOA_RUNOFF_DISCHARGE:q,58.069320239858385,-154.46915010358515,1981-03-31T00:00:00Z,0.6607126313472621
urn:ioos:station:GOA_RUNOFF_DISCHARGE,urn:ioos:sensor:GOA_RUNOFF_DISCHARGE:q,58.069320239858385,-154.46915010358515,1981-04-01T00:00:00Z,1.5107988299438329
urn:ioos:station:GOA_RUNOFF_DISCHARGE,urn:ioos:sensor:GOA_RUNOFF_DISCHARGE:q,58.069320239858385,-154.46915010358515,1981-04-02T00:00:00Z,1.1186834917348083
urn:ioos:station:GOA_RUNOFF_DISCHARGE,urn:ioos:sensor:GOA_RUNOFF_DISCHARGE:q,58.069320239858385,-154.46915010358515,1981-04-03T00:00:00Z,0.7967269177784823
urn:ioos:station:GOA_RUNOFF_DISCHARGE,urn:ioos:sensor:GOA_RUNOFF_DISCHARGE:q,58.069320239858385,-154.46915010358515,1981-04-04T00:00:00Z,0.5644118359406747
urn:ioos:station:GOA_RUNOFF_DISCHARGE,urn:ioos:sensor:GOA_RUNOFF_DISCHARGE:q,58.069320239858385,-154.46915010358515,1981-04-05T00:00:00Z,0.5541364805807061
urn:ioos:station:GOA_RUNOFF_DISCHARGE,urn:ioos:sensor:GOA_RUNOFF_DISCHARGE:q,58.069320239858385,-154.46915010358515,1981-04-06T00:00:00Z,0.39987886841086867
urn:ioos:station:GOA_RUNOFF_DISCHARGE,urn:ioos:sensor:GOA_RUNOFF_DISCHARGE:q,58.069320239858385,-154.46915010358515,1981-04-07T00:00:00Z,0.5736829479997194
urn:ioos:station:GOA_RUNOFF_DISCHARGE,urn:ioos:sensor:GOA_RUNOFF_DISCHARGE:q,58.069320239858385,-154.46915010358515,1981-04-08T00:00:00Z,0.4198398073723672
urn:ioos:station:GOA_RUNOFF_DISCHARGE,urn:ioos:sensor:GOA_RUNOFF_DISCHARGE:q,58.069320239858385,-154.46915010358515,1981-04-09T00:00:00Z,0.29853774778944187
urn:ioos:station:GOA_RUNOFF_DISCHARGE,urn:ioos:sensor:GOA_RUNOFF_DISCHARGE:q,58.069320239858385,-154.46915010358515,1981-04-10T00:00:00Z,0.21144120040080466
urn:ioos:station:GOA_RUNOFF_DISCHARGE,urn:ioos:sensor:GOA_RUNOFF_DISCHARGE:q,58.069320239858385,-154.46915010358515,1981-04-11T00:00:00Z,0.1496708639302729
urn:ioos:station:GOA_RUNOFF_DISCHARGE,urn:ioos:sensor:GOA_RUNOFF_DISCHARGE:q,58.069320239858385,-154.46915010358515,1981-04-12T00:00:00Z,0.1059377438872277
urn:ioos:station:GOA_RUNOFF_DISCHARGE,urn:ioos:sensor:GOA_RUNOFF_DISCHARGE:q,58.069320239858385,-154.46915010358515,1981-04-13T00:00:00Z,0.07498241445389749
urn:ioos:station:GOA_RUNOFF_DISCHARGE,urn:ioos:sensor:GOA_RUNOFF_DISCHARGE:q,58.069320239858385,-154.46915010358515,1981-04-14T00:00:00Z,0.0530722267144645
urn:ioos:station:GOA_RUNOFF_DISCHARGE,urn:ioos:sensor:GOA_RUNOFF_DISCHARGE:q,58.069320239858385,-154.46915010358515,1981-04-15T00:00:00Z,0.3720409638920242
urn:ioos:station:GOA_RUNOFF_DISCHARGE,urn:ioos:sensor:GOA_RUNOFF_DISCHARGE:q,58.069320239858385,-154.46915010358515,1981-04-16T00:00:00Z,0.27446864991153974
urn:ioos:station:GOA_RUNOFF_DISCHARGE,urn:ioos:sensor:GOA_RUNOFF_DISCHARGE:q,58.069320239858385,-154.46915010358515,1981-04-17T00:00:00Z,0.19538009923603814
urn:ioos:station:GOA_RUNOFF_DISCHARGE,urn:ioos:sensor:GOA_RUNOFF_DISCHARGE:q,58.069320239858385,-154.46915010358515,1981-04-18T00:00:00Z,0.13840024406092907
urn:ioos:station:GOA_RUNOFF_DISCHARGE,urn:ioos:sensor:GOA_RUNOFF_DISCHARGE:q,58.069320239858385,-154.46915010358515,1981-04-19T00:00:00Z,0.09797017640307164
urn:ioos:station:GOA_RUNOFF_DISCHARGE,urn:ioos:sensor:GOA_RUNOFF_DISCHARGE:q,58.069320239858385,-154.46915010358515,1981-04-20T00:00:00Z,0.8708270755170039
urn:ioos:station:GOA_RUNOFF_DISCHARGE,urn:ioos:sensor:GOA_RUNOFF_DISCHARGE:q,58.069320239858385,-154.46915010358515,1981-04-21T00:00:00Z,0.6542820405735913
urn:ioos:station:GOA_RUNOFF_DISCHARGE,urn:ioos:sensor:GOA_RUNOFF_DISCHARGE:q,58.069320239858385,-154.46915010358515,1981-04-22T00:00:00Z,0.46688403769045167
urn:ioos:station:GOA_RUNOFF_DISCHARGE,urn:ioos:sensor:GOA_RUNOFF_DISCHARGE:q,58.069320239858385,-154.46915010358515,1981-04-23T00:00:00Z,0.33083653301943544
urn:ioos:station:GOA_RUNOFF_DISCHARGE,urn:ioos:sensor:GOA_RUNOFF_DISCHARGE:q,58.069320239858385,-154.46915010358515,1981-04-24T00:00:00Z,0.23420237119841938
urn:ioos:station:GOA_RUNOFF_DISCHARGE,urn:ioos:sensor:GOA_RUNOFF_DISCHARGE:q,58.069320239858385,-154.46915010358515,1981-04-25T00:00:00Z,0.16577116919586807
urn:ioos:station:GOA_RUNOFF_DISCHARGE,urn:ioos:sensor:GOA_RUNOFF_DISCHARGE:q,58.069320239858385,-154.46915010358515,1981-04-26T00:00:00Z,0.11733246348262155
urn:ioos:station:GOA_RUNOFF_DISCHARGE,urn:ioos:sensor:GOA_RUNOFF_DISCHARGE:q,58.069320239858385,-154.46915010358515,1981-04-27T00:00:00Z,0.08304744129357405
urn:ioos:station:GOA_RUNOFF_DISCHARGE,urn:ioos:sensor:GOA_RUNOFF_DISCHARGE:q,58.069320239858385,-154.46915010358515,1981-04-28T00:00:00Z,0.05878061677668777
urn:ioos:station:GOA_RUNOFF_DISCHARGE,urn:ioos:sensor:GOA_RUNOFF_DISCHARGE:q,58.069320239858385,-154.46915010358515,1981-04-29T00:00:00Z,0.04160465721694362
urn:ioos:station:GOA_RUNOFF_DISCHARGE,urn:ioos:sensor:GOA_RUNOFF_DISCHARGE:q,58.069320239858385,-154.46915010358515,1981-04-30T00:00:00Z,0.02944758929615065
urn:ioos:station:GOA_RUNOFF_DISCHARGE,urn:ioos:sensor:GOA_RUNOFF_DISCHARGE:q,58.069320239858385,-154.46915010358515,1981-05-01T00:00:00Z,0.020842872950163502
urn:ioos:station:GOA_RUNOFF_DISCHARGE,urn:ioos:sensor:GOA_RUNOFF_DISCHARGE:q,58.069320239858385,-154.46915010358515,1981-05-02T00:00:00Z,0.014752491630542717
urn:ioos:station:GOA_RUNOFF_DISCHARGE,urn:ioos:sensor:GOA_RUNOFF_DISCHARGE:q,58.069320239858385,-154.46915010358515,1981-05-03T00:00:00Z,0.10928929983591967
urn:ioos:station:GOA_RUNOFF_DISCHARGE,urn:ioos:sensor:GOA_RUNOFF_DISCHARGE:q,58.069320239858385,-154.46915010358515,1981-05-04T00:00:00Z,0.8846054093761805
urn:ioos:station:GOA_RUNOFF_DISCHARGE,urn:ioos:sensor:GOA_RUNOFF_DISCHARGE:q,58.069320239858385,-154.46915010358515,1981-05-05T00:00:00Z,2.9289531073341966
urn:ioos:station:GOA_RUNOFF_DISCHARGE,urn:ioos:sensor:GOA_RUNOFF_DISCHARGE:q,58.069320239858385,-154.46915010358515,1981-05-06T00:00:00Z,2.1840559842119447
urn:ioos:station:GOA_RUNOFF_DISCHARGE,urn:ioos:sensor:GOA_RUNOFF_DISCHARGE:q,58.069320239858385,-154.46915010358515,1981-05-07T00:00:00Z,1.556944950881609
urn:ioos:station:GOA_RUNOFF_DISCHARGE,urn:ioos:sensor:GOA_RUNOFF_DISCHARGE:q,58.069320239858385,-154.46915010358515,1981-05-08T00:00:00Z,1.1031052555082261
urn:ioos:station:GOA_RUNOFF_DISCHARGE,urn:ioos:sensor:GOA_RUNOFF_DISCHARGE:q,58.069320239858385,-154.46915010358515,1981-05-09T00:00:00Z,0.7808835276417653
urn:ioos:station:GOA_RUNOFF_DISCHARGE,urn:ioos:sensor:GOA_RUNOFF_DISCHARGE:q,58.069320239858385,-154.46915010358515,1981-05-10T00:00:00Z,0.5527169106142922
urn:ioos:station:GOA_RUNOFF_DISCHARGE,urn:ioos:sensor:GOA_RUNOFF_DISCHARGE:q,58.069320239858385,-154.46915010358515,1981-05-11T00:00:00Z,2.2603555840971223
urn:ioos:station:GOA_RUNOFF_DISCHARGE,urn:ioos:sensor:GOA_RUNOFF_DISCHARGE:q,58.069320239858385,-154.46915010358515,1981-05-12T00:00:00Z,2.9917738637479037
urn:ioos:station:GOA_RUNOFF_DISCHARGE,urn:ioos:sensor:GOA_RUNOFF_DISCHARGE:q,58.069320239858385,-154.46915010358515,1981-05-13T00:00:00Z,2.188055591840777
urn:ioos:station:GOA_RUNOFF_DISCHARGE,urn:ioos:sensor:GOA_RUNOFF_DISCHARGE:q,58.069320239858385,-154.46915010358515,1981-05-14T00:00:00Z,1.5557352807234908
urn:ioos:station:GOA_RUNOFF_DISCHARGE,urn:ioos:sensor:GOA_RUNOFF_DISCHARGE:q,58.069320239858385,-154.46915010358515,1981-05-15T00:00:00Z,1.1018455277649892
urn:ioos:station:GOA_RUNOFF_DISCHARGE,urn:ioos:sensor:GOA_RUNOFF_DISCHARGE:q,58.069320239858385,-154.46915010358515,1981-05-16T00:00:00Z,0.779951509345388
urn:ioos:station:GOA_RUNOFF_DISCHARGE,urn:ioos:sensor:GOA_RUNOFF_DISCHARGE:q,58.069320239858385,-154.46915010358515,1981-05-17T00:00:00Z,0.5809412320632
urn:ioos:station:GOA_RUNOFF_DISCHARGE,urn:ioos:sensor:GOA_RUNOFF_DISCHARGE:q,58.069320239858385,-154.46915010358515,1981-05-18T00:00:00Z,0.41255488293835696
urn:ioos:station:GOA_RUNOFF_DISCHARGE,urn:ioos:sensor:GOA_RUNOFF_DISCHARGE:q,58.069320239858385,-154.46915010358515,1981-05-19T00:00:00Z,3.1670119846155544
urn:ioos:station:GOA_RUNOFF_DISCHARGE,urn:ioos:sensor:GOA_RUNOFF_DISCHARGE:q,58.069320239858385,-154.46915010358515,1981-05-20T00:00:00Z,2.7253646330424908
urn:ioos:station:GOA_RUNOFF_DISCHARGE,urn:ioos:sensor:GOA_RUNOFF_DISCHARGE:q,58.069320239858385,-154.46915010358515,1981-05-21T00:00:00Z,1.9590336544725748
urn:ioos:station:GOA_RUNOFF_DISCHARGE,urn:ioos:sensor:GOA_RUNOFF_DISCHARGE:q,58.069320239858385,-154.46915010358515,1981-05-22T00:00:00Z,1.3895943530514767
urn:ioos:station:GOA_RUNOFF_DISCHARGE,urn:ioos:sensor:GOA_RUNOFF_DISCHARGE:q,58.069320239858385,-154.46915010358515,1981-05-23T00:00:00Z,0.9838481568122318
urn:ioos:station:GOA_RUNOFF_DISCHARGE,urn:ioos:sensor:GOA_RUNOFF_DISCHARGE:q,58.069320239858385,-154.46915010358515,1981-05-24T00:00:00Z,0.6963932307245738
urn:ioos:station:GOA_RUNOFF_DISCHARGE,urn:ioos:sensor:GOA_RUNOFF_DISCHARGE:q,58.069320239858385,-154.46915010358515,1981-05-25T00:00:00Z,0.4929070422999626
urn:ioos:station:GOA_RUNOFF_DISCHARGE,urn:ioos:sensor:GOA_RUNOFF_DISCHARGE:q,58.069320239858385,-154.46915010358515,1981-05-26T00:00:00Z,0.3488777208354917
urn:ioos:station:GOA_RUNOFF_DISCHARGE,urn:ioos:sensor:GOA_RUNOFF_DISCHARGE:q,58.069320239858385,-154.46915010358515,1981-05-27T00:00:00Z,0.2469341002785954
urn:ioos:station:GOA_RUNOFF_DISCHARGE,urn:ioos:sensor:GOA_RUNOFF_DISCHARGE:q,58.069320239858385,-154.46915010358515,1981-05-28T00:00:00Z,0.1747788540354606
urn:ioos:station:GOA_RUNOFF_DISCHARGE,urn:ioos:sensor:GOA_RUNOFF_DISCHARGE:q,58.069320239858385,-154.46915010358515,1981-05-29T00:00:00Z,0.21912433259553857
urn:ioos:station:GOA_RUNOFF_DISCHARGE,urn:ioos:sensor:GOA_RUNOFF_DISCHARGE:q,58.069320239858385,-154.46915010358515,1981-05-30T00:00:00Z,0.9827063702649442
urn:ioos:station:GOA_RUNOFF_DISCHARGE,urn:ioos:sensor:GOA_RUNOFF_DISCHARGE:q,58.069320239858385,-154.46915010358515,1981-05-31T00:00:00Z,0.7349428993398761
urn:ioos:station:GOA_RUNOFF_DISCHARGE,urn:ioos:sensor:GOA_RUNOFF_DISCHARGE:q,58.069320239858385,-154.46915010358515,1981-06-01T00:00:00Z,0.5845524822905354
urn:ioos:station:GOA_RUNOFF_DISCHARGE,urn:ioos:sensor:GOA_RUNOFF_DISCHARGE:q,58.069320239858385,-154.46915010358515,1981-06-02T00:00:00Z,0.7230824748227471
urn:ioos:station:GOA_RUNOFF_DISCHARGE,urn:ioos:sensor:GOA_RUNOFF_DISCHARGE:q,58.069320239858385,-154.46915010358515,1981-06-03T00:00:00Z,1.0871162313459477
urn:ioos:station:GOA_RUNOFF_DISCHARGE,urn:ioos:sensor:GOA_RUNOFF_DISCHARGE:q,58.069320239858385,-154.46915010358515,1981-06-04T00:00:00Z,0.797449825610876
urn:ioos:station:GOA_RUNOFF_DISCHARGE,urn:ioos:sensor:GOA_RUNOFF_DISCHARGE:q,58.069320239858385,-154.46915010358515,1981-06-05T00:00:00Z,0.567226900871987
urn:ioos:station:GOA_RUNOFF_DISCHARGE,urn:ioos:sensor:GOA_RUNOFF_DISCHARGE:q,58.069320239858385,-154.46915010358515,1981-06-06T00:00:00Z,0.4017598101276383
urn:ioos:station:GOA_RUNOFF_DISCHARGE,urn:ioos:sensor:GOA_RUNOFF_DISCHARGE:q,58.069320239858385,-154.46915010358515,1981-06-07T00:00:00Z,0.8301789350482872
urn:ioos:station:GOA_RUNOFF_DISCHARGE,urn:ioos:sensor:GOA_RUNOFF_DISCHARGE:q,58.069320239858385,-154.46915010358515,1981-06-08T00:00:00Z,0.9901558729880034
urn:ioos:station:GOA_RUNOFF_DISCHARGE,urn:ioos:sensor:GOA_RUNOFF_DISCHARGE:q,58.069320239858385,-154.46915010358515,1981-06-09T00:00:00Z,0.7212281076978143
urn:ioos:station:GOA_RUNOFF_DISCHARGE,urn:ioos:sensor:GOA_RUNOFF_DISCHARGE:q,58.069320239858385,-154.46915010358515,1981-06-10T00:00:00Z,0.5125192226329487
urn:ioos:station:GOA_RUNOFF_DISCHARGE,urn:ioos:sensor:GOA_RUNOFF_DISCHARGE:q,58.069320239858385,-154.46915010358515,1981-06-11T00:00:00Z,0.3629622216196798
urn:ioos:station:GOA_RUNOFF_DISCHARGE,urn:ioos:sensor:GOA_RUNOFF_DISCHARGE:q,58.069320239858385,-154.46915010358515,1981-06-12T00:00:00Z,0.2569233841041618
urn:ioos:station:GOA_RUNOFF_DISCHARGE,urn:ioos:sensor:GOA_RUNOFF_DISCHARGE:q,58.069320239858385,-154.46915010358515,1981-06-13T00:00:00Z,0.18185126395814177
urn:ioos:station:GOA_RUNOFF_DISCHARGE,urn:ioos:sensor:GOA_RUNOFF_DISCHARGE:q,58.069320239858385,-154.46915010358515,1981-06-14T00:00:00Z,0.12871371489069214
urn:ioos:station:GOA_RUNOFF_DISCHARGE,urn:ioos:sensor:GOA_RUNOFF_DISCHARGE:q,58.069320239858385,-154.46915010358515,1981-06-15T00:00:00Z,0.09110301244617995
urn:ioos:station:GOA_RUNOFF_DISCHARGE,urn:ioos:sensor:GOA_RUNOFF_DISCHARGE:q,58.069320239858385,-154.46915010358515,1981-06-16T00:00:00Z,0.06448230563459574
urn:ioos:station:GOA_RUNOFF_DISCHARGE,urn:ioos:sensor:GOA_RUNOFF_DISCHARGE:q,58.069320239858385,-154.46915010358515,1981-06-17T00:00:00Z,0.04564029512468351
urn:ioos:station:GOA_RUNOFF_DISCHARGE,urn:ioos:sensor:GOA_RUNOFF_DISCHARGE:q,58.069320239858385,-154.46915010358515,1981-06-18T00:00:00Z,0.03230399819138731
urn:ioos:station:GOA_RUNOFF_DISCHARGE,urn:ioos:sensor:GOA_RUNOFF_DISCHARGE:q,58.069320239858385,-154.46915010358515,1981-06-19T00:00:00Z,0.022864624236504354
urn:ioos:station:GOA_RUNOFF_DISCHARGE,urn:ioos:sensor:GOA_RUNOFF_DISCHARGE:q,58.069320239858385,-154.46915010358515,1981-06-20T00:00:00Z,0.016183481394678602
urn:ioos:station:GOA_RUNOFF_DISCHARGE,urn:ioos:sensor:GOA_RUNOFF_DISCHARGE:q,58.069320239858385,-154.46915010358515,1981-06-21T00:00:00Z,0.011454595678184685
urn:ioos:station:GOA_RUNOFF_DISCHARGE,urn:ioos:sensor:GOA_RUNOFF_DISCHARGE:q,58.069320239858385,-154.46915010358515,1981-06-22T00:00:00Z,0.008107511652801887
urn:ioos:station:GOA_RUNOFF_DISCHARGE,urn:ioos:sensor:GOA_RUNOFF_DISCHARGE:q,58.069320239858385,-154.46915010358515,1981-06-23T00:00:00Z,0.00573846068879609
urn:ioos:station:GOA_RUNOFF_DISCHARGE,urn:ioos:sensor:GOA_RUNOFF_DISCHARGE:q,58.069320239858385,-154.46915010358515,1981-06-24T00:00:00Z,0.004061657234909368
urn:ioos:station:GOA_RUNOFF_DISCHARGE,urn:ioos:sensor:GOA_RUNOFF_DISCHARGE:q,58.069320239858385,-154.46915010358515,1981-06-25T00:00:00Z,0.002874822818014703
urn:ioos:station:GOA_RUNOFF_DISCHARGE,urn:ioos:sensor:GOA_RUNOFF_DISCHARGE:q,58.069320239858385,-154.46915010358515,1981-06-26T00:00:00Z,0.002034786773201424
urn:ioos:station:GOA_RUNOFF_DISCHARGE,urn:ioos:sensor:GOA_RUNOFF_DISCHARGE:q,58.069320239858385,-154.46915010358515,1981-06-27T00:00:00Z,0.001440213041724063
urn:ioos:station:GOA_RUNOFF_DISCHARGE,urn:ioos:sensor:GOA_RUNOFF_DISCHARGE:q,58.069320239858385,-154.46915010358515,1981-06-28T00:00:00Z,0.00101937638293136
urn:ioos:station:GOA_RUNOFF_DISCHARGE,urn:ioos:sensor:GOA_RUNOFF_DISCHARGE:q,58.069320239858385,-154.46915010358515,1981-06-29T00:00:00Z,7.215100994115832E-4
urn:ioos:station:GOA_RUNOFF_DISCHARGE,urn:ioos:sensor:GOA_RUNOFF_DISCHARGE:q,58.069320239858385,-154.46915010358515,1981-06-30T00:00:00Z,5.106816167411407E-4
urn:ioos:station:GOA_RUNOFF_DISCHARGE,urn:ioos:sensor:GOA_RUNOFF_DISCHARGE:q,58.069320239858385,-154.46915010358515,1981-07-01T00:00:00Z,3.614581879576631E-4
urn:ioos:station:GOA_RUNOFF_DISCHARGE,urn:ioos:sensor:GOA_RUNOFF_DISCHARGE:q,58.069320239858385,-154.46915010358515,1981-07-02T00:00:00Z,2.558385327411225E-4
urn:ioos:station:GOA_RUNOFF_DISCHARGE,urn:ioos:sensor:GOA_RUNOFF_DISCHARGE:q,58.069320239858385,-154.46915010358515,1981-07-03T00:00:00Z,1.8108136971181743E-4
urn:ioos:station:GOA_RUNOFF_DISCHARGE,urn:ioos:sensor:GOA_RUNOFF_DISCHARGE:q,58.069320239858385,-154.46915010358515,1981-07-04T00:00:00Z,1.2816858624449477E-4
urn:ioos:station:GOA_RUNOFF_DISCHARGE,urn:ioos:sensor:GOA_RUNOFF_DISCHARGE:q,58.069320239858385,-154.46915010358515,1981-07-05T00:00:00Z,9.071715996667557E-5
urn:ioos:station:GOA_RUNOFF_DISCHARGE,urn:ioos:sensor:GOA_RUNOFF_DISCHARGE:q,58.069320239858385,-154.46915010358515,1981-07-06T00:00:00Z,6.420920197760681E-5
urn:ioos:station:GOA_RUNOFF_DISCHARGE,urn:ioos:sensor:GOA_RUNOFF_DISCHARGE:q,58.069320239858385,-154.46915010358515,1981-07-07T00:00:00Z,4.544698616085818E-5
urn:ioos:station:GOA_RUNOFF_DISCHARGE,urn:ioos:sensor:GOA_RUNOFF_DISCHARGE:q,58.069320239858385,-154.46915010358515,1981-07-08T00:00:00Z,3.216717586086665E-5
urn:ioos:station:GOA_RUNOFF_DISCHARGE,urn:ioos:sensor:GOA_RUNOFF_DISCHARGE:q,58.069320239858385,-154.46915010358515,1981-07-09T00:00:00Z,1.128859981719701
urn:ioos:station:GOA_RUNOFF_DISCHARGE,urn:ioos:sensor:GOA_RUNOFF_DISCHARGE:q,58.069320239858385,-154.46915010358515,1981-07-10T00:00:00Z,3.0760839928258843
urn:ioos:station:GOA_RUNOFF_DISCHARGE,urn:ioos:sensor:GOA_RUNOFF_DISCHARGE:q,58.069320239858385,-154.46915010358515,1981-07-11T00:00:00Z,2.287763197297896
urn:ioos:station:GOA_RUNOFF_DISCHARGE,urn:ioos:sensor:GOA_RUNOFF_DISCHARGE:q,58.069320239858385,-154.46915010358515,1981-07-12T00:00:00Z,1.6766908510428005
urn:ioos:station:GOA_RUNOFF_DISCHARGE,urn:ioos:sensor:GOA_RUNOFF_DISCHARGE:q,58.069320239858385,-154.46915010358515,1981-07-13T00:00:00Z,1.1900508736865423
urn:ioos:station:GOA_RUNOFF_DISCHARGE,urn:ioos:sensor:GOA_RUNOFF_DISCHARGE:q,58.069320239858385,-154.46915010358515,1981-07-14T00:00:00Z,1.6697652756068218
urn:ioos:station:GOA_RUNOFF_DISCHARGE,urn:ioos:sensor:GOA_RUNOFF_DISCHARGE:q,58.069320239858385,-154.46915010358515,1981-07-15T00:00:00Z,1.9885686821515351
urn:ioos:station:GOA_RUNOFF_DISCHARGE,urn:ioos:sensor:GOA_RUNOFF_DISCHARGE:q,58.069320239858385,-154.46915010358515,1981-07-16T00:00:00Z,1.6132086240956494
urn:ioos:station:GOA_RUNOFF_DISCHARGE,urn:ioos:sensor:GOA_RUNOFF_DISCHARGE:q,58.069320239858385,-154.46915010358515,1981-07-17T00:00:00Z,1.153666836969866
urn:ioos:station:GOA_RUNOFF_DISCHARGE,urn:ioos:sensor:GOA_RUNOFF_DISCHARGE:q,58.069320239858385,-154.46915010358515,1981-07-18T00:00:00Z,0.8177430785277205
urn:ioos:station:GOA_RUNOFF_DISCHARGE,urn:ioos:sensor:GOA_RUNOFF_DISCHARGE:q,58.069320239858385,-154.46915010358515,1981-07-19T00:00:00Z,0.5789130118535524
urn:ioos:station:GOA_RUNOFF_DISCHARGE,urn:ioos:sensor:GOA_RUNOFF_DISCHARGE:q,58.069320239858385,-154.46915010358515,1981-07-20T00:00:00Z,0.40976382722986765
urn:ioos:station:GOA_RUNOFF_DISCHARGE,urn:ioos:sensor:GOA_RUNOFF_DISCHARGE:q,58.069320239858385,-154.46915010358515,1981-07-21T00:00:00Z,0.29003019479485825
urn:ioos:station:GOA_RUNOFF_DISCHARGE,urn:ioos:sensor:GOA_RUNOFF_DISCHARGE:q,58.069320239858385,-154.46915010358515,1981-07-22T00:00:00Z,0.2052822262938228
urn:ioos:station:GOA_RUNOFF_DISCHARGE,urn:ioos:sensor:GOA_RUNOFF_DISCHARGE:q,58.069320239858385,-154.46915010358515,1981-07-23T00:00:00Z,0.14529784710785174
urn:ioos:station:GOA_RUNOFF_DISCHARGE,urn:ioos:sensor:GOA_RUNOFF_DISCHARGE:q,58.069320239858385,-154.46915010358515,1981-07-24T00:00:00Z,1.400578868497072
urn:ioos:station:GOA_RUNOFF_DISCHARGE,urn:ioos:sensor:GOA_RUNOFF_DISCHARGE:q,58.069320239858385,-154.46915010358515,1981-07-25T00:00:00Z,1.0527134488523557
urn:ioos:station:GOA_RUNOFF_DISCHARGE,urn:ioos:sensor:GOA_RUNOFF_DISCHARGE:q,58.069320239858385,-154.46915010358515,1981-07-26T00:00:00Z,0.7512362815131176
urn:ioos:station:GOA_RUNOFF_DISCHARGE,urn:ioos:sensor:GOA_RUNOFF_DISCHARGE:q,58.069320239858385,-154.46915010358515,1981-07-27T00:00:00Z,0.5323338697819592
urn:ioos:station:GOA_RUNOFF_DISCHARGE,urn:ioos:sensor:GOA_RUNOFF_DISCHARGE:q,58.069320239858385,-154.46915010358515,1981-07-28T00:00:00Z,0.3768446831493458
urn:ioos:station:GOA_RUNOFF_DISCHARGE,urn:ioos:sensor:GOA_RUNOFF_DISCHARGE:q,58.069320239858385,-154.46915010358515,1981-07-29T00:00:00Z,0.2667350819042046
urn:ioos:station:GOA_RUNOFF_DISCHARGE,urn:ioos:sensor:GOA_RUNOFF_DISCHARGE:q,58.069320239858385,-154.46915010358515,1981-07-30T00:00:00Z,0.18879451741777425
urn:ioos:station:GOA_RUNOFF_DISCHARGE,urn:ioos:sensor:GOA_RUNOFF_DISCHARGE:q,58.069320239858385,-154.46915010358515,1981-07-31T00:00:00Z,0.1336279916857113
urn:ioos:station:GOA_RUNOFF_DISCHARGE,urn:ioos:sensor:GOA_RUNOFF_DISCHARGE:q,58.069320239858385,-154.46915010358515,1981-08-01T00:00:00Z,0.09458129926862859
urn:ioos:station:GOA_RUNOFF_DISCHARGE,urn:ioos:sensor:GOA_RUNOFF_DISCHARGE:q,58.069320239858385,-154.46915010358515,1981-08-02T00:00:00Z,0.06694422532082844
urn:ioos:station:GOA_RUNOFF_DISCHARGE,urn:ioos:sensor:GOA_RUNOFF_DISCHARGE:q,58.069320239858385,-154.46915010358515,1981-08-03T00:00:00Z,0.047382826138580095
urn:ioos:station:GOA_RUNOFF_DISCHARGE,urn:ioos:sensor:GOA_RUNOFF_DISCHARGE:q,58.069320239858385,-154.46915010358515,1981-08-04T00:00:00Z,0.03353735279003351
urn:ioos:station:GOA_RUNOFF_DISCHARGE,urn:ioos:sensor:GOA_RUNOFF_DISCHARGE:q,58.069320239858385,-154.46915010358515,1981-08-05T00:00:00Z,0.02373758971154122
urn:ioos:station:GOA_RUNOFF_DISCHARGE,urn:ioos:sensor:GOA_RUNOFF_DISCHARGE:q,58.069320239858385,-154.46915010358515,1981-08-06T00:00:00Z,0.016801360182934922
urn:ioos:station:GOA_RUNOFF_DISCHARGE,urn:ioos:sensor:GOA_RUNOFF_DISCHARGE:q,58.069320239858385,-154.46915010358515,1981-08-07T00:00:00Z,0.011891928399747405
urn:ioos:station:GOA_RUNOFF_DISCHARGE,urn:ioos:sensor:GOA_RUNOFF_DISCHARGE:q,58.069320239858385,-154.46915010358515,1981-08-08T00:00:00Z,1.6578644629723964
urn:ioos:station:GOA_RUNOFF_DISCHARGE,urn:ioos:sensor:GOA_RUNOFF_DISCHARGE:q,58.069320239858385,-154.46915010358515,1981-08-09T00:00:00Z,1.4865172833332942
urn:ioos:station:GOA_RUNOFF_DISCHARGE,urn:ioos:sensor:GOA_RUNOFF_DISCHARGE:q,58.069320239858385,-154.46915010358515,1981-08-10T00:00:00Z,1.78775106950967
urn:ioos:station:GOA_RUNOFF_DISCHARGE,urn:ioos:sensor:GOA_RUNOFF_DISCHARGE:q,58.069320239858385,-154.46915010358515,1981-08-11T00:00:00Z,3.583047744412384
urn:ioos:station:GOA_RUNOFF_DISCHARGE,urn:ioos:sensor:GOA_RUNOFF_DISCHARGE:q,58.069320239858385,-154.46915010358515,1981-08-12T00:00:00Z,2.819958339817023
urn:ioos:station:GOA_RUNOFF_DISCHARGE,urn:ioos:sensor:GOA_RUNOFF_DISCHARGE:q,58.069320239858385,-154.46915010358515,1981-08-13T00:00:00Z,2.0152441785029414
urn:ioos:station:GOA_RUNOFF_DISCHARGE,urn:ioos:sensor:GOA_RUNOFF_DISCHARGE:q,58.069320239858385,-154.46915010358515,1981-08-14T00:00:00Z,1.7699658265867755
urn:ioos:station:GOA_RUNOFF_DISCHARGE,urn:ioos:sensor:GOA_RUNOFF_DISCHARGE:q,58.069320239858385,-154.46915010358515,1981-08-15T00:00:00Z,1.2691285708777542
urn:ioos:station:GOA_RUNOFF_DISCHARGE,urn:ioos:sensor:GOA_RUNOFF_DISCHARGE:q,58.069320239858385,-154.46915010358515,1981-08-16T00:00:00Z,0.8999167814466189
urn:ioos:station:GOA_RUNOFF_DISCHARGE,urn:ioos:sensor:GOA_RUNOFF_DISCHARGE:q,58.069320239858385,-154.46915010358515,1981-08-17T00:00:00Z,0.6371201165423946
urn:ioos:station:GOA_RUNOFF_DISCHARGE,urn:ioos:sensor:GOA_RUNOFF_DISCHARGE:q,58.069320239858385,-154.46915010358515,1981-08-18T00:00:00Z,0.4509671069753347
urn:ioos:station:GOA_RUNOFF_DISCHARGE,urn:ioos:sensor:GOA_RUNOFF_DISCHARGE:q,58.069320239858385,-154.46915010358515,1981-08-19T00:00:00Z,0.3191941319791463
urn:ioos:station:GOA_RUNOFF_DISCHARGE,urn:ioos:sensor:GOA_RUNOFF_DISCHARGE:q,58.069320239858385,-154.46915010358515,1981-08-20T00:00:00Z,0.2259243365072188
urn:ioos:station:GOA_RUNOFF_DISCHARGE,urn:ioos:sensor:GOA_RUNOFF_DISCHARGE:q,58.069320239858385,-154.46915010358515,1981-08-21T00:00:00Z,0.15990826498457356
urn:ioos:station:GOA_RUNOFF_DISCHARGE,urn:ioos:sensor:GOA_RUNOFF_DISCHARGE:q,58.069320239858385,-154.46915010358515,1981-08-22T00:00:00Z,0.1131823706496437
urn:ioos:station:GOA_RUNOFF_DISCHARGE,urn:ioos:sensor:GOA_RUNOFF_DISCHARGE:q,58.069320239858385,-154.46915010358515,1981-08-23T00:00:00Z,0.08010997865988449
urn:ioos:station:GOA_RUNOFF_DISCHARGE,urn:ioos:sensor:GOA_RUNOFF_DISCHARGE:q,58.069320239858385,-154.46915010358515,1981-08-24T00:00:00Z,0.7210459007191309
urn:ioos:station:GOA_RUNOFF_DISCHARGE,urn:ioos:sensor:GOA_RUNOFF_DISCHARGE:q,58.069320239858385,-154.46915010358515,1981-08-25T00:00:00Z,0.9582695201610225
urn:ioos:station:GOA_RUNOFF_DISCHARGE,urn:ioos:sensor:GOA_RUNOFF_DISCHARGE:q,58.069320239858385,-154.46915010358515,1981-08-26T00:00:00Z,0.7010993015126334
urn:ioos:station:GOA_RUNOFF_DISCHARGE,urn:ioos:sensor:GOA_RUNOFF_DISCHARGE:q,58.069320239858385,-154.46915010358515,1981-08-27T00:00:00Z,0.4985157611981245
urn:ioos:station:GOA_RUNOFF_DISCHARGE,urn:ioos:sensor:GOA_RUNOFF_DISCHARGE:q,58.069320239858385,-154.46915010358515,1981-08-28T00:00:00Z,0.35307502632513016
urn:ioos:station:GOA_RUNOFF_DISCHARGE,urn:ioos:sensor:GOA_RUNOFF_DISCHARGE:q,58.069320239858385,-154.46915010358515,1981-08-29T00:00:00Z,0.2499276721371286
urn:ioos:station:GOA_RUNOFF_DISCHARGE,urn:ioos:sensor:GOA_RUNOFF_DISCHARGE:q,58.069320239858385,-154.46915010358515,1981-08-30T00:00:00Z,0.1768999702038251
urn:ioos:station:GOA_RUNOFF_DISCHARGE,urn:ioos:sensor:GOA_RUNOFF_DISCHARGE:q,58.069320239858385,-154.46915010358515,1981-08-31T00:00:00Z,0.12520923992622607
urn:ioos:station:GOA_RUNOFF_DISCHARGE,urn:ioos:sensor:GOA_RUNOFF_DISCHARGE:q,58.069320239858385,-154.46915010358515,1981-09-01T00:00:00Z,0.3700897047527951
urn:ioos:station:GOA_RUNOFF_DISCHARGE,urn:ioos:sensor:GOA_RUNOFF_DISCHARGE:q,58.069320239858385,-154.46915010358515,1981-09-02T00:00:00Z,0.2619828180292205
urn:ioos:station:GOA_RUNOFF_DISCHARGE,urn:ioos:sensor:GOA_RUNOFF_DISCHARGE:q,58.069320239858385,-154.46915010358515,1981-09-03T00:00:00Z,0.41897688959263496
urn:ioos:station:GOA_RUNOFF_DISCHARGE,urn:ioos:sensor:GOA_RUNOFF_DISCHARGE:q,58.069320239858385,-154.46915010358515,1981-09-04T00:00:00Z,0.30759817069587897
urn:ioos:station:GOA_RUNOFF_DISCHARGE,urn:ioos:sensor:GOA_RUNOFF_DISCHARGE:q,58.069320239858385,-154.46915010358515,1981-09-05T00:00:00Z,0.2188198594718632
urn:ioos:station:GOA_RUNOFF_DISCHARGE,urn:ioos:sensor:GOA_RUNOFF_DISCHARGE:q,58.069320239858385,-154.46915010358515,1981-09-06T00:00:00Z,1.1809598636880159
urn:ioos:station:GOA_RUNOFF_DISCHARGE,urn:ioos:sensor:GOA_RUNOFF_DISCHARGE:q,58.069320239858385,-154.46915010358515,1981-09-07T00:00:00Z,2.627879558053154
urn:ioos:station:GOA_RUNOFF_DISCHARGE,urn:ioos:sensor:GOA_RUNOFF_DISCHARGE:q,58.069320239858385,-154.46915010358515,1981-09-08T00:00:00Z,1.947323994719035
urn:ioos:station:GOA_RUNOFF_DISCHARGE,urn:ioos:sensor:GOA_RUNOFF_DISCHARGE:q,58.069320239858385,-154.46915010358515,1981-09-09T00:00:00Z,1.387027142234128
urn:ioos:station:GOA_RUNOFF_DISCHARGE,urn:ioos:sensor:GOA_RUNOFF_DISCHARGE:q,58.069320239858385,-154.46915010358515,1981-09-10T00:00:00Z,0.9826025057092255
urn:ioos:station:GOA_RUNOFF_DISCHARGE,urn:ioos:sensor:GOA_RUNOFF_DISCHARGE:q,58.069320239858385,-154.46915010358515,1981-09-11T00:00:00Z,0.6955686290333192
urn:ioos:station:GOA_RUNOFF_DISCHARGE,urn:ioos:sensor:GOA_RUNOFF_DISCHARGE:q,58.069320239858385,-154.46915010358515,1981-09-12T00:00:00Z,0.49232911070620367
urn:ioos:station:GOA_RUNOFF_DISCHARGE,urn:ioos:sensor:GOA_RUNOFF_DISCHARGE:q,58.069320239858385,-154.46915010358515,1981-09-13T00:00:00Z,0.5628301214968404
urn:ioos:station:GOA_RUNOFF_DISCHARGE,urn:ioos:sensor:GOA_RUNOFF_DISCHARGE:q,58.069320239858385,-154.46915010358515,1981-09-14T00:00:00Z,4.045942929290254
urn:ioos:station:GOA_RUNOFF_DISCHARGE,urn:ioos:sensor:GOA_RUNOFF_DISCHARGE:q,58.069320239858385,-154.46915010358515,1981-09-15T00:00:00Z,4.294109886716132
urn:ioos:station:GOA_RUNOFF_DISCHARGE,urn:ioos:sensor:GOA_RUNOFF_DISCHARGE:q,58.069320239858385,-154.46915010358515,1981-09-16T00:00:00Z,3.15964871775858
urn:ioos:station:GOA_RUNOFF_DISCHARGE,urn:ioos:sensor:GOA_RUNOFF_DISCHARGE:q,58.069320239858385,-154.46915010358515,1981-09-17T00:00:00Z,2.2461102872987135
urn:ioos:station:GOA_RUNOFF_DISCHARGE,urn:ioos:sensor:GOA_RUNOFF_DISCHARGE:q,58.069320239858385,-154.46915010358515,1981-09-18T00:00:00Z,1.5907579616167622
urn:ioos:station:GOA_RUNOFF_DISCHARGE,urn:ioos:sensor:GOA_RUNOFF_DISCHARGE:q,58.069320239858385,-154.46915010358515,1981-09-19T00:00:00Z,1.1260284721152223
urn:ioos:station:GOA_RUNOFF_DISCHARGE,urn:ioos:sensor:GOA_RUNOFF_DISCHARGE:q,58.069320239858385,-154.46915010358515,1981-09-20T00:00:00Z,1.5634707234235667
urn:ioos:station:GOA_RUNOFF_DISCHARGE,urn:ioos:sensor:GOA_RUNOFF_DISCHARGE:q,58.069320239858385,-154.46915010358515,1981-09-21T00:00:00Z,1.1428765002250192
urn:ioos:station:GOA_RUNOFF_DISCHARGE,urn:ioos:sensor:GOA_RUNOFF_DISCHARGE:q,58.069320239858385,-154.46915010358515,1981-09-22T00:00:00Z,0.812543601765977
urn:ioos:station:GOA_RUNOFF_DISCHARGE,urn:ioos:sensor:GOA_RUNOFF_DISCHARGE:q,58.069320239858385,-154.46915010358515,1981-09-23T00:00:00Z,0.5754763382765512
urn:ioos:station:GOA_RUNOFF_DISCHARGE,urn:ioos:sensor:GOA_RUNOFF_DISCHARGE:q,58.069320239858385,-154.46915010358515,1981-09-24T00:00:00Z,0.4073557021807304
urn:ioos:station:GOA_RUNOFF_DISCHARGE,urn:ioos:sensor:GOA_RUNOFF_DISCHARGE:q,58.069320239858385,-154.46915010358515,1981-09-25T00:00:00Z,0.2883281711221387
urn:ioos:station:GOA_RUNOFF_DISCHARGE,urn:ioos:sensor:GOA_RUNOFF_DISCHARGE:q,58.069320239858385,-154.46915010358515,1981-09-26T00:00:00Z,0.20407775265242506
urn:ioos:station:GOA_RUNOFF_DISCHARGE,urn:ioos:sensor:GOA_RUNOFF_DISCHARGE:q,58.069320239858385,-154.46915010358515,1981-09-27T00:00:00Z,0.21988924012319921
urn:ioos:station:GOA_RUNOFF_DISCHARGE,urn:ioos:sensor:GOA_RUNOFF_DISCHARGE:q,58.069320239858385,-154.46915010358515,1981-09-28T00:00:00Z,0.15920553476615498
urn:ioos:station:GOA_RUNOFF_DISCHARGE,urn:ioos:sensor:GOA_RUNOFF_DISCHARGE:q,58.069320239858385,-154.46915010358515,1981-09-29T00:00:00Z,0.1426869263492268
urn:ioos:station:GOA_RUNOFF_DISCHARGE,urn:ioos:sensor:GOA_RUNOFF_DISCHARGE:q,58.069320239858385,-154.46915010358515,1981-09-30T00:00:00Z,0.10243115578225975
urn:ioos:station:GOA_RUNOFF_DISCHARGE,urn:ioos:sensor:GOA_RUNOFF_DISCHARGE:q,58.069320239858385,-154.46915010358515,1981-10-01T00:00:00Z,0.07264390792861011
urn:ioos:station:GOA_RUNOFF_DISCHARGE,urn:ioos:sensor:GOA_RUNOFF_DISCHARGE:q,58.069320239858385,-154.46915010358515,1981-10-02T00:00:00Z,0.051431377225923884
urn:ioos:station:GOA_RUNOFF_DISCHARGE,urn:ioos:sensor:GOA_RUNOFF_DISCHARGE:q,58.069320239858385,-154.46915010358515,1981-10-03T00:00:00Z,0.036404333554532
urn:ioos:station:GOA_RUNOFF_DISCHARGE,urn:ioos:sensor:GOA_RUNOFF_DISCHARGE:q,58.069320239858385,-154.46915010358515,1981-10-04T00:00:00Z,0.04551352313924395
urn:ioos:station:GOA_RUNOFF_DISCHARGE,urn:ioos:sensor:GOA_RUNOFF_DISCHARGE:q,58.069320239858385,-154.46915010358515,1981-10-05T00:00:00Z,0.03302671485445547
urn:ioos:station:GOA_RUNOFF_DISCHARGE,urn:ioos:sensor:GOA_RUNOFF_DISCHARGE:q,58.069320239858385,-154.46915010358515,1981-10-06T00:00:00Z,0.0234572943685887
urn:ioos:station:GOA_RUNOFF_DISCHARGE,urn:ioos:sensor:GOA_RUNOFF_DISCHARGE:q,58.069320239858385,-154.46915010358515,1981-10-07T00:00:00Z,0.01661106961959817
urn:ioos:station:GOA_RUNOFF_DISCHARGE,urn:ioos:sensor:GOA_RUNOFF_DISCHARGE:q,58.069320239858385,-154.46915010358515,1981-10-08T00:00:00Z,0.011758051287707896
urn:ioos:station:GOA_RUNOFF_DISCHARGE,urn:ioos:sensor:GOA_RUNOFF_DISCHARGE:q,58.069320239858385,-154.46915010358515,1981-10-09T00:00:00Z,0.00832237723849767
urn:ioos:station:GOA_RUNOFF_DISCHARGE,urn:ioos:sensor:GOA_RUNOFF_DISCHARGE:q,58.069320239858385,-154.46915010358515,1981-10-10T00:00:00Z,0.00589054976247132
urn:ioos:station:GOA_RUNOFF_DISCHARGE,urn:ioos:sensor:GOA_RUNOFF_DISCHARGE:q,58.069320239858385,-154.46915010358515,1981-10-11T00:00:00Z,3.952295909460563
urn:ioos:station:GOA_RUNOFF_DISCHARGE,urn:ioos:sensor:GOA_RUNOFF_DISCHARGE:q,58.069320239858385,-154.46915010358515,1981-10-12T00:00:00Z,3.424096427848708
urn:ioos:station:GOA_RUNOFF_DISCHARGE,urn:ioos:sensor:GOA_RUNOFF_DISCHARGE:q,58.069320239858385,-154.46915010358515,1981-10-13T00:00:00Z,2.8145773796422158
urn:ioos:station:GOA_RUNOFF_DISCHARGE,urn:ioos:sensor:GOA_RUNOFF_DISCHARGE:q,58.069320239858385,-154.46915010358515,1981-10-14T00:00:00Z,2.0618403572559347
urn:ioos:station:GOA_RUNOFF_DISCHARGE,urn:ioos:sensor:GOA_RUNOFF_DISCHARGE:q,58.069320239858385,-154.46915010358515,1981-10-15T00:00:00Z,2.0172583220723586
urn:ioos:station:GOA_RUNOFF_DISCHARGE,urn:ioos:sensor:GOA_RUNOFF_DISCHARGE:q,58.069320239858385,-154.46915010358515,1981-10-16T00:00:00Z,1.8279214593335575
urn:ioos:station:GOA_RUNOFF_DISCHARGE,urn:ioos:sensor:GOA_RUNOFF_DISCHARGE:q,58.069320239858385,-154.46915010358515,1981-10-17T00:00:00Z,1.3616636676866276
urn:ioos:station:GOA_RUNOFF_DISCHARGE,urn:ioos:sensor:GOA_RUNOFF_DISCHARGE:q,58.069320239858385,-154.46915010358515,1981-10-18T00:00:00Z,0.9680583105313446
urn:ioos:station:GOA_RUNOFF_DISCHARGE,urn:ioos:sensor:GOA_RUNOFF_DISCHARGE:q,58.069320239858385,-154.46915010358515,1981-10-19T00:00:00Z,0.6856146025870214
urn:ioos:station:GOA_RUNOFF_DISCHARGE,urn:ioos:sensor:GOA_RUNOFF_DISCHARGE:q,58.069320239858385,-154.46915010358515,1981-10-20T00:00:00Z,3.110605440081045
urn:ioos:station:GOA_RUNOFF_DISCHARGE,urn:ioos:sensor:GOA_RUNOFF_DISCHARGE:q,58.069320239858385,-154.46915010358515,1981-10-21T00:00:00Z,3.97385000835842
urn:ioos:station:GOA_RUNOFF_DISCHARGE,urn:ioos:sensor:GOA_RUNOFF_DISCHARGE:q,58.069320239858385,-154.46915010358515,1981-10-22T00:00:00Z,4.161483992301497
urn:ioos:station:GOA_RUNOFF_DISCHARGE,urn:ioos:sensor:GOA_RUNOFF_DISCHARGE:q,58.069320239858385,-154.46915010358515,1981-10-23T00:00:00Z,7.235496219423189
urn:ioos:station:GOA_RUNOFF_DISCHARGE,urn:ioos:sensor:GOA_RUNOFF_DISCHARGE:q,58.069320239858385,-154.46915010358515,1981-10-24T00:00:00Z,5.512582286372194
urn:ioos:station:GOA_RUNOFF_DISCHARGE,urn:ioos:sensor:GOA_RUNOFF_DISCHARGE:q,58.069320239858385,-154.46915010358515,1981-10-25T00:00:00Z,4.233474561587544
urn:ioos:station:GOA_RUNOFF_DISCHARGE,urn:ioos:sensor:GOA_RUNOFF_DISCHARGE:q,58.069320239858385,-154.46915010358515,1981-10-26T00:00:00Z,3.3458826680069644
urn:ioos:station:GOA_RUNOFF_DISCHARGE,urn:ioos:sensor:GOA_RUNOFF_DISCHARGE:q,58.069320239858385,-154.46915010358515,1981-10-27T00:00:00Z,2.4501992058842186
urn:ioos:station:GOA_RUNOFF_DISCHARGE,urn:ioos:sensor:GOA_RUNOFF_DISCHARGE:q,58.069320239858385,-154.46915010358515,1981-10-28T00:00:00Z,1.585023901419726
urn:ioos:station:GOA_RUNOFF_DISCHARGE,urn:ioos:sensor:GOA_RUNOFF_DISCHARGE:q,58.069320239858385,-154.46915010358515,1981-10-29T00:00:00Z,1.1285502956346316
urn:ioos:station:GOA_RUNOFF_DISCHARGE,urn:ioos:sensor:GOA_RUNOFF_DISCHARGE:q,58.069320239858385,-154.46915010358515,1981-10-30T00:00:00Z,0.7284761960639319
urn:ioos:station:GOA_RUNOFF_DISCHARGE,urn:ioos:sensor:GOA_RUNOFF_DISCHARGE:q,58.069320239858385,-154.46915010358515,1981-10-31T00:00:00Z,0.4726984465605785
urn:ioos:station:GOA_RUNOFF_DISCHARGE,urn:ioos:sensor:GOA_RUNOFF_DISCHARGE:q,58.069320239858385,-154.46915010358515,1981-11-01T00:00:00Z,0.30686707341624836
urn:ioos:station:GOA_RUNOFF_DISCHARGE,urn:ioos:sensor:GOA_RUNOFF_DISCHARGE:q,58.069320239858385,-154.46915010358515,1981-11-02T00:00:00Z,0.19922022642450304
urn:ioos:station:GOA_RUNOFF_DISCHARGE,urn:ioos:sensor:GOA_RUNOFF_DISCHARGE:q,58.069320239858385,-154.46915010358515,1981-11-03T00:00:00Z,0.12933560309582484
urn:ioos:station:GOA_RUNOFF_DISCHARGE,urn:ioos:sensor:GOA_RUNOFF_DISCHARGE:q,58.069320239858385,-154.46915010358515,1981-11-04T00:00:00Z,0.08396589273458911
urn:ioos:station:GOA_RUNOFF_DISCHARGE,urn:ioos:sensor:GOA_RUNOFF_DISCHARGE:q,58.069320239858385,-154.46915010358515,1981-11-05T00:00:00Z,0.05451143573180735
urn:ioos:station:GOA_RUNOFF_DISCHARGE,urn:ioos:sensor:GOA_RUNOFF_DISCHARGE:q,58.069320239858385,-154.46915010358515,1981-11-06T00:00:00Z,1.0226179867118854
urn:ioos:station:GOA_RUNOFF_DISCHARGE,urn:ioos:sensor:GOA_RUNOFF_DISCHARGE:q,58.069320239858385,-154.46915010358515,1981-11-07T00:00:00Z,4.427732722996806
urn:ioos:station:GOA_RUNOFF_DISCHARGE,urn:ioos:sensor:GOA_RUNOFF_DISCHARGE:q,58.069320239858385,-154.46915010358515,1981-11-08T00:00:00Z,3.1541172559349535
urn:ioos:station:GOA_RUNOFF_DISCHARGE,urn:ioos:sensor:GOA_RUNOFF_DISCHARGE:q,58.069320239858385,-154.46915010358515,1981-11-09T00:00:00Z,2.9718060838023677
urn:ioos:station:GOA_RUNOFF_DISCHARGE,urn:ioos:sensor:GOA_RUNOFF_DISCHARGE:q,58.069320239858385,-154.46915010358515,1981-11-10T00:00:00Z,8.787492902370344
urn:ioos:station:GOA_RUNOFF_DISCHARGE,urn:ioos:sensor:GOA_RUNOFF_DISCHARGE:q,58.069320239858385,-154.46915010358515,1981-11-11T00:00:00Z,7.788831318191152
urn:ioos:station:GOA_RUNOFF_DISCHARGE,urn:ioos:sensor:GOA_RUNOFF_DISCHARGE:q,58.069320239858385,-154.46915010358515,1981-11-12T00:00:00Z,6.144162981869149
urn:ioos:station:GOA_RUNOFF_DISCHARGE,urn:ioos:sensor:GOA_RUNOFF_DISCHARGE:q,58.069320239858385,-154.46915010358515,1981-11-13T00:00:00Z,4.875947682360363
urn:ioos:station:GOA_RUNOFF_DISCHARGE,urn:ioos:sensor:GOA_RUNOFF_DISCHARGE:q,58.069320239858385,-154.46915010358515,1981-11-14T00:00:00Z,3.756572461893484
urn:ioos:station:GOA_RUNOFF_DISCHARGE,urn:ioos:sensor:GOA_RUNOFF_DISCHARGE:q,58.069320239858385,-154.46915010358515,1981-11-15T00:00:00Z,2.674738193789883
urn:ioos:station:GOA_RUNOFF_DISCHARGE,urn:ioos:sensor:GOA_RUNOFF_DISCHARGE:q,58.069320239858385,-154.46915010358515,1981-11-16T00:00:00Z,1.8947509008356846
urn:ioos:station:GOA_RUNOFF_DISCHARGE,urn:ioos:sensor:GOA_RUNOFF_DISCHARGE:q,58.069320239858385,-154.46915010358515,1981-11-17T00:00:00Z,1.3412545127133064
urn:ioos:station:GOA_RUNOFF_DISCHARGE,urn:ioos:sensor:GOA_RUNOFF_DISCHARGE:q,58.069320239858385,-154.46915010358515,1981-11-18T00:00:00Z,1.201702516633151
urn:ioos:station:GOA_RUNOFF_DISCHARGE,urn:ioos:sensor:GOA_RUNOFF_DISCHARGE:q,58.069320239858385,-154.46915010358515,1981-11-19T00:00:00Z,0.7886345598920032
urn:ioos:station:GOA_RUNOFF_DISCHARGE,urn:ioos:sensor:GOA_RUNOFF_DISCHARGE:q,58.069320239858385,-154.46915010358515,1981-11-20T00:00:00Z,0.5124052610479057
urn:ioos:station:GOA_RUNOFF_DISCHARGE,urn:ioos:sensor:GOA_RUNOFF_DISCHARGE:q,58.069320239858385,-154.46915010358515,1981-11-21T00:00:00Z,0.3326816911273951
urn:ioos:station:GOA_RUNOFF_DISCHARGE,urn:ioos:sensor:GOA_RUNOFF_DISCHARGE:q,58.069320239858385,-154.46915010358515,1981-11-22T00:00:00Z,0.21598136088128886
urn:ioos:station:GOA_RUNOFF_DISCHARGE,urn:ioos:sensor:GOA_RUNOFF_DISCHARGE:q,58.069320239858385,-154.46915010358515,1981-11-23T00:00:00Z,0.14021721599908155
urn:ioos:station:GOA_RUNOFF_DISCHARGE,urn:ioos:sensor:GOA_RUNOFF_DISCHARGE:q,58.069320239858385,-154.46915010358515,1981-11-24T00:00:00Z,2.4781377846921875
urn:ioos:station:GOA_RUNOFF_DISCHARGE,urn:ioos:sensor:GOA_RUNOFF_DISCHARGE:q,58.069320239858385,-154.46915010358515,1981-11-25T00:00:00Z,2.7064579949670344
urn:ioos:station:GOA_RUNOFF_DISCHARGE,urn:ioos:sensor:GOA_RUNOFF_DISCHARGE:q,58.069320239858385,-154.46915010358515,1981-11-26T00:00:00Z,6.516891892218416
urn:ioos:station:GOA_RUNOFF_DISCHARGE,urn:ioos:sensor:GOA_RUNOFF_DISCHARGE:q,58.069320239858385,-154.46915010358515,1981-11-27T00:00:00Z,5.196469886144426
urn:ioos:station:GOA_RUNOFF_DISCHARGE,urn:ioos:sensor:GOA_RUNOFF_DISCHARGE:q,58.069320239858385,-154.46915010358515,1981-11-28T00:00:00Z,3.4023784084487287
urn:ioos:station:GOA_RUNOFF_DISCHARGE,urn:ioos:sensor:GOA_RUNOFF_DISCHARGE:q,58.069320239858385,-154.46915010358515,1981-11-29T00:00:00Z,2.533796557048476
urn:ioos:station:GOA_RUNOFF_DISCHARGE,urn:ioos:sensor:GOA_RUNOFF_DISCHARGE:q,58.069320239858385,-154.46915010358515,1981-11-30T00:00:00Z,7.503970111733986
urn:ioos:station:GOA_RUNOFF_DISCHARGE,urn:ioos:sensor:GOA_RUNOFF_DISCHARGE:q,58.069320239858385,-154.46915010358515,1981-12-01T00:00:00Z,5.102168499880098
urn:ioos:station:GOA_RUNOFF_DISCHARGE,urn:ioos:sensor:GOA_RUNOFF_DISCHARGE:q,58.069320239858385,-154.46915010358515,1981-12-02T00:00:00Z,3.325316038843402
urn:ioos:station:GOA_RUNOFF_DISCHARGE,urn:ioos:sensor:GOA_RUNOFF_DISCHARGE:q,58.069320239858385,-154.46915010358515,1981-12-03T00:00:00Z,2.1595526318497384
urn:ioos:station:GOA_RUNOFF_DISCHARGE,urn:ioos:sensor:GOA_RUNOFF_DISCHARGE:q,58.069320239858385,-154.46915010358515,1981-12-04T00:00:00Z,1.4020425759662645
urn:ioos:station:GOA_RUNOFF_DISCHARGE,urn:ioos:sensor:GOA_RUNOFF_DISCHARGE:q,58.069320239858385,-154.46915010358515,1981-12-05T00:00:00Z,0.9102214741035164
urn:ioos:station:GOA_RUNOFF_DISCHARGE,urn:ioos:sensor:GOA_RUNOFF_DISCHARGE:q,58.069320239858385,-154.46915010358515,1981-12-06T00:00:00Z,0.5909243984703486
urn:ioos:station:GOA_RUNOFF_DISCHARGE,urn:ioos:sensor:GOA_RUNOFF_DISCHARGE:q,58.069320239858385,-154.46915010358515,1981-12-07T00:00:00Z,0.3836336691300046
urn:ioos:station:GOA_RUNOFF_DISCHARGE,urn:ioos:sensor:GOA_RUNOFF_DISCHARGE:q,58.069320239858385,-154.46915010358515,1981-12-08T00:00:00Z,0.249058587604959
urn:ioos:station:GOA_RUNOFF_DISCHARGE,urn:ioos:sensor:GOA_RUNOFF_DISCHARGE:q,58.069320239858385,-154.46915010358515,1981-12-09T00:00:00Z,0.1616911635599253
urn:ioos:station:GOA_RUNOFF_DISCHARGE,urn:ioos:sensor:GOA_RUNOFF_DISCHARGE:q,58.069320239858385,-154.46915010358515,1981-12-10T00:00:00Z,0.10497141378028875
urn:ioos:station:GOA_RUNOFF_DISCHARGE,urn:ioos:sensor:GOA_RUNOFF_DISCHARGE:q,58.069320239858385,-154.46915010358515,1981-12-11T00:00:00Z,0.06814843173628725
urn:ioos:station:GOA_RUNOFF_DISCHARGE,urn:ioos:sensor:GOA_RUNOFF_DISCHARGE:q,58.069320239858385,-154.46915010358515,1981-12-12T00:00:00Z,5.648533162143684
urn:ioos:station:GOA_RUNOFF_DISCHARGE,urn:ioos:sensor:GOA_RUNOFF_DISCHARGE:q,58.069320239858385,-154.46915010358515,1981-12-13T00:00:00Z,6.814890419174732
urn:ioos:station:GOA_RUNOFF_DISCHARGE,urn:ioos:sensor:GOA_RUNOFF_DISCHARGE:q,58.069320239858385,-154.46915010358515,1981-12-14T00:00:00Z,6.02673906955905
urn:ioos:station:GOA_RUNOFF_DISCHARGE,urn:ioos:sensor:GOA_RUNOFF_DISCHARGE:q,58.069320239858385,-154.46915010358515,1981-12-15T00:00:00Z,4.829357949919251
urn:ioos:station:GOA_RUNOFF_DISCHARGE,urn:ioos:sensor:GOA_RUNOFF_DISCHARGE:q,58.069320239858385,-154.46915010358515,1981-12-16T00:00:00Z,6.085745714257241
urn:ioos:station:GOA_RUNOFF_DISCHARGE,urn:ioos:sensor:GOA_RUNOFF_DISCHARGE:q,58.069320239858385,-154.46915010358515,1981-12-17T00:00:00Z,9.07480318111283
urn:ioos:station:GOA_RUNOFF_DISCHARGE,urn:ioos:sensor:GOA_RUNOFF_DISCHARGE:q,58.069320239858385,-154.46915010358515,1981-12-18T00:00:00Z,6.436295101898787
urn:ioos:station:GOA_RUNOFF_DISCHARGE,urn:ioos:sensor:GOA_RUNOFF_DISCHARGE:q,58.069320239858385,-154.46915010358515,1981-12-19T00:00:00Z,4.198726572514843
urn:ioos:station:GOA_RUNOFF_DISCHARGE,urn:ioos:sensor:GOA_RUNOFF_DISCHARGE:q,58.069320239858385,-154.46915010358515,1981-12-20T00:00:00Z,2.726988051177475
urn:ioos:station:GOA_RUNOFF_DISCHARGE,urn:ioos:sensor:GOA_RUNOFF_DISCHARGE:q,58.069320239858385,-154.46915010358515,1981-12-21T00:00:00Z,1.7704496946500228
urn:ioos:station:GOA_RUNOFF_DISCHARGE,urn:ioos:sensor:GOA_RUNOFF_DISCHARGE:q,58.069320239858385,-154.46915010358515,1981-12-22T00:00:00Z,7.325047331617985
urn:ioos:station:GOA_RUNOFF_DISCHARGE,urn:ioos:sensor:GOA_RUNOFF_DISCHARGE:q,58.069320239858385,-154.46915010358515,1981-12-23T00:00:00Z,6.30319954761852
urn:ioos:station:GOA_RUNOFF_DISCHARGE,urn:ioos:sensor:GOA_RUNOFF_DISCHARGE:q,58.069320239858385,-154.46915010358515,1981-12-24T00:00:00Z,4.929712554597427
urn:ioos:station:GOA_RUNOFF_DISCHARGE,urn:ioos:sensor:GOA_RUNOFF_DISCHARGE:q,58.069320239858385,-154.46915010358515,1981-12-25T00:00:00Z,3.2338655011191975
urn:ioos:station:GOA_RUNOFF_DISCHARGE,urn:ioos:sensor:GOA_RUNOFF_DISCHARGE:q,58.069320239858385,-154.46915010358515,1981-12-26T00:00:00Z,2.1004895490332403
urn:ioos:station:GOA_RUNOFF_DISCHARGE,urn:ioos:sensor:GOA_RUNOFF_DISCHARGE:q,58.069320239858385,-154.46915010358515,1981-12-27T00:00:00Z,1.3637155682256348
urn:ioos:station:GOA_RUNOFF_DISCHARGE,urn:ioos:sensor:GOA_RUNOFF_DISCHARGE:q,58.069320239858385,-154.46915010358515,1981-12-28T00:00:00Z,0.8853402231519466
urn:ioos:station:GOA_RUNOFF_DISCHARGE,urn:ioos:sensor:GOA_RUNOFF_DISCHARGE:q,58.069320239858385,-154.46915010358515,1981-12-29T00:00:00Z,0.5747713222485625
urn:ioos:station:GOA_RUNOFF_DISCHARGE,urn:ioos:sensor:GOA_RUNOFF_DISCHARGE:q,58.069320239858385,-154.46915010358515,1981-12-30T00:00:00Z,0.3731469339411554
urn:ioos:station:GOA_RUNOFF_DISCHARGE,urn:ioos:sensor:GOA_RUNOFF_DISCHARGE:q,58.069320239858385,-154.46915010358515,1981-12-31T00:00:00Z,0.24225047646940776
urn:ioos:station:GOA_RUNOFF_DISCHARGE,urn:ioos:sensor:GOA_RUNOFF_DISCHARGE:q,58.069320239858385,-154.46915010358515,1982-01-01T00:00:00Z,0.15727129586365313
urn:ioos:station:GOA_RUNOFF_DISCHARGE,urn:ioos:sensor:GOA_RUNOFF_DISCHARGE:q,58.069320239858385,-154.46915010358515,1982-01-02T00:00:00Z,0.10210199920416164
urn:ioos:station:GOA_RUNOFF_DISCHARGE,urn:ioos:sensor:GOA_RUNOFF_DISCHARGE:q,58.069320239858385,-154.46915010358515,1982-01-03T00:00:00Z,0.06628557504883233
urn:ioos:station:GOA_RUNOFF_DISCHARGE,urn:ioos:sensor:GOA_RUNOFF_DISCHARGE:q,58.069320239858385,-154.46915010358515,1982-01-04T00:00:00Z,0.04303321419724295
urn:ioos:station:GOA_RUNOFF_DISCHARGE,urn:ioos:sensor:GOA_RUNOFF_DISCHARGE:q,58.069320239858385,-154.46915010358515,1982-01-05T00:00:00Z,0.027937567460569256
urn:ioos:station:GOA_RUNOFF_DISCHARGE,urn:ioos:sensor:GOA_RUNOFF_DISCHARGE:q,58.069320239858385,-154.46915010358515,1982-01-06T00:00:00Z,0.018137331597723433
urn:ioos:station:GOA_RUNOFF_DISCHARGE,urn:ioos:sensor:GOA_RUNOFF_DISCHARGE:q,58.069320239858385,-154.46915010358515,1982-01-07T00:00:00Z,0.01177492557796074
urn:ioos:station:GOA_RUNOFF_DISCHARGE,urn:ioos:sensor:GOA_RUNOFF_DISCHARGE:q,58.069320239858385,-154.46915010358515,1982-01-08T00:00:00Z,0.007644392142026187
urn:ioos:station:GOA_RUNOFF_DISCHARGE,urn:ioos:sensor:GOA_RUNOFF_DISCHARGE:q,58.069320239858385,-154.46915010358515,1982-01-09T00:00:00Z,0.004962810678389523
urn:ioos:station:GOA_RUNOFF_DISCHARGE,urn:ioos:sensor:GOA_RUNOFF_DISCHARGE:q,58.069320239858385,-154.46915010358515,1982-01-10T00:00:00Z,0.0032219035759681173
urn:ioos:station:GOA_RUNOFF_DISCHARGE,urn:ioos:sensor:GOA_RUNOFF_DISCHARGE:q,58.069320239858385,-154.46915010358515,1982-01-11T00:00:00Z,0.0020916899674214
urn:ioos:station:GOA_RUNOFF_DISCHARGE,urn:ioos:sensor:GOA_RUNOFF_DISCHARGE:q,58.069320239858385,-154.46915010358515,1982-01-12T00:00:00Z,1.581643271288876
urn:ioos:station:GOA_RUNOFF_DISCHARGE,urn:ioos:sensor:GOA_RUNOFF_DISCHARGE:q,58.069320239858385,-154.46915010358515,1982-01-13T00:00:00Z,1.0821337584913076
urn:ioos:station:GOA_RUNOFF_DISCHARGE,urn:ioos:sensor:GOA_RUNOFF_DISCHARGE:q,58.069320239858385,-154.46915010358515,1982-01-14T00:00:00Z,1.517513255776355
urn:ioos:station:GOA_RUNOFF_DISCHARGE,urn:ioos:sensor:GOA_RUNOFF_DISCHARGE:q,58.069320239858385,-154.46915010358515,1982-01-15T00:00:00Z,4.754901732117331
urn:ioos:station:GOA_RUNOFF_DISCHARGE,urn:ioos:sensor:GOA_RUNOFF_DISCHARGE:q,58.069320239858385,-154.46915010358515,1982-01-16T00:00:00Z,3.190321322148497
urn:ioos:station:GOA_RUNOFF_DISCHARGE,urn:ioos:sensor:GOA_RUNOFF_DISCHARGE:q,58.069320239858385,-154.46915010358515,1982-01-17T00:00:00Z,2.07699050575065
urn:ioos:station:GOA_RUNOFF_DISCHARGE,urn:ioos:sensor:GOA_RUNOFF_DISCHARGE:q,58.069320239858385,-154.46915010358515,1982-01-18T00:00:00Z,1.3487274984296473
urn:ioos:station:GOA_RUNOFF_DISCHARGE,urn:ioos:sensor:GOA_RUNOFF_DISCHARGE:q,58.069320239858385,-154.46915010358515,1982-01-19T00:00:00Z,0.8756247760239466
urn:ioos:station:GOA_RUNOFF_DISCHARGE,urn:ioos:sensor:GOA_RUNOFF_DISCHARGE:q,58.069320239858385,-154.46915010358515,1982-01-20T00:00:00Z,0.5684648558679515
urn:ioos:station:GOA_RUNOFF_DISCHARGE,urn:ioos:sensor:GOA_RUNOFF_DISCHARGE:q,58.069320239858385,-154.46915010358515,1982-01-21T00:00:00Z,0.3690528023309627
urn:ioos:station:GOA_RUNOFF_DISCHARGE,urn:ioos:sensor:GOA_RUNOFF_DISCHARGE:q,58.069320239858385,-154.46915010358515,1982-01-22T00:00:00Z,0.23959255683487335
urn:ioos:station:GOA_RUNOFF_DISCHARGE,urn:ioos:sensor:GOA_RUNOFF_DISCHARGE:q,58.069320239858385,-154.46915010358515,1982-01-23T00:00:00Z,0.15554570697428619
urn:ioos:station:GOA_RUNOFF_DISCHARGE,urn:ioos:sensor:GOA_RUNOFF_DISCHARGE:q,58.069320239858385,-154.46915010358515,1982-01-24T00:00:00Z,0.10098173873404888
urn:ioos:station:GOA_RUNOFF_DISCHARGE,urn:ioos:sensor:GOA_RUNOFF_DISCHARGE:q,58.069320239858385,-154.46915010358515,1982-01-25T00:00:00Z,0.06555828882220806
urn:ioos:station:GOA_RUNOFF_DISCHARGE,urn:ioos:sensor:GOA_RUNOFF_DISCHARGE:q,58.069320239858385,-154.46915010358515,1982-01-26T00:00:00Z,0.042561050630121784
urn:ioos:station:GOA_RUNOFF_DISCHARGE,urn:ioos:sensor:GOA_RUNOFF_DISCHARGE:q,58.069320239858385,-154.46915010358515,1982-01-27T00:00:00Z,0.02763103258599564
urn:ioos:station:GOA_RUNOFF_DISCHARGE,urn:ioos:sensor:GOA_RUNOFF_DISCHARGE:q,58.069320239858385,-154.46915010358515,1982-01-28T00:00:00Z,0.017938328440984724
urn:ioos:station:GOA_RUNOFF_DISCHARGE,urn:ioos:sensor:GOA_RUNOFF_DISCHARGE:q,58.069320239858385,-154.46915010358515,1982-01-29T00:00:00Z,0.011645730058813282
urn:ioos:station:GOA_RUNOFF_DISCHARGE,urn:ioos:sensor:GOA_RUNOFF_DISCHARGE:q,58.069320239858385,-154.46915010358515,1982-01-30T00:00:00Z,0.007560517628229214
urn:ioos:station:GOA_RUNOFF_DISCHARGE,urn:ioos:sensor:GOA_RUNOFF_DISCHARGE:q,58.069320239858385,-154.46915010358515,1982-01-31T00:00:00Z,0.004908358768263409
urn:ioos:station:GOA_RUNOFF_DISCHARGE,urn:ioos:sensor:GOA_RUNOFF_DISCHARGE:q,58.069320239858385,-154.46915010358515,1982-02-01T00:00:00Z,5.194068174517823
urn:ioos:station:GOA_RUNOFF_DISCHARGE,urn:ioos:sensor:GOA_RUNOFF_DISCHARGE:q,58.069320239858385,-154.46915010358515,1982-02-02T00:00:00Z,13.9151077579507
urn:ioos:station:GOA_RUNOFF_DISCHARGE,urn:ioos:sensor:GOA_RUNOFF_DISCHARGE:q,58.069320239858385,-154.46915010358515,1982-02-03T00:00:00Z,18.213928451520765
urn:ioos:station:GOA_RUNOFF_DISCHARGE,urn:ioos:sensor:GOA_RUNOFF_DISCHARGE:q,58.069320239858385,-154.46915010358515,1982-02-04T00:00:00Z,12.868289855985875
urn:ioos:station:GOA_RUNOFF_DISCHARGE,urn:ioos:sensor:GOA_RUNOFF_DISCHARGE:q,58.069320239858385,-154.46915010358515,1982-02-05T00:00:00Z,9.080020220785515
urn:ioos:station:GOA_RUNOFF_DISCHARGE,urn:ioos:sensor:GOA_RUNOFF_DISCHARGE:q,58.069320239858385,-154.46915010358515,1982-02-06T00:00:00Z,7.988129706147214
urn:ioos:station:GOA_RUNOFF_DISCHARGE,urn:ioos:sensor:GOA_RUNOFF_DISCHARGE:q,58.069320239858385,-154.46915010358515,1982-02-07T00:00:00Z,6.045418113357883
urn:ioos:station:GOA_RUNOFF_DISCHARGE,urn:ioos:sensor:GOA_RUNOFF_DISCHARGE:q,58.069320239858385,-154.46915010358515,1982-02-08T00:00:00Z,5.621589157168818
urn:ioos:station:GOA_RUNOFF_DISCHARGE,urn:ioos:sensor:GOA_RUNOFF_DISCHARGE:q,58.069320239858385,-154.46915010358515,1982-02-09T00:00:00Z,4.054986183957905
urn:ioos:station:GOA_RUNOFF_DISCHARGE,urn:ioos:sensor:GOA_RUNOFF_DISCHARGE:q,58.069320239858385,-154.46915010358515,1982-02-10T00:00:00Z,2.6220202552252827
urn:ioos:station:GOA_RUNOFF_DISCHARGE,urn:ioos:sensor:GOA_RUNOFF_DISCHARGE:q,58.069320239858385,-154.46915010358515,1982-02-11T00:00:00Z,1.7016497866304081
urn:ioos:station:GOA_RUNOFF_DISCHARGE,urn:ioos:sensor:GOA_RUNOFF_DISCHARGE:q,58.069320239858385,-154.46915010358515,1982-02-12T00:00:00Z,1.211913474653
urn:ioos:station:GOA_RUNOFF_DISCHARGE,urn:ioos:sensor:GOA_RUNOFF_DISCHARGE:q,58.069320239858385,-154.46915010358515,1982-02-13T00:00:00Z,0.858535208554682
urn:ioos:station:GOA_RUNOFF_DISCHARGE,urn:ioos:sensor:GOA_RUNOFF_DISCHARGE:q,58.069320239858385,-154.46915010358515,1982-02-14T00:00:00Z,0.5537632522785221
urn:ioos:station:GOA_RUNOFF_DISCHARGE,urn:ioos:sensor:GOA_RUNOFF_DISCHARGE:q,58.069320239858385,-154.46915010358515,1982-02-15T00:00:00Z,0.35930588009852227
urn:ioos:station:GOA_RUNOFF_DISCHARGE,urn:ioos:sensor:GOA_RUNOFF_DISCHARGE:q,58.069320239858385,-154.46915010358515,1982-02-16T00:00:00Z,0.23325336555466122
urn:ioos:station:GOA_RUNOFF_DISCHARGE,urn:ioos:sensor:GOA_RUNOFF_DISCHARGE:q,58.069320239858385,-154.46915010358515,1982-02-17T00:00:00Z,0.15142965461476274
urn:ioos:station:GOA_RUNOFF_DISCHARGE,urn:ioos:sensor:GOA_RUNOFF_DISCHARGE:q,58.069320239858385,-154.46915010358515,1982-02-18T00:00:00Z,0.09830950401152315
urn:ioos:station:GOA_RUNOFF_DISCHARGE,urn:ioos:sensor:GOA_RUNOFF_DISCHARGE:q,58.069320239858385,-154.46915010358515,1982-02-19T00:00:00Z,0.06382344980418504
urn:ioos:station:GOA_RUNOFF_DISCHARGE,urn:ioos:sensor:GOA_RUNOFF_DISCHARGE:q,58.069320239858385,-154.46915010358515,1982-02-20T00:00:00Z,0.041434783743134994
urn:ioos:station:GOA_RUNOFF_DISCHARGE,urn:ioos:sensor:GOA_RUNOFF_DISCHARGE:q,58.069320239858385,-154.46915010358515,1982-02-21T00:00:00Z,0.02689985102741509
urn:ioos:station:GOA_RUNOFF_DISCHARGE,urn:ioos:sensor:GOA_RUNOFF_DISCHARGE:q,58.069320239858385,-154.46915010358515,1982-02-22T00:00:00Z,0.01746363444978008
urn:ioos:station:GOA_RUNOFF_DISCHARGE,urn:ioos:sensor:GOA_RUNOFF_DISCHARGE:q,58.069320239858385,-154.46915010358515,1982-02-23T00:00:00Z,0.011337555855883396
urn:ioos:station:GOA_RUNOFF_DISCHARGE,urn:ioos:sensor:GOA_RUNOFF_DISCHARGE:q,58.069320239858385,-154.46915010358515,1982-02-24T00:00:00Z,0.007360447623318839
urn:ioos:station:GOA_RUNOFF_DISCHARGE,urn:ioos:sensor:GOA_RUNOFF_DISCHARGE:q,58.069320239858385,-154.46915010358515,1982-02-25T00:00:00Z,0.004778471545050892
urn:ioos:station:GOA_RUNOFF_DISCHARGE,urn:ioos:sensor:GOA_RUNOFF_DISCHARGE:q,58.069320239858385,-154.46915010358515,1982-02-26T00:00:00Z,0.003102228751739935
urn:ioos:station:GOA_RUNOFF_DISCHARGE,urn:ioos:sensor:GOA_RUNOFF_DISCHARGE:q,58.069320239858385,-154.46915010358515,1982-02-27T00:00:00Z,0.002013995824306783
urn:ioos:station:GOA_RUNOFF_DISCHARGE,urn:ioos:sensor:GOA_RUNOFF_DISCHARGE:q,58.069320239858385,-154.46915010358515,1982-02-28T00:00:00Z,0.0013075050431674761
urn:ioos:station:GOA_RUNOFF_DISCHARGE,urn:ioos:sensor:GOA_RUNOFF_DISCHARGE:q,58.069320239858385,-154.46915010358515,1982-03-01T00:00:00Z,8.488446083000443E-4
urn:ioos:station:GOA_RUNOFF_DISCHARGE,urn:ioos:sensor:GOA_RUNOFF_DISCHARGE:q,58.069320239858385,-154.46915010358515,1982-03-02T00:00:00Z,0.021162489562240965
urn:ioos:station:GOA_RUNOFF_DISCHARGE,urn:ioos:sensor:GOA_RUNOFF_DISCHARGE:q,58.069320239858385,-154.46915010358515,1982-03-03T00:00:00Z,0.03596635846292372
urn:ioos:station:GOA_RUNOFF_DISCHARGE,urn:ioos:sensor:GOA_RUNOFF_DISCHARGE:q,58.069320239858385,-154.46915010358515,1982-03-04T00:00:00Z,0.026266875001399966
urn:ioos:station:GOA_RUNOFF_DISCHARGE,urn:ioos:sensor:GOA_RUNOFF_DISCHARGE:q,58.069320239858385,-154.46915010358515,1982-03-05T00:00:00Z,0.017018507980928573
urn:ioos:station:GOA_RUNOFF_DISCHARGE,urn:ioos:sensor:GOA_RUNOFF_DISCHARGE:q,58.069320239858385,-154.46915010358515,1982-03-06T00:00:00Z,0.6111104978968411
urn:ioos:station:GOA_RUNOFF_DISCHARGE,urn:ioos:sensor:GOA_RUNOFF_DISCHARGE:q,58.069320239858385,-154.46915010358515,1982-03-07T00:00:00Z,0.4215706750018205
urn:ioos:station:GOA_RUNOFF_DISCHARGE,urn:ioos:sensor:GOA_RUNOFF_DISCHARGE:q,58.069320239858385,-154.46915010358515,1982-03-08T00:00:00Z,0.8654361827596038
urn:ioos:station:GOA_RUNOFF_DISCHARGE,urn:ioos:sensor:GOA_RUNOFF_DISCHARGE:q,58.069320239858385,-154.46915010358515,1982-03-09T00:00:00Z,4.341964938089358
urn:ioos:station:GOA_RUNOFF_DISCHARGE,urn:ioos:sensor:GOA_RUNOFF_DISCHARGE:q,58.069320239858385,-154.46915010358515,1982-03-10T00:00:00Z,3.327416220942826
urn:ioos:station:GOA_RUNOFF_DISCHARGE,urn:ioos:sensor:GOA_RUNOFF_DISCHARGE:q,58.069320239858385,-154.46915010358515,1982-03-11T00:00:00Z,2.3339501010251245
urn:ioos:station:GOA_RUNOFF_DISCHARGE,urn:ioos:sensor:GOA_RUNOFF_DISCHARGE:q,58.069320239858385,-154.46915010358515,1982-03-12T00:00:00Z,1.5204451436658413
urn:ioos:station:GOA_RUNOFF_DISCHARGE,urn:ioos:sensor:GOA_RUNOFF_DISCHARGE:q,58.069320239858385,-154.46915010358515,1982-03-13T00:00:00Z,0.9873804068296759
urn:ioos:station:GOA_RUNOFF_DISCHARGE,urn:ioos:sensor:GOA_RUNOFF_DISCHARGE:q,58.069320239858385,-154.46915010358515,1982-03-14T00:00:00Z,0.6410330278542938
urn:ioos:station:GOA_RUNOFF_DISCHARGE,urn:ioos:sensor:GOA_RUNOFF_DISCHARGE:q,58.069320239858385,-154.46915010358515,1982-03-15T00:00:00Z,1.0431392943562012
urn:ioos:station:GOA_RUNOFF_DISCHARGE,urn:ioos:sensor:GOA_RUNOFF_DISCHARGE:q,58.069320239858385,-154.46915010358515,1982-03-16T00:00:00Z,4.186870094719274
urn:ioos:station:GOA_RUNOFF_DISCHARGE,urn:ioos:sensor:GOA_RUNOFF_DISCHARGE:q,58.069320239858385,-154.46915010358515,1982-03-17T00:00:00Z,7.916628267219828
urn:ioos:station:GOA_RUNOFF_DISCHARGE,urn:ioos:sensor:GOA_RUNOFF_DISCHARGE:q,58.069320239858385,-154.46915010358515,1982-03-18T00:00:00Z,7.602006149053089
urn:ioos:station:GOA_RUNOFF_DISCHARGE,urn:ioos:sensor:GOA_RUNOFF_DISCHARGE:q,58.069320239858385,-154.46915010358515,1982-03-19T00:00:00Z,7.955251936864379
urn:ioos:station:GOA_RUNOFF_DISCHARGE,urn:ioos:sensor:GOA_RUNOFF_DISCHARGE:q,58.069320239858385,-154.46915010358515,1982-03-20T00:00:00Z,6.586222108058299
urn:ioos:station:GOA_RUNOFF_DISCHARGE,urn:ioos:sensor:GOA_RUNOFF_DISCHARGE:q,58.069320239858385,-154.46915010358515,1982-03-21T00:00:00Z,5.4335178764769
urn:ioos:station:GOA_RUNOFF_DISCHARGE,urn:ioos:sensor:GOA_RUNOFF_DISCHARGE:q,58.069320239858385,-154.46915010358515,1982-03-22T00:00:00Z,3.755902571687379
urn:ioos:station:GOA_RUNOFF_DISCHARGE,urn:ioos:sensor:GOA_RUNOFF_DISCHARGE:q,58.069320239858385,-154.46915010358515,1982-03-23T00:00:00Z,2.4450179498203433
urn:ioos:station:GOA_RUNOFF_DISCHARGE,urn:ioos:sensor:GOA_RUNOFF_DISCHARGE:q,58.069320239858385,-154.46915010358515,1982-03-24T00:00:00Z,1.5877018835555234
urn:ioos:station:GOA_RUNOFF_DISCHARGE,urn:ioos:sensor:GOA_RUNOFF_DISCHARGE:q,58.069320239858385,-154.46915010358515,1982-03-25T00:00:00Z,1.0307719134546995
urn:ioos:station:GOA_RUNOFF_DISCHARGE,urn:ioos:sensor:GOA_RUNOFF_DISCHARGE:q,58.069320239858385,-154.46915010358515,1982-03-26T00:00:00Z,0.6691880185611323
urn:ioos:station:GOA_RUNOFF_DISCHARGE,urn:ioos:sensor:GOA_RUNOFF_DISCHARGE:q,58.069320239858385,-154.46915010358515,1982-03-27T00:00:00Z,0.6512554971453595
urn:ioos:station:GOA_RUNOFF_DISCHARGE,urn:ioos:sensor:GOA_RUNOFF_DISCHARGE:q,58.069320239858385,-154.46915010358515,1982-03-28T00:00:00Z,1.0703778563168242
urn:ioos:station:GOA_RUNOFF_DISCHARGE,urn:ioos:sensor:GOA_RUNOFF_DISCHARGE:q,58.069320239858385,-154.46915010358515,1982-03-29T00:00:00Z,0.7293207286990641
urn:ioos:station:GOA_RUNOFF_DISCHARGE,urn:ioos:sensor:GOA_RUNOFF_DISCHARGE:q,58.069320239858385,-154.46915010358515,1982-03-30T00:00:00Z,0.4749346918857808
urn:ioos:station:GOA_RUNOFF_DISCHARGE,urn:ioos:sensor:GOA_RUNOFF_DISCHARGE:q,58.069320239858385,-154.46915010358515,1982-03-31T00:00:00Z,0.33834181607387503
urn:ioos:station:GOA_RUNOFF_DISCHARGE,urn:ioos:sensor:GOA_RUNOFF_DISCHARGE:q,58.069320239858385,-154.46915010358515,1982-04-01T00:00:00Z,0.21841645519441893
urn:ioos:station:GOA_RUNOFF_DISCHARGE,urn:ioos:sensor:GOA_RUNOFF_DISCHARGE:q,58.069320239858385,-154.46915010358515,1982-04-02T00:00:00Z,0.15548862751372572
urn:ioos:station:GOA_RUNOFF_DISCHARGE,urn:ioos:sensor:GOA_RUNOFF_DISCHARGE:q,58.069320239858385,-154.46915010358515,1982-04-03T00:00:00Z,0.11014347727186397
urn:ioos:station:GOA_RUNOFF_DISCHARGE,urn:ioos:sensor:GOA_RUNOFF_DISCHARGE:q,58.069320239858385,-154.46915010358515,1982-04-04T00:00:00Z,0.0779679777565987
urn:ioos:station:GOA_RUNOFF_DISCHARGE,urn:ioos:sensor:GOA_RUNOFF_DISCHARGE:q,58.069320239858385,-154.46915010358515,1982-04-05T00:00:00Z,0.055186284006872345
urn:ioos:station:GOA_RUNOFF_DISCHARGE,urn:ioos:sensor:GOA_RUNOFF_DISCHARGE:q,58.069320239858385,-154.46915010358515,1982-04-06T00:00:00Z,0.03906069505628389
urn:ioos:station:GOA_RUNOFF_DISCHARGE,urn:ioos:sensor:GOA_RUNOFF_DISCHARGE:q,58.069320239858385,-154.46915010358515,1982-04-07T00:00:00Z,0.027646992141303606
urn:ioos:station:GOA_RUNOFF_DISCHARGE,urn:ioos:sensor:GOA_RUNOFF_DISCHARGE:q,58.069320239858385,-154.46915010358515,1982-04-08T00:00:00Z,0.019568421057690386
urn:ioos:station:GOA_RUNOFF_DISCHARGE,urn:ioos:sensor:GOA_RUNOFF_DISCHARGE:q,58.069320239858385,-154.46915010358515,1982-04-09T00:00:00Z,0.01385044272321905
urn:ioos:station:GOA_RUNOFF_DISCHARGE,urn:ioos:sensor:GOA_RUNOFF_DISCHARGE:q,58.069320239858385,-154.46915010358515,1982-04-10T00:00:00Z,0.8319650238902332
urn:ioos:station:GOA_RUNOFF_DISCHARGE,urn:ioos:sensor:GOA_RUNOFF_DISCHARGE:q,58.069320239858385,-154.46915010358515,1982-04-11T00:00:00Z,0.5625495095939295
urn:ioos:station:GOA_RUNOFF_DISCHARGE,urn:ioos:sensor:GOA_RUNOFF_DISCHARGE:q,58.069320239858385,-154.46915010358515,1982-04-12T00:00:00Z,0.3664715148733836
urn:ioos:station:GOA_RUNOFF_DISCHARGE,urn:ioos:sensor:GOA_RUNOFF_DISCHARGE:q,58.069320239858385,-154.46915010358515,1982-04-13T00:00:00Z,0.2379874251764501
urn:ioos:station:GOA_RUNOFF_DISCHARGE,urn:ioos:sensor:GOA_RUNOFF_DISCHARGE:q,58.069320239858385,-154.46915010358515,1982-04-14T00:00:00Z,0.15450763698065895
urn:ioos:station:GOA_RUNOFF_DISCHARGE,urn:ioos:sensor:GOA_RUNOFF_DISCHARGE:q,58.069320239858385,-154.46915010358515,1982-04-15T00:00:00Z,1.5333294793130012
urn:ioos:station:GOA_RUNOFF_DISCHARGE,urn:ioos:sensor:GOA_RUNOFF_DISCHARGE:q,58.069320239858385,-154.46915010358515,1982-04-16T00:00:00Z,1.0345114979114252
urn:ioos:station:GOA_RUNOFF_DISCHARGE,urn:ioos:sensor:GOA_RUNOFF_DISCHARGE:q,58.069320239858385,-154.46915010358515,1982-04-17T00:00:00Z,0.673807195696181
urn:ioos:station:GOA_RUNOFF_DISCHARGE,urn:ioos:sensor:GOA_RUNOFF_DISCHARGE:q,58.069320239858385,-154.46915010358515,1982-04-18T00:00:00Z,0.43756502723820473
urn:ioos:station:GOA_RUNOFF_DISCHARGE,urn:ioos:sensor:GOA_RUNOFF_DISCHARGE:q,58.069320239858385,-154.46915010358515,1982-04-19T00:00:00Z,0.2840782097890215
urn:ioos:station:GOA_RUNOFF_DISCHARGE,urn:ioos:sensor:GOA_RUNOFF_DISCHARGE:q,58.069320239858385,-154.46915010358515,1982-04-20T00:00:00Z,0.18442663133338097
urn:ioos:station:GOA_RUNOFF_DISCHARGE,urn:ioos:sensor:GOA_RUNOFF_DISCHARGE:q,58.069320239858385,-154.46915010358515,1982-04-21T00:00:00Z,1.7428617162739608
urn:ioos:station:GOA_RUNOFF_DISCHARGE,urn:ioos:sensor:GOA_RUNOFF_DISCHARGE:q,58.069320239858385,-154.46915010358515,1982-04-22T00:00:00Z,1.2869795924933145
urn:ioos:station:GOA_RUNOFF_DISCHARGE,urn:ioos:sensor:GOA_RUNOFF_DISCHARGE:q,58.069320239858385,-154.46915010358515,1982-04-23T00:00:00Z,1.0565253898710136
urn:ioos:station:GOA_RUNOFF_DISCHARGE,urn:ioos:sensor:GOA_RUNOFF_DISCHARGE:q,58.069320239858385,-154.46915010358515,1982-04-24T00:00:00Z,3.429281104404602
urn:ioos:station:GOA_RUNOFF_DISCHARGE,urn:ioos:sensor:GOA_RUNOFF_DISCHARGE:q,58.069320239858385,-154.46915010358515,1982-04-25T00:00:00Z,3.423160002379922
urn:ioos:station:GOA_RUNOFF_DISCHARGE,urn:ioos:sensor:GOA_RUNOFF_DISCHARGE:q,58.069320239858385,-154.46915010358515,1982-04-26T00:00:00Z,2.4766964419785014
urn:ioos:station:GOA_RUNOFF_DISCHARGE,urn:ioos:sensor:GOA_RUNOFF_DISCHARGE:q,58.069320239858385,-154.46915010358515,1982-04-27T00:00:00Z,1.7583669381516844
urn:ioos:station:GOA_RUNOFF_DISCHARGE,urn:ioos:sensor:GOA_RUNOFF_DISCHARGE:q,58.069320239858385,-154.46915010358515,1982-04-28T00:00:00Z,1.2451006669061337
urn:ioos:station:GOA_RUNOFF_DISCHARGE,urn:ioos:sensor:GOA_RUNOFF_DISCHARGE:q,58.069320239858385,-154.46915010358515,1982-04-29T00:00:00Z,0.8813302882683658
urn:ioos:station:GOA_RUNOFF_DISCHARGE,urn:ioos:sensor:GOA_RUNOFF_DISCHARGE:q,58.069320239858385,-154.46915010358515,1982-04-30T00:00:00Z,0.6238071011551337
urn:ioos:station:GOA_RUNOFF_DISCHARGE,urn:ioos:sensor:GOA_RUNOFF_DISCHARGE:q,58.069320239858385,-154.46915010358515,1982-05-01T00:00:00Z,0.44152839080737843
urn:ioos:station:GOA_RUNOFF_DISCHARGE,urn:ioos:sensor:GOA_RUNOFF_DISCHARGE:q,58.069320239858385,-154.46915010358515,1982-05-02T00:00:00Z,0.3125119048166836
urn:ioos:station:GOA_RUNOFF_DISCHARGE,urn:ioos:sensor:GOA_RUNOFF_DISCHARGE:q,58.069320239858385,-154.46915010358515,1982-05-03T00:00:00Z,0.22119453605578002
urn:ioos:station:GOA_RUNOFF_DISCHARGE,urn:ioos:sensor:GOA_RUNOFF_DISCHARGE:q,58.069320239858385,-154.46915010358515,1982-05-04T00:00:00Z,0.15656050775538302
urn:ioos:station:GOA_RUNOFF_DISCHARGE,urn:ioos:sensor:GOA_RUNOFF_DISCHARGE:q,58.069320239858385,-154.46915010358515,1982-05-05T00:00:00Z,1.26711968960375
urn:ioos:station:GOA_RUNOFF_DISCHARGE,urn:ioos:sensor:GOA_RUNOFF_DISCHARGE:q,58.069320239858385,-154.46915010358515,1982-05-06T00:00:00Z,2.520302716035078
urn:ioos:station:GOA_RUNOFF_DISCHARGE,urn:ioos:sensor:GOA_RUNOFF_DISCHARGE:q,58.069320239858385,-154.46915010358515,1982-05-07T00:00:00Z,1.8635310177227904
urn:ioos:station:GOA_RUNOFF_DISCHARGE,urn:ioos:sensor:GOA_RUNOFF_DISCHARGE:q,58.069320239858385,-154.46915010358515,1982-05-08T00:00:00Z,1.805735884986112
urn:ioos:station:GOA_RUNOFF_DISCHARGE,urn:ioos:sensor:GOA_RUNOFF_DISCHARGE:q,58.069320239858385,-154.46915010358515,1982-05-09T00:00:00Z,2.107859130644711
urn:ioos:station:GOA_RUNOFF_DISCHARGE,urn:ioos:sensor:GOA_RUNOFF_DISCHARGE:q,58.069320239858385,-154.46915010358515,1982-05-10T00:00:00Z,1.5324179181900428
urn:ioos:station:GOA_RUNOFF_DISCHARGE,urn:ioos:sensor:GOA_RUNOFF_DISCHARGE:q,58.069320239858385,-154.46915010358515,1982-05-11T00:00:00Z,1.0886813037805376
urn:ioos:station:GOA_RUNOFF_DISCHARGE,urn:ioos:sensor:GOA_RUNOFF_DISCHARGE:q,58.069320239858385,-154.46915010358515,1982-05-12T00:00:00Z,0.7709675212798283
urn:ioos:station:GOA_RUNOFF_DISCHARGE,urn:ioos:sensor:GOA_RUNOFF_DISCHARGE:q,58.069320239858385,-154.46915010358515,1982-05-13T00:00:00Z,0.5457276942931597
urn:ioos:station:GOA_RUNOFF_DISCHARGE,urn:ioos:sensor:GOA_RUNOFF_DISCHARGE:q,58.069320239858385,-154.46915010358515,1982-05-14T00:00:00Z,0.3862676782097551
urn:ioos:station:GOA_RUNOFF_DISCHARGE,urn:ioos:sensor:GOA_RUNOFF_DISCHARGE:q,58.069320239858385,-154.46915010358515,1982-05-15T00:00:00Z,0.27339892392206727
urn:ioos:station:GOA_RUNOFF_DISCHARGE,urn:ioos:sensor:GOA_RUNOFF_DISCHARGE:q,58.069320239858385,-154.46915010358515,1982-05-16T00:00:00Z,0.1935106030117923
urn:ioos:station:GOA_RUNOFF_DISCHARGE,urn:ioos:sensor:GOA_RUNOFF_DISCHARGE:q,58.069320239858385,-154.46915010358515,1982-05-17T00:00:00Z,0.13696594788969468
urn:ioos:station:GOA_RUNOFF_DISCHARGE,urn:ioos:sensor:GOA_RUNOFF_DISCHARGE:q,58.069320239858385,-154.46915010358515,1982-05-18T00:00:00Z,0.1348012944491222
urn:ioos:station:GOA_RUNOFF_DISCHARGE,urn:ioos:sensor:GOA_RUNOFF_DISCHARGE:q,58.069320239858385,-154.46915010358515,1982-05-19T00:00:00Z,0.09720261306069464
urn:ioos:station:GOA_RUNOFF_DISCHARGE,urn:ioos:sensor:GOA_RUNOFF_DISCHARGE:q,58.069320239858385,-154.46915010358515,1982-05-20T00:00:00Z,0.06897840672449893
urn:ioos:station:GOA_RUNOFF_DISCHARGE,urn:ioos:sensor:GOA_RUNOFF_DISCHARGE:q,58.069320239858385,-154.46915010358515,1982-05-21T00:00:00Z,0.04884046963454245
urn:ioos:station:GOA_RUNOFF_DISCHARGE,urn:ioos:sensor:GOA_RUNOFF_DISCHARGE:q,58.069320239858385,-154.46915010358515,1982-05-22T00:00:00Z,0.0345708511645205
urn:ioos:station:GOA_RUNOFF_DISCHARGE,urn:ioos:sensor:GOA_RUNOFF_DISCHARGE:q,58.069320239858385,-154.46915010358515,1982-05-23T00:00:00Z,0.024469270777069202
urn:ioos:station:GOA_RUNOFF_DISCHARGE,urn:ioos:sensor:GOA_RUNOFF_DISCHARGE:q,58.069320239858385,-154.46915010358515,1982-05-24T00:00:00Z,0.017319258441715918
urn:ioos:station:GOA_RUNOFF_DISCHARGE,urn:ioos:sensor:GOA_RUNOFF_DISCHARGE:q,58.069320239858385,-154.46915010358515,1982-05-25T00:00:00Z,0.012258496609299006
urn:ioos:station:GOA_RUNOFF_DISCHARGE,urn:ioos:sensor:GOA_RUNOFF_DISCHARGE:q,58.069320239858385,-154.46915010358515,1982-05-26T00:00:00Z,3.0060023212009903
urn:ioos:station:GOA_RUNOFF_DISCHARGE,urn:ioos:sensor:GOA_RUNOFF_DISCHARGE:q,58.069320239858385,-154.46915010358515,1982-05-27T00:00:00Z,4.5666583743654
urn:ioos:station:GOA_RUNOFF_DISCHARGE,urn:ioos:sensor:GOA_RUNOFF_DISCHARGE:q,58.069320239858385,-154.46915010358515,1982-05-28T00:00:00Z,3.3550914218653625
urn:ioos:station:GOA_RUNOFF_DISCHARGE,urn:ioos:sensor:GOA_RUNOFF_DISCHARGE:q,58.069320239858385,-154.46915010358515,1982-05-29T00:00:00Z,2.3869840404292892
urn:ioos:station:GOA_RUNOFF_DISCHARGE,urn:ioos:sensor:GOA_RUNOFF_DISCHARGE:q,58.069320239858385,-154.46915010358515,1982-05-30T00:00:00Z,1.69072170930312
urn:ioos:station:GOA_RUNOFF_DISCHARGE,urn:ioos:sensor:GOA_RUNOFF_DISCHARGE:q,58.069320239858385,-154.46915010358515,1982-05-31T00:00:00Z,1.196807529439756
urn:ioos:station:GOA_RUNOFF_DISCHARGE,urn:ioos:sensor:GOA_RUNOFF_DISCHARGE:q,58.069320239858385,-154.46915010358515,1982-06-01T00:00:00Z,0.8471072789418287
urn:ioos:station:GOA_RUNOFF_DISCHARGE,urn:ioos:sensor:GOA_RUNOFF_DISCHARGE:q,58.069320239858385,-154.46915010358515,1982-06-02T00:00:00Z,0.5995799535234296
urn:ioos:station:GOA_RUNOFF_DISCHARGE,urn:ioos:sensor:GOA_RUNOFF_DISCHARGE:q,58.069320239858385,-154.46915010358515,1982-06-03T00:00:00Z,0.42438014874425617
urn:ioos:station:GOA_RUNOFF_DISCHARGE,urn:ioos:sensor:GOA_RUNOFF_DISCHARGE:q,58.069320239858385,-154.46915010358515,1982-06-04T00:00:00Z,0.9716119386239049
urn:ioos:station:GOA_RUNOFF_DISCHARGE,urn:ioos:sensor:GOA_RUNOFF_DISCHARGE:q,58.069320239858385,-154.46915010358515,1982-06-05T00:00:00Z,3.8519744572434904
urn:ioos:station:GOA_RUNOFF_DISCHARGE,urn:ioos:sensor:GOA_RUNOFF_DISCHARGE:q,58.069320239858385,-154.46915010358515,1982-06-06T00:00:00Z,4.341358984772524
urn:ioos:station:GOA_RUNOFF_DISCHARGE,urn:ioos:sensor:GOA_RUNOFF_DISCHARGE:q,58.069320239858385,-154.46915010358515,1982-06-07T00:00:00Z,3.1571443913714194
urn:ioos:station:GOA_RUNOFF_DISCHARGE,urn:ioos:sensor:GOA_RUNOFF_DISCHARGE:q,58.069320239858385,-154.46915010358515,1982-06-08T00:00:00Z,2.243035791203529
urn:ioos:station:GOA_RUNOFF_DISCHARGE,urn:ioos:sensor:GOA_RUNOFF_DISCHARGE:q,58.069320239858385,-154.46915010358515,1982-06-09T00:00:00Z,4.4335349299194435
urn:ioos:station:GOA_RUNOFF_DISCHARGE,urn:ioos:sensor:GOA_RUNOFF_DISCHARGE:q,58.069320239858385,-154.46915010358515,1982-06-10T00:00:00Z,4.528987180190646
urn:ioos:station:GOA_RUNOFF_DISCHARGE,urn:ioos:sensor:GOA_RUNOFF_DISCHARGE:q,58.069320239858385,-154.46915010358515,1982-06-11T00:00:00Z,5.2719317285998155
urn:ioos:station:GOA_RUNOFF_DISCHARGE,urn:ioos:sensor:GOA_RUNOFF_DISCHARGE:q,58.069320239858385,-154.46915010358515,1982-06-12T00:00:00Z,4.29050389878421
urn:ioos:station:GOA_RUNOFF_DISCHARGE,urn:ioos:sensor:GOA_RUNOFF_DISCHARGE:q,58.069320239858385,-154.46915010358515,1982-06-13T00:00:00Z,3.0685844325177065
urn:ioos:station:GOA_RUNOFF_DISCHARGE,urn:ioos:sensor:GOA_RUNOFF_DISCHARGE:q,58.069320239858385,-154.46915010358515,1982-06-14T00:00:00Z,2.175104293484484
urn:ioos:station:GOA_RUNOFF_DISCHARGE,urn:ioos:sensor:GOA_RUNOFF_DISCHARGE:q,58.069320239858385,-154.46915010358515,1982-06-15T00:00:00Z,1.5398460428379859
urn:ioos:station:GOA_RUNOFF_DISCHARGE,urn:ioos:sensor:GOA_RUNOFF_DISCHARGE:q,58.069320239858385,-154.46915010358515,1982-06-16T00:00:00Z,1.0899278757852413
urn:ioos:station:GOA_RUNOFF_DISCHARGE,urn:ioos:sensor:GOA_RUNOFF_DISCHARGE:q,58.069320239858385,-154.46915010358515,1982-06-17T00:00:00Z,0.7714492844249102
urn:ioos:station:GOA_RUNOFF_DISCHARGE,urn:ioos:sensor:GOA_RUNOFF_DISCHARGE:q,58.069320239858385,-154.46915010358515,1982-06-18T00:00:00Z,0.5460286647014506
urn:ioos:station:GOA_RUNOFF_DISCHARGE,urn:ioos:sensor:GOA_RUNOFF_DISCHARGE:q,58.069320239858385,-154.46915010358515,1982-06-19T00:00:00Z,0.3864766900056997
urn:ioos:station:GOA_RUNOFF_DISCHARGE,urn:ioos:sensor:GOA_RUNOFF_DISCHARGE:q,58.069320239858385,-154.46915010358515,1982-06-20T00:00:00Z,0.27354651486373543
urn:ioos:station:GOA_RUNOFF_DISCHARGE,urn:ioos:sensor:GOA_RUNOFF_DISCHARGE:q,58.069320239858385,-154.46915010358515,1982-06-21T00:00:00Z,0.1936149937970524
urn:ioos:station:GOA_RUNOFF_DISCHARGE,urn:ioos:sensor:GOA_RUNOFF_DISCHARGE:q,58.069320239858385,-154.46915010358515,1982-06-22T00:00:00Z,0.13703984202856778
urn:ioos:station:GOA_RUNOFF_DISCHARGE,urn:ioos:sensor:GOA_RUNOFF_DISCHARGE:q,58.069320239858385,-154.46915010358515,1982-06-23T00:00:00Z,0.09699619130077375
urn:ioos:station:GOA_RUNOFF_DISCHARGE,urn:ioos:sensor:GOA_RUNOFF_DISCHARGE:q,58.069320239858385,-154.46915010358515,1982-06-24T00:00:00Z,0.06865347642740459
urn:ioos:station:GOA_RUNOFF_DISCHARGE,urn:ioos:sensor:GOA_RUNOFF_DISCHARGE:q,58.069320239858385,-154.46915010358515,1982-06-25T00:00:00Z,0.048592623742915474
urn:ioos:station:GOA_RUNOFF_DISCHARGE,urn:ioos:sensor:GOA_RUNOFF_DISCHARGE:q,58.069320239858385,-154.46915010358515,1982-06-26T00:00:00Z,0.47764849051973457
urn:ioos:station:GOA_RUNOFF_DISCHARGE,urn:ioos:sensor:GOA_RUNOFF_DISCHARGE:q,58.069320239858385,-154.46915010358515,1982-06-27T00:00:00Z,3.554461640153816
urn:ioos:station:GOA_RUNOFF_DISCHARGE,urn:ioos:sensor:GOA_RUNOFF_DISCHARGE:q,58.069320239858385,-154.46915010358515,1982-06-28T00:00:00Z,6.248460098270924
urn:ioos:station:GOA_RUNOFF_DISCHARGE,urn:ioos:sensor:GOA_RUNOFF_DISCHARGE:q,58.069320239858385,-154.46915010358515,1982-06-29T00:00:00Z,5.102608954006186
urn:ioos:station:GOA_RUNOFF_DISCHARGE,urn:ioos:sensor:GOA_RUNOFF_DISCHARGE:q,58.069320239858385,-154.46915010358515,1982-06-30T00:00:00Z,8.000268769206475
urn:ioos:station:GOA_RUNOFF_DISCHARGE,urn:ioos:sensor:GOA_RUNOFF_DISCHARGE:q,58.069320239858385,-154.46915010358515,1982-07-01T00:00:00Z,6.038727630969491
urn:ioos:station:GOA_RUNOFF_DISCHARGE,urn:ioos:sensor:GOA_RUNOFF_DISCHARGE:q,58.069320239858385,-154.46915010358515,1982-07-02T00:00:00Z,4.9619151713787435
urn:ioos:station:GOA_RUNOFF_DISCHARGE,urn:ioos:sensor:GOA_RUNOFF_DISCHARGE:q,58.069320239858385,-154.46915010358515,1982-07-03T00:00:00Z,6.350343925996188
urn:ioos:station:GOA_RUNOFF_DISCHARGE,urn:ioos:sensor:GOA_RUNOFF_DISCHARGE:q,58.069320239858385,-154.46915010358515,1982-07-04T00:00:00Z,6.918586055210774
urn:ioos:station:GOA_RUNOFF_DISCHARGE,urn:ioos:sensor:GOA_RUNOFF_DISCHARGE:q,58.069320239858385,-154.46915010358515,1982-07-05T00:00:00Z,5.018755329055304
urn:ioos:station:GOA_RUNOFF_DISCHARGE,urn:ioos:sensor:GOA_RUNOFF_DISCHARGE:q,58.069320239858385,-154.46915010358515,1982-07-06T00:00:00Z,3.5644168506165816
urn:ioos:station:GOA_RUNOFF_DISCHARGE,urn:ioos:sensor:GOA_RUNOFF_DISCHARGE:q,58.069320239858385,-154.46915010358515,1982-07-07T00:00:00Z,2.524093147421234
urn:ioos:station:GOA_RUNOFF_DISCHARGE,urn:ioos:sensor:GOA_RUNOFF_DISCHARGE:q,58.069320239858385,-154.46915010358515,1982-07-08T00:00:00Z,1.7866629583755977
urn:ioos:station:GOA_RUNOFF_DISCHARGE,urn:ioos:sensor:GOA_RUNOFF_DISCHARGE:q,58.069320239858385,-154.46915010358515,1982-07-09T00:00:00Z,1.264604443953607
urn:ioos:station:GOA_RUNOFF_DISCHARGE,urn:ioos:sensor:GOA_RUNOFF_DISCHARGE:q,58.069320239858385,-154.46915010358515,1982-07-10T00:00:00Z,0.8950825079865542
urn:ioos:station:GOA_RUNOFF_DISCHARGE,urn:ioos:sensor:GOA_RUNOFF_DISCHARGE:q,58.069320239858385,-154.46915010358515,1982-07-11T00:00:00Z,1.1592021139576667
urn:ioos:station:GOA_RUNOFF_DISCHARGE,urn:ioos:sensor:GOA_RUNOFF_DISCHARGE:q,58.069320239858385,-154.46915010358515,1982-07-12T00:00:00Z,0.8453450019866275
urn:ioos:station:GOA_RUNOFF_DISCHARGE,urn:ioos:sensor:GOA_RUNOFF_DISCHARGE:q,58.069320239858385,-154.46915010358515,1982-07-13T00:00:00Z,0.6008145538060682
urn:ioos:station:GOA_RUNOFF_DISCHARGE,urn:ioos:sensor:GOA_RUNOFF_DISCHARGE:q,58.069320239858385,-154.46915010358515,1982-07-14T00:00:00Z,0.4255018727902808
urn:ioos:station:GOA_RUNOFF_DISCHARGE,urn:ioos:sensor:GOA_RUNOFF_DISCHARGE:q,58.069320239858385,-154.46915010358515,1982-07-15T00:00:00Z,0.301193069165616
urn:ioos:station:GOA_RUNOFF_DISCHARGE,urn:ioos:sensor:GOA_RUNOFF_DISCHARGE:q,58.069320239858385,-154.46915010358515,1982-07-16T00:00:00Z,0.6494019851434313
urn:ioos:station:GOA_RUNOFF_DISCHARGE,urn:ioos:sensor:GOA_RUNOFF_DISCHARGE:q,58.069320239858385,-154.46915010358515,1982-07-17T00:00:00Z,0.48027944089027613
urn:ioos:station:GOA_RUNOFF_DISCHARGE,urn:ioos:sensor:GOA_RUNOFF_DISCHARGE:q,58.069320239858385,-154.46915010358515,1982-07-18T00:00:00Z,0.3420002625131979
urn:ioos:station:GOA_RUNOFF_DISCHARGE,urn:ioos:sensor:GOA_RUNOFF_DISCHARGE:q,58.069320239858385,-154.46915010358515,1982-07-19T00:00:00Z,0.2422720189912557
urn:ioos:station:GOA_RUNOFF_DISCHARGE,urn:ioos:sensor:GOA_RUNOFF_DISCHARGE:q,58.069320239858385,-154.46915010358515,1982-07-20T00:00:00Z,0.17149962175935432
urn:ioos:station:GOA_RUNOFF_DISCHARGE,urn:ioos:sensor:GOA_RUNOFF_DISCHARGE:q,58.069320239858385,-154.46915010358515,1982-07-21T00:00:00Z,0.12138873123284866
urn:ioos:station:GOA_RUNOFF_DISCHARGE,urn:ioos:sensor:GOA_RUNOFF_DISCHARGE:q,58.069320239858385,-154.46915010358515,1982-07-22T00:00:00Z,0.4191143341709595
urn:ioos:station:GOA_RUNOFF_DISCHARGE,urn:ioos:sensor:GOA_RUNOFF_DISCHARGE:q,58.069320239858385,-154.46915010358515,1982-07-23T00:00:00Z,1.2443567098920871
urn:ioos:station:GOA_RUNOFF_DISCHARGE,urn:ioos:sensor:GOA_RUNOFF_DISCHARGE:q,58.069320239858385,-154.46915010358515,1982-07-24T00:00:00Z,0.9264102681554198
urn:ioos:station:GOA_RUNOFF_DISCHARGE,urn:ioos:sensor:GOA_RUNOFF_DISCHARGE:q,58.069320239858385,-154.46915010358515,1982-07-25T00:00:00Z,0.9720865318914864
urn:ioos:station:GOA_RUNOFF_DISCHARGE,urn:ioos:sensor:GOA_RUNOFF_DISCHARGE:q,58.069320239858385,-154.46915010358515,1982-07-26T00:00:00Z,0.7032444762378404
urn:ioos:station:GOA_RUNOFF_DISCHARGE,urn:ioos:sensor:GOA_RUNOFF_DISCHARGE:q,58.069320239858385,-154.46915010358515,1982-07-27T00:00:00Z,0.499271755712929
urn:ioos:station:GOA_RUNOFF_DISCHARGE,urn:ioos:sensor:GOA_RUNOFF_DISCHARGE:q,58.069320239858385,-154.46915010358515,1982-07-28T00:00:00Z,0.3535339971532036
urn:ioos:station:GOA_RUNOFF_DISCHARGE,urn:ioos:sensor:GOA_RUNOFF_DISCHARGE:q,58.069320239858385,-154.46915010358515,1982-07-29T00:00:00Z,2.25078320562567
urn:ioos:station:GOA_RUNOFF_DISCHARGE,urn:ioos:sensor:GOA_RUNOFF_DISCHARGE:q,58.069320239858385,-154.46915010358515,1982-07-30T00:00:00Z,1.6877320677214733
urn:ioos:station:GOA_RUNOFF_DISCHARGE,urn:ioos:sensor:GOA_RUNOFF_DISCHARGE:q,58.069320239858385,-154.46915010358515,1982-07-31T00:00:00Z,1.2040196368609855
urn:ioos:station:GOA_RUNOFF_DISCHARGE,urn:ioos:sensor:GOA_RUNOFF_DISCHARGE:q,58.069320239858385,-154.46915010358515,1982-08-01T00:00:00Z,0.8531433948955846
urn:ioos:station:GOA_RUNOFF_DISCHARGE,urn:ioos:sensor:GOA_RUNOFF_DISCHARGE:q,58.069320239858385,-154.46915010358515,1982-08-02T00:00:00Z,0.6039454222408674
urn:ioos:station:GOA_RUNOFF_DISCHARGE,urn:ioos:sensor:GOA_RUNOFF_DISCHARGE:q,58.069320239858385,-154.46915010358515,1982-08-03T00:00:00Z,0.4274792789598444
urn:ioos:station:GOA_RUNOFF_DISCHARGE,urn:ioos:sensor:GOA_RUNOFF_DISCHARGE:q,58.069320239858385,-154.46915010358515,1982-08-04T00:00:00Z,0.302568863412061
urn:ioos:station:GOA_RUNOFF_DISCHARGE,urn:ioos:sensor:GOA_RUNOFF_DISCHARGE:q,58.069320239858385,-154.46915010358515,1982-08-05T00:00:00Z,0.21415698884021153
urn:ioos:station:GOA_RUNOFF_DISCHARGE,urn:ioos:sensor:GOA_RUNOFF_DISCHARGE:q,58.069320239858385,-154.46915010358515,1982-08-06T00:00:00Z,0.15157938336394255
urn:ioos:station:GOA_RUNOFF_DISCHARGE,urn:ioos:sensor:GOA_RUNOFF_DISCHARGE:q,58.069320239858385,-154.46915010358515,1982-08-07T00:00:00Z,0.10728721021193337
urn:ioos:station:GOA_RUNOFF_DISCHARGE,urn:ioos:sensor:GOA_RUNOFF_DISCHARGE:q,58.069320239858385,-154.46915010358515,1982-08-08T00:00:00Z,0.0759374141810248
urn:ioos:station:GOA_RUNOFF_DISCHARGE,urn:ioos:sensor:GOA_RUNOFF_DISCHARGE:q,58.069320239858385,-154.46915010358515,1982-08-09T00:00:00Z,0.05374816033795848
urn:ioos:station:GOA_RUNOFF_DISCHARGE,urn:ioos:sensor:GOA_RUNOFF_DISCHARGE:q,58.069320239858385,-154.46915010358515,1982-08-10T00:00:00Z,0.038042712230929365
urn:ioos:station:GOA_RUNOFF_DISCHARGE,urn:ioos:sensor:GOA_RUNOFF_DISCHARGE:q,58.069320239858385,-154.46915010358515,1982-08-11T00:00:00Z,0.02692646261976657
urn:ioos:station:GOA_RUNOFF_DISCHARGE,urn:ioos:sensor:GOA_RUNOFF_DISCHARGE:q,58.069320239858385,-154.46915010358515,1982-08-12T00:00:00Z,0.01905843063111827
urn:ioos:station:GOA_RUNOFF_DISCHARGE,urn:ioos:sensor:GOA_RUNOFF_DISCHARGE:q,58.069320239858385,-154.46915010358515,1982-08-13T00:00:00Z,0.013489472897088524
urn:ioos:station:GOA_RUNOFF_DISCHARGE,urn:ioos:sensor:GOA_RUNOFF_DISCHARGE:q,58.069320239858385,-154.46915010358515,1982-08-14T00:00:00Z,0.00954778854610848
urn:ioos:station:GOA_RUNOFF_DISCHARGE,urn:ioos:sensor:GOA_RUNOFF_DISCHARGE:q,58.069320239858385,-154.46915010358515,1982-08-15T00:00:00Z,0.006757882423052667
urn:ioos:station:GOA_RUNOFF_DISCHARGE,urn:ioos:sensor:GOA_RUNOFF_DISCHARGE:q,58.069320239858385,-154.46915010358515,1982-08-16T00:00:00Z,0.004783199902482261
urn:ioos:station:GOA_RUNOFF_DISCHARGE,urn:ioos:sensor:GOA_RUNOFF_DISCHARGE:q,58.069320239858385,-154.46915010358515,1982-08-17T00:00:00Z,0.0033855273031294657
urn:ioos:station:GOA_RUNOFF_DISCHARGE,urn:ioos:sensor:GOA_RUNOFF_DISCHARGE:q,58.069320239858385,-154.46915010358515,1982-08-18T00:00:00Z,0.0023962615021877604
urn:ioos:station:GOA_RUNOFF_DISCHARGE,urn:ioos:sensor:GOA_RUNOFF_DISCHARGE:q,58.069320239858385,-154.46915010358515,1982-08-19T00:00:00Z,0.0016960631210667545
urn:ioos:station:GOA_RUNOFF_DISCHARGE,urn:ioos:sensor:GOA_RUNOFF_DISCHARGE:q,58.069320239858385,-154.46915010358515,1982-08-20T00:00:00Z,0.001200465894683505
urn:ioos:station:GOA_RUNOFF_DISCHARGE,urn:ioos:sensor:GOA_RUNOFF_DISCHARGE:q,58.069320239858385,-154.46915010358515,1982-08-21T00:00:00Z,8.496845071346158E-4
urn:ioos:station:GOA_RUNOFF_DISCHARGE,urn:ioos:sensor:GOA_RUNOFF_DISCHARGE:q,58.069320239858385,-154.46915010358515,1982-08-22T00:00:00Z,0.4941170413515443
urn:ioos:station:GOA_RUNOFF_DISCHARGE,urn:ioos:sensor:GOA_RUNOFF_DISCHARGE:q,58.069320239858385,-154.46915010358515,1982-08-23T00:00:00Z,0.5466972393337026
urn:ioos:station:GOA_RUNOFF_DISCHARGE,urn:ioos:sensor:GOA_RUNOFF_DISCHARGE:q,58.069320239858385,-154.46915010358515,1982-08-24T00:00:00Z,0.6295341888107472
urn:ioos:station:GOA_RUNOFF_DISCHARGE,urn:ioos:sensor:GOA_RUNOFF_DISCHARGE:q,58.069320239858385,-154.46915010358515,1982-08-25T00:00:00Z,0.9329727452078849
urn:ioos:station:GOA_RUNOFF_DISCHARGE,urn:ioos:sensor:GOA_RUNOFF_DISCHARGE:q,58.069320239858385,-154.46915010358515,1982-08-26T00:00:00Z,0.6840424260536236
urn:ioos:station:GOA_RUNOFF_DISCHARGE,urn:ioos:sensor:GOA_RUNOFF_DISCHARGE:q,58.069320239858385,-154.46915010358515,1982-08-27T00:00:00Z,0.48652775890657085
urn:ioos:station:GOA_RUNOFF_DISCHARGE,urn:ioos:sensor:GOA_RUNOFF_DISCHARGE:q,58.069320239858385,-154.46915010358515,1982-08-28T00:00:00Z,0.3445984222054457
urn:ioos:station:GOA_RUNOFF_DISCHARGE,urn:ioos:sensor:GOA_RUNOFF_DISCHARGE:q,58.069320239858385,-154.46915010358515,1982-08-29T00:00:00Z,0.986124625807999
urn:ioos:station:GOA_RUNOFF_DISCHARGE,urn:ioos:sensor:GOA_RUNOFF_DISCHARGE:q,58.069320239858385,-154.46915010358515,1982-08-30T00:00:00Z,0.7330868219689339
urn:ioos:station:GOA_RUNOFF_DISCHARGE,urn:ioos:sensor:GOA_RUNOFF_DISCHARGE:q,58.069320239858385,-154.46915010358515,1982-08-31T00:00:00Z,0.5223818495857878
urn:ioos:station:GOA_RUNOFF_DISCHARGE,urn:ioos:sensor:GOA_RUNOFF_DISCHARGE:q,58.069320239858385,-154.46915010358515,1982-09-01T00:00:00Z,0.10398648474799864
urn:ioos:station:GOA_RUNOFF_DISCHARGE,urn:ioos:sensor:GOA_RUNOFF_DISCHARGE:q,58.069320239858385,-154.46915010358515,1982-09-02T00:00:00Z,0.07361365852756767
urn:ioos:station:GOA_RUNOFF_DISCHARGE,urn:ioos:sensor:GOA_RUNOFF_DISCHARGE:q,58.069320239858385,-154.46915010358515,1982-09-03T00:00:00Z,0.05210467147937466
urn:ioos:station:GOA_RUNOFF_DISCHARGE,urn:ioos:sensor:GOA_RUNOFF_DISCHARGE:q,58.069320239858385,-154.46915010358515,1982-09-04T00:00:00Z,0.036879580497871864
urn:ioos:station:GOA_RUNOFF_DISCHARGE,urn:ioos:sensor:GOA_RUNOFF_DISCHARGE:q,58.069320239858385,-154.46915010358515,1982-09-05T00:00:00Z,2.847247025141457
urn:ioos:station:GOA_RUNOFF_DISCHARGE,urn:ioos:sensor:GOA_RUNOFF_DISCHARGE:q,58.069320239858385,-154.46915010358515,1982-09-06T00:00:00Z,2.905091228782864
urn:ioos:station:GOA_RUNOFF_DISCHARGE,urn:ioos:sensor:GOA_RUNOFF_DISCHARGE:q,58.069320239858385,-154.46915010358515,1982-09-07T00:00:00Z,2.105317705074887
urn:ioos:station:GOA_RUNOFF_DISCHARGE,urn:ioos:sensor:GOA_RUNOFF_DISCHARGE:q,58.069320239858385,-154.46915010358515,1982-09-08T00:00:00Z,1.4950382551811816
urn:ioos:station:GOA_RUNOFF_DISCHARGE,urn:ioos:sensor:GOA_RUNOFF_DISCHARGE:q,58.069320239858385,-154.46915010358515,1982-09-09T00:00:00Z,1.4501617945692347
urn:ioos:station:GOA_RUNOFF_DISCHARGE,urn:ioos:sensor:GOA_RUNOFF_DISCHARGE:q,58.069320239858385,-154.46915010358515,1982-09-10T00:00:00Z,1.785798494796588
urn:ioos:station:GOA_RUNOFF_DISCHARGE,urn:ioos:sensor:GOA_RUNOFF_DISCHARGE:q,58.069320239858385,-154.46915010358515,1982-09-11T00:00:00Z,1.3008786302535322
urn:ioos:station:GOA_RUNOFF_DISCHARGE,urn:ioos:sensor:GOA_RUNOFF_DISCHARGE:q,58.069320239858385,-154.46915010358515,1982-09-12T00:00:00Z,3.77263693421625
urn:ioos:station:GOA_RUNOFF_DISCHARGE,urn:ioos:sensor:GOA_RUNOFF_DISCHARGE:q,58.069320239858385,-154.46915010358515,1982-09-13T00:00:00Z,7.537773518780011
urn:ioos:station:GOA_RUNOFF_DISCHARGE,urn:ioos:sensor:GOA_RUNOFF_DISCHARGE:q,58.069320239858385,-154.46915010358515,1982-09-14T00:00:00Z,6.7493458986551325
urn:ioos:station:GOA_RUNOFF_DISCHARGE,urn:ioos:sensor:GOA_RUNOFF_DISCHARGE:q,58.069320239858385,-154.46915010358515,1982-09-15T00:00:00Z,14.057566514459745
urn:ioos:station:GOA_RUNOFF_DISCHARGE,urn:ioos:sensor:GOA_RUNOFF_DISCHARGE:q,58.069320239858385,-154.46915010358515,1982-09-16T00:00:00Z,10.825684635596568
urn:ioos:station:GOA_RUNOFF_DISCHARGE,urn:ioos:sensor:GOA_RUNOFF_DISCHARGE:q,58.069320239858385,-154.46915010358515,1982-09-17T00:00:00Z,12.275830117050022
urn:ioos:station:GOA_RUNOFF_DISCHARGE,urn:ioos:sensor:GOA_RUNOFF_DISCHARGE:q,58.069320239858385,-154.46915010358515,1982-09-18T00:00:00Z,14.995647501382646
urn:ioos:station:GOA_RUNOFF_DISCHARGE,urn:ioos:sensor:GOA_RUNOFF_DISCHARGE:q,58.069320239858385,-154.46915010358515,1982-09-19T00:00:00Z,12.539889995968194
urn:ioos:station:GOA_RUNOFF_DISCHARGE,urn:ioos:sensor:GOA_RUNOFF_DISCHARGE:q,58.069320239858385,-154.46915010358515,1982-09-20T00:00:00Z,12.20351565348129
urn:ioos:station:GOA_RUNOFF_DISCHARGE,urn:ioos:sensor:GOA_RUNOFF_DISCHARGE:q,58.069320239858385,-154.46915010358515,1982-09-21T00:00:00Z,11.286460694111527
urn:ioos:station:GOA_RUNOFF_DISCHARGE,urn:ioos:sensor:GOA_RUNOFF_DISCHARGE:q,58.069320239858385,-154.46915010358515,1982-09-22T00:00:00Z,8.12238191295931
urn:ioos:station:GOA_RUNOFF_DISCHARGE,urn:ioos:sensor:GOA_RUNOFF_DISCHARGE:q,58.069320239858385,-154.46915010358515,1982-09-23T00:00:00Z,5.762355033243422
urn:ioos:station:GOA_RUNOFF_DISCHARGE,urn:ioos:sensor:GOA_RUNOFF_DISCHARGE:q,58.069320239858385,-154.46915010358515,1982-09-24T00:00:00Z,4.079904205198675
urn:ioos:station:GOA_RUNOFF_DISCHARGE,urn:ioos:sensor:GOA_RUNOFF_DISCHARGE:q,58.069320239858385,-154.46915010358515,1982-09-25T00:00:00Z,4.595103712221665
urn:ioos:station:GOA_RUNOFF_DISCHARGE,urn:ioos:sensor:GOA_RUNOFF_DISCHARGE:q,58.069320239858385,-154.46915010358515,1982-09-26T00:00:00Z,4.183112815794222
urn:ioos:station:GOA_RUNOFF_DISCHARGE,urn:ioos:sensor:GOA_RUNOFF_DISCHARGE:q,58.069320239858385,-154.46915010358515,1982-09-27T00:00:00Z,3.009061819754247
urn:ioos:station:GOA_RUNOFF_DISCHARGE,urn:ioos:sensor:GOA_RUNOFF_DISCHARGE:q,58.069320239858385,-154.46915010358515,1982-09-28T00:00:00Z,4.063906564027658
urn:ioos:station:GOA_RUNOFF_DISCHARGE,urn:ioos:sensor:GOA_RUNOFF_DISCHARGE:q,58.069320239858385,-154.46915010358515,1982-09-29T00:00:00Z,2.968161681113929
urn:ioos:station:GOA_RUNOFF_DISCHARGE,urn:ioos:sensor:GOA_RUNOFF_DISCHARGE:q,58.069320239858385,-154.46915010358515,1982-09-30T00:00:00Z,2.1100135143868908
urn:ioos:station:GOA_RUNOFF_DISCHARGE,urn:ioos:sensor:GOA_RUNOFF_DISCHARGE:q,58.069320239858385,-154.46915010358515,1982-10-01T00:00:00Z,1.4943731010409482
urn:ioos:station:GOA_RUNOFF_DISCHARGE,urn:ioos:sensor:GOA_RUNOFF_DISCHARGE:q,58.069320239858385,-154.46915010358515,1982-10-02T00:00:00Z,1.0578019569595727
urn:ioos:station:GOA_RUNOFF_DISCHARGE,urn:ioos:sensor:GOA_RUNOFF_DISCHARGE:q,58.069320239858385,-154.46915010358515,1982-10-03T00:00:00Z,0.7487166286905661
urn:ioos:station:GOA_RUNOFF_DISCHARGE,urn:ioos:sensor:GOA_RUNOFF_DISCHARGE:q,58.069320239858385,-154.46915010358515,1982-10-04T00:00:00Z,0.5299392293648184
urn:ioos:station:GOA_RUNOFF_DISCHARGE,urn:ioos:sensor:GOA_RUNOFF_DISCHARGE:q,58.069320239858385,-154.46915010358515,1982-10-05T00:00:00Z,0.34212589981618896
urn:ioos:station:GOA_RUNOFF_DISCHARGE,urn:ioos:sensor:GOA_RUNOFF_DISCHARGE:q,58.069320239858385,-154.46915010358515,1982-10-06T00:00:00Z,0.22199356628026087
urn:ioos:station:GOA_RUNOFF_DISCHARGE,urn:ioos:sensor:GOA_RUNOFF_DISCHARGE:q,58.069320239858385,-154.46915010358515,1982-10-07T00:00:00Z,0.15810124207368675
urn:ioos:station:GOA_RUNOFF_DISCHARGE,urn:ioos:sensor:GOA_RUNOFF_DISCHARGE:q,58.069320239858385,-154.46915010358515,1982-10-08T00:00:00Z,0.10205777125568069
urn:ioos:station:GOA_RUNOFF_DISCHARGE,urn:ioos:sensor:GOA_RUNOFF_DISCHARGE:q,58.069320239858385,-154.46915010358515,1982-10-09T00:00:00Z,0.07265370895381727
urn:ioos:station:GOA_RUNOFF_DISCHARGE,urn:ioos:sensor:GOA_RUNOFF_DISCHARGE:q,58.069320239858385,-154.46915010358515,1982-10-10T00:00:00Z,0.051465680814148936
urn:ioos:station:GOA_RUNOFF_DISCHARGE,urn:ioos:sensor:GOA_RUNOFF_DISCHARGE:q,58.069320239858385,-154.46915010358515,1982-10-11T00:00:00Z,1.909297727161272
urn:ioos:station:GOA_RUNOFF_DISCHARGE,urn:ioos:sensor:GOA_RUNOFF_DISCHARGE:q,58.069320239858385,-154.46915010358515,1982-10-12T00:00:00Z,5.461237543795678
urn:ioos:station:GOA_RUNOFF_DISCHARGE,urn:ioos:sensor:GOA_RUNOFF_DISCHARGE:q,58.069320239858385,-154.46915010358515,1982-10-13T00:00:00Z,3.662798620744334
urn:ioos:station:GOA_RUNOFF_DISCHARGE,urn:ioos:sensor:GOA_RUNOFF_DISCHARGE:q,58.069320239858385,-154.46915010358515,1982-10-14T00:00:00Z,4.836434158561433
urn:ioos:station:GOA_RUNOFF_DISCHARGE,urn:ioos:sensor:GOA_RUNOFF_DISCHARGE:q,58.069320239858385,-154.46915010358515,1982-10-15T00:00:00Z,3.5496658472289604
urn:ioos:station:GOA_RUNOFF_DISCHARGE,urn:ioos:sensor:GOA_RUNOFF_DISCHARGE:q,58.069320239858385,-154.46915010358515,1982-10-16T00:00:00Z,4.087805541761654
urn:ioos:station:GOA_RUNOFF_DISCHARGE,urn:ioos:sensor:GOA_RUNOFF_DISCHARGE:q,58.069320239858385,-154.46915010358515,1982-10-17T00:00:00Z,2.999602317519409
urn:ioos:station:GOA_RUNOFF_DISCHARGE,urn:ioos:sensor:GOA_RUNOFF_DISCHARGE:q,58.069320239858385,-154.46915010358515,1982-10-18T00:00:00Z,2.1320808186449236
urn:ioos:station:GOA_RUNOFF_DISCHARGE,urn:ioos:sensor:GOA_RUNOFF_DISCHARGE:q,58.069320239858385,-154.46915010358515,1982-10-19T00:00:00Z,1.7131029094825523
urn:ioos:station:GOA_RUNOFF_DISCHARGE,urn:ioos:sensor:GOA_RUNOFF_DISCHARGE:q,58.069320239858385,-154.46915010358515,1982-10-20T00:00:00Z,1.2291834072975534
urn:ioos:station:GOA_RUNOFF_DISCHARGE,urn:ioos:sensor:GOA_RUNOFF_DISCHARGE:q,58.069320239858385,-154.46915010358515,1982-10-21T00:00:00Z,0.793987958794584
urn:ioos:station:GOA_RUNOFF_DISCHARGE,urn:ioos:sensor:GOA_RUNOFF_DISCHARGE:q,58.069320239858385,-154.46915010358515,1982-10-22T00:00:00Z,0.5152393689107447
urn:ioos:station:GOA_RUNOFF_DISCHARGE,urn:ioos:sensor:GOA_RUNOFF_DISCHARGE:q,58.069320239858385,-154.46915010358515,1982-10-23T00:00:00Z,0.36695028508794936
urn:ioos:station:GOA_RUNOFF_DISCHARGE,urn:ioos:sensor:GOA_RUNOFF_DISCHARGE:q,58.069320239858385,-154.46915010358515,1982-10-24T00:00:00Z,0.2599520982292516
urn:ioos:station:GOA_RUNOFF_DISCHARGE,urn:ioos:sensor:GOA_RUNOFF_DISCHARGE:q,58.069320239858385,-154.46915010358515,1982-10-25T00:00:00Z,0.18401553094889483
urn:ioos:station:GOA_RUNOFF_DISCHARGE,urn:ioos:sensor:GOA_RUNOFF_DISCHARGE:q,58.069320239858385,-154.46915010358515,1982-10-26T00:00:00Z,0.13024763289196842
urn:ioos:station:GOA_RUNOFF_DISCHARGE,urn:ioos:sensor:GOA_RUNOFF_DISCHARGE:q,58.069320239858385,-154.46915010358515,1982-10-27T00:00:00Z,0.31947083004984367
urn:ioos:station:GOA_RUNOFF_DISCHARGE,urn:ioos:sensor:GOA_RUNOFF_DISCHARGE:q,58.069320239858385,-154.46915010358515,1982-10-28T00:00:00Z,3.4094856646338494
urn:ioos:station:GOA_RUNOFF_DISCHARGE,urn:ioos:sensor:GOA_RUNOFF_DISCHARGE:q,58.069320239858385,-154.46915010358515,1982-10-29T00:00:00Z,2.845698331601341
urn:ioos:station:GOA_RUNOFF_DISCHARGE,urn:ioos:sensor:GOA_RUNOFF_DISCHARGE:q,58.069320239858385,-154.46915010358515,1982-10-30T00:00:00Z,2.042574830633296
urn:ioos:station:GOA_RUNOFF_DISCHARGE,urn:ioos:sensor:GOA_RUNOFF_DISCHARGE:q,58.069320239858385,-154.46915010358515,1982-10-31T00:00:00Z,3.2274660236671573
urn:ioos:station:GOA_RUNOFF_DISCHARGE,urn:ioos:sensor:GOA_RUNOFF_DISCHARGE:q,58.069320239858385,-154.46915010358515,1982-11-01T00:00:00Z,4.004974380809564
urn:ioos:station:GOA_RUNOFF_DISCHARGE,urn:ioos:sensor:GOA_RUNOFF_DISCHARGE:q,58.069320239858385,-154.46915010358515,1982-11-02T00:00:00Z,2.9205334346730143
urn:ioos:station:GOA_RUNOFF_DISCHARGE,urn:ioos:sensor:GOA_RUNOFF_DISCHARGE:q,58.069320239858385,-154.46915010358515,1982-11-03T00:00:00Z,2.075711373293077
urn:ioos:station:GOA_RUNOFF_DISCHARGE,urn:ioos:sensor:GOA_RUNOFF_DISCHARGE:q,58.069320239858385,-154.46915010358515,1982-11-04T00:00:00Z,1.470035247869488
urn:ioos:station:GOA_RUNOFF_DISCHARGE,urn:ioos:sensor:GOA_RUNOFF_DISCHARGE:q,58.069320239858385,-154.46915010358515,1982-11-05T00:00:00Z,1.0405699786206872
urn:ioos:station:GOA_RUNOFF_DISCHARGE,urn:ioos:sensor:GOA_RUNOFF_DISCHARGE:q,58.069320239858385,-154.46915010358515,1982-11-06T00:00:00Z,0.7365193514882972
urn:ioos:station:GOA_RUNOFF_DISCHARGE,urn:ioos:sensor:GOA_RUNOFF_DISCHARGE:q,58.069320239858385,-154.46915010358515,1982-11-07T00:00:00Z,0.4750005692464853
urn:ioos:station:GOA_RUNOFF_DISCHARGE,urn:ioos:sensor:GOA_RUNOFF_DISCHARGE:q,58.069320239858385,-154.46915010358515,1982-11-08T00:00:00Z,3.478298333719841
urn:ioos:station:GOA_RUNOFF_DISCHARGE,urn:ioos:sensor:GOA_RUNOFF_DISCHARGE:q,58.069320239858385,-154.46915010358515,1982-11-09T00:00:00Z,2.6473632068206716
urn:ioos:station:GOA_RUNOFF_DISCHARGE,urn:ioos:sensor:GOA_RUNOFF_DISCHARGE:q,58.069320239858385,-154.46915010358515,1982-11-10T00:00:00Z,2.254790706697622
urn:ioos:station:GOA_RUNOFF_DISCHARGE,urn:ioos:sensor:GOA_RUNOFF_DISCHARGE:q,58.069320239858385,-154.46915010358515,1982-11-11T00:00:00Z,2.328206042466803
urn:ioos:station:GOA_RUNOFF_DISCHARGE,urn:ioos:sensor:GOA_RUNOFF_DISCHARGE:q,58.069320239858385,-154.46915010358515,1982-11-12T00:00:00Z,6.575103930309208
urn:ioos:station:GOA_RUNOFF_DISCHARGE,urn:ioos:sensor:GOA_RUNOFF_DISCHARGE:q,58.069320239858385,-154.46915010358515,1982-11-13T00:00:00Z,6.399598484834565
urn:ioos:station:GOA_RUNOFF_DISCHARGE,urn:ioos:sensor:GOA_RUNOFF_DISCHARGE:q,58.069320239858385,-154.46915010358515,1982-11-14T00:00:00Z,4.2567254876414
urn:ioos:station:GOA_RUNOFF_DISCHARGE,urn:ioos:sensor:GOA_RUNOFF_DISCHARGE:q,58.069320239858385,-154.46915010358515,1982-11-15T00:00:00Z,2.7681507783589137
urn:ioos:station:GOA_RUNOFF_DISCHARGE,urn:ioos:sensor:GOA_RUNOFF_DISCHARGE:q,58.069320239858385,-154.46915010358515,1982-11-16T00:00:00Z,1.7973704139676858
urn:ioos:station:GOA_RUNOFF_DISCHARGE,urn:ioos:sensor:GOA_RUNOFF_DISCHARGE:q,58.069320239858385,-154.46915010358515,1982-11-17T00:00:00Z,1.280136766652709
urn:ioos:station:GOA_RUNOFF_DISCHARGE,urn:ioos:sensor:GOA_RUNOFF_DISCHARGE:q,58.069320239858385,-154.46915010358515,1982-11-18T00:00:00Z,0.906870575941751
urn:ioos:station:GOA_RUNOFF_DISCHARGE,urn:ioos:sensor:GOA_RUNOFF_DISCHARGE:q,58.069320239858385,-154.46915010358515,1982-11-19T00:00:00Z,0.5849405107985691
urn:ioos:station:GOA_RUNOFF_DISCHARGE,urn:ioos:sensor:GOA_RUNOFF_DISCHARGE:q,58.069320239858385,-154.46915010358515,1982-11-20T00:00:00Z,0.37953506456871067
urn:ioos:station:GOA_RUNOFF_DISCHARGE,urn:ioos:sensor:GOA_RUNOFF_DISCHARGE:q,58.069320239858385,-154.46915010358515,1982-11-21T00:00:00Z,0.7616005038868773
urn:ioos:station:GOA_RUNOFF_DISCHARGE,urn:ioos:sensor:GOA_RUNOFF_DISCHARGE:q,58.069320239858385,-154.46915010358515,1982-11-22T00:00:00Z,5.053315454181752
urn:ioos:station:GOA_RUNOFF_DISCHARGE,urn:ioos:sensor:GOA_RUNOFF_DISCHARGE:q,58.069320239858385,-154.46915010358515,1982-11-23T00:00:00Z,10.170304682863696
urn:ioos:station:GOA_RUNOFF_DISCHARGE,urn:ioos:sensor:GOA_RUNOFF_DISCHARGE:q,58.069320239858385,-154.46915010358515,1982-11-24T00:00:00Z,7.841700547748882
urn:ioos:station:GOA_RUNOFF_DISCHARGE,urn:ioos:sensor:GOA_RUNOFF_DISCHARGE:q,58.069320239858385,-154.46915010358515,1982-11-25T00:00:00Z,8.159389531682457
urn:ioos:station:GOA_RUNOFF_DISCHARGE,urn:ioos:sensor:GOA_RUNOFF_DISCHARGE:q,58.069320239858385,-154.46915010358515,1982-11-26T00:00:00Z,6.98652228899569
urn:ioos:station:GOA_RUNOFF_DISCHARGE,urn:ioos:sensor:GOA_RUNOFF_DISCHARGE:q,58.069320239858385,-154.46915010358515,1982-11-27T00:00:00Z,6.357368037913779
urn:ioos:station:GOA_RUNOFF_DISCHARGE,urn:ioos:sensor:GOA_RUNOFF_DISCHARGE:q,58.069320239858385,-154.46915010358515,1982-11-28T00:00:00Z,4.8584347632251035
urn:ioos:station:GOA_RUNOFF_DISCHARGE,urn:ioos:sensor:GOA_RUNOFF_DISCHARGE:q,58.069320239858385,-154.46915010358515,1982-11-29T00:00:00Z,3.1807228953147493
urn:ioos:station:GOA_RUNOFF_DISCHARGE,urn:ioos:sensor:GOA_RUNOFF_DISCHARGE:q,58.069320239858385,-154.46915010358515,1982-11-30T00:00:00Z,2.0662891017982874
urn:ioos:station:GOA_RUNOFF_DISCHARGE,urn:ioos:sensor:GOA_RUNOFF_DISCHARGE:q,58.069320239858385,-154.46915010358515,1982-12-01T00:00:00Z,1.3415290729764922
urn:ioos:station:GOA_RUNOFF_DISCHARGE,urn:ioos:sensor:GOA_RUNOFF_DISCHARGE:q,58.069320239858385,-154.46915010358515,1982-12-02T00:00:00Z,0.8709375179419893
urn:ioos:station:GOA_RUNOFF_DISCHARGE,urn:ioos:sensor:GOA_RUNOFF_DISCHARGE:q,58.069320239858385,-154.46915010358515,1982-12-03T00:00:00Z,0.5654210784222413
urn:ioos:station:GOA_RUNOFF_DISCHARGE,urn:ioos:sensor:GOA_RUNOFF_DISCHARGE:q,58.069320239858385,-154.46915010358515,1982-12-04T00:00:00Z,0.3670767117352524
urn:ioos:station:GOA_RUNOFF_DISCHARGE,urn:ioos:sensor:GOA_RUNOFF_DISCHARGE:q,58.069320239858385,-154.46915010358515,1982-12-05T00:00:00Z,2.763180277226339
urn:ioos:station:GOA_RUNOFF_DISCHARGE,urn:ioos:sensor:GOA_RUNOFF_DISCHARGE:q,58.069320239858385,-154.46915010358515,1982-12-06T00:00:00Z,3.5273697646778372
urn:ioos:station:GOA_RUNOFF_DISCHARGE,urn:ioos:sensor:GOA_RUNOFF_DISCHARGE:q,58.069320239858385,-154.46915010358515,1982-12-07T00:00:00Z,6.339964048293574
urn:ioos:station:GOA_RUNOFF_DISCHARGE,urn:ioos:sensor:GOA_RUNOFF_DISCHARGE:q,58.069320239858385,-154.46915010358515,1982-12-08T00:00:00Z,5.485167832187384
urn:ioos:station:GOA_RUNOFF_DISCHARGE,urn:ioos:sensor:GOA_RUNOFF_DISCHARGE:q,58.069320239858385,-154.46915010358515,1982-12-09T00:00:00Z,3.72148505476663
urn:ioos:station:GOA_RUNOFF_DISCHARGE,urn:ioos:sensor:GOA_RUNOFF_DISCHARGE:q,58.069320239858385,-154.46915010358515,1982-12-10T00:00:00Z,3.6950283383470293
urn:ioos:station:GOA_RUNOFF_DISCHARGE,urn:ioos:sensor:GOA_RUNOFF_DISCHARGE:q,58.069320239858385,-154.46915010358515,1982-12-11T00:00:00Z,5.383435558570021
urn:ioos:station:GOA_RUNOFF_DISCHARGE,urn:ioos:sensor:GOA_RUNOFF_DISCHARGE:q,58.069320239858385,-154.46915010358515,1982-12-12T00:00:00Z,5.4228422577720625
urn:ioos:station:GOA_RUNOFF_DISCHARGE,urn:ioos:sensor:GOA_RUNOFF_DISCHARGE:q,58.069320239858385,-154.46915010358515,1982-12-13T00:00:00Z,5.12648293583697
urn:ioos:station:GOA_RUNOFF_DISCHARGE,urn:ioos:sensor:GOA_RUNOFF_DISCHARGE:q,58.069320239858385,-154.46915010358515,1982-12-14T00:00:00Z,3.834785958620457
urn:ioos:station:GOA_RUNOFF_DISCHARGE,urn:ioos:sensor:GOA_RUNOFF_DISCHARGE:q,58.069320239858385,-154.46915010358515,1982-12-15T00:00:00Z,3.9215712083460548
urn:ioos:station:GOA_RUNOFF_DISCHARGE,urn:ioos:sensor:GOA_RUNOFF_DISCHARGE:q,58.069320239858385,-154.46915010358515,1982-12-16T00:00:00Z,3.5626079365682806
urn:ioos:station:GOA_RUNOFF_DISCHARGE,urn:ioos:sensor:GOA_RUNOFF_DISCHARGE:q,58.069320239858385,-154.46915010358515,1982-12-17T00:00:00Z,3.378206317582786
urn:ioos:station:GOA_RUNOFF_DISCHARGE,urn:ioos:sensor:GOA_RUNOFF_DISCHARGE:q,58.069320239858385,-154.46915010358515,1982-12-18T00:00:00Z,2.4148642077581712
urn:ioos:station:GOA_RUNOFF_DISCHARGE,urn:ioos:sensor:GOA_RUNOFF_DISCHARGE:q,58.069320239858385,-154.46915010358515,1982-12-19T00:00:00Z,1.5745699569091707
urn:ioos:station:GOA_RUNOFF_DISCHARGE,urn:ioos:sensor:GOA_RUNOFF_DISCHARGE:q,58.069320239858385,-154.46915010358515,1982-12-20T00:00:00Z,1.9842013716307028
urn:ioos:station:GOA_RUNOFF_DISCHARGE,urn:ioos:sensor:GOA_RUNOFF_DISCHARGE:q,58.069320239858385,-154.46915010358515,1982-12-21T00:00:00Z,5.486296594553523
urn:ioos:station:GOA_RUNOFF_DISCHARGE,urn:ioos:sensor:GOA_RUNOFF_DISCHARGE:q,58.069320239858385,-154.46915010358515,1982-12-22T00:00:00Z,4.06111333762231
urn:ioos:station:GOA_RUNOFF_DISCHARGE,urn:ioos:sensor:GOA_RUNOFF_DISCHARGE:q,58.069320239858385,-154.46915010358515,1982-12-23T00:00:00Z,2.6534501039251652
urn:ioos:station:GOA_RUNOFF_DISCHARGE,urn:ioos:sensor:GOA_RUNOFF_DISCHARGE:q,58.069320239858385,-154.46915010358515,1982-12-24T00:00:00Z,1.7235955318643952
urn:ioos:station:GOA_RUNOFF_DISCHARGE,urn:ioos:sensor:GOA_RUNOFF_DISCHARGE:q,58.069320239858385,-154.46915010358515,1982-12-25T00:00:00Z,1.1190277774122195
urn:ioos:station:GOA_RUNOFF_DISCHARGE,urn:ioos:sensor:GOA_RUNOFF_DISCHARGE:q,58.069320239858385,-154.46915010358515,1982-12-26T00:00:00Z,7.786064403262871
urn:ioos:station:GOA_RUNOFF_DISCHARGE,urn:ioos:sensor:GOA_RUNOFF_DISCHARGE:q,58.069320239858385,-154.46915010358515,1982-12-27T00:00:00Z,10.140826356417813
urn:ioos:station:GOA_RUNOFF_DISCHARGE,urn:ioos:sensor:GOA_RUNOFF_DISCHARGE:q,58.069320239858385,-154.46915010358515,1982-12-28T00:00:00Z,11.14189386205994
urn:ioos:station:GOA_RUNOFF_DISCHARGE,urn:ioos:sensor:GOA_RUNOFF_DISCHARGE:q,58.069320239858385,-154.46915010358515,1982-12-29T00:00:00Z,10.706594680558636
urn:ioos:station:GOA_RUNOFF_DISCHARGE,urn:ioos:sensor:GOA_RUNOFF_DISCHARGE:q,58.069320239858385,-154.46915010358515,1982-12-30T00:00:00Z,7.087985133087895
urn:ioos:station:GOA_RUNOFF_DISCHARGE,urn:ioos:sensor:GOA_RUNOFF_DISCHARGE:q,58.069320239858385,-154.46915010358515,1982-12-31T00:00:00Z,4.706551235630949
urn:ioos:station:GOA_RUNOFF_DISCHARGE,urn:ioos:sensor:GOA_RUNOFF_DISCHARGE:q,58.069320239858385,-154.46915010358515,1983-01-01T00:00:00Z,4.104171280496828
urn:ioos:station:GOA_RUNOFF_DISCHARGE,urn:ioos:sensor:GOA_RUNOFF_DISCHARGE:q,58.069320239858385,-154.46915010358515,1983-01-02T00:00:00Z,3.997220388518156
urn:ioos:station:GOA_RUNOFF_DISCHARGE,urn:ioos:sensor:GOA_RUNOFF_DISCHARGE:q,58.069320239858385,-154.46915010358515,1983-01-03T00:00:00Z,2.7812665234468708
urn:ioos:station:GOA_RUNOFF_DISCHARGE,urn:ioos:sensor:GOA_RUNOFF_DISCHARGE:q,58.069320239858385,-154.46915010358515,1983-01-04T00:00:00Z,1.8117212197891304
urn:ioos:station:GOA_RUNOFF_DISCHARGE,urn:ioos:sensor:GOA_RUNOFF_DISCHARGE:q,58.069320239858385,-154.46915010358515,1983-01-05T00:00:00Z,1.1765286162779125
urn:ioos:station:GOA_RUNOFF_DISCHARGE,urn:ioos:sensor:GOA_RUNOFF_DISCHARGE:q,58.069320239858385,-154.46915010358515,1983-01-06T00:00:00Z,0.7638325722650954
urn:ioos:station:GOA_RUNOFF_DISCHARGE,urn:ioos:sensor:GOA_RUNOFF_DISCHARGE:q,58.069320239858385,-154.46915010358515,1983-01-07T00:00:00Z,0.4958883299876406
urn:ioos:station:GOA_RUNOFF_DISCHARGE,urn:ioos:sensor:GOA_RUNOFF_DISCHARGE:q,58.069320239858385,-154.46915010358515,1983-01-08T00:00:00Z,0.32193542610663417
urn:ioos:station:GOA_RUNOFF_DISCHARGE,urn:ioos:sensor:GOA_RUNOFF_DISCHARGE:q,58.069320239858385,-154.46915010358515,1983-01-09T00:00:00Z,0.20900350782931434
urn:ioos:station:GOA_RUNOFF_DISCHARGE,urn:ioos:sensor:GOA_RUNOFF_DISCHARGE:q,58.069320239858385,-154.46915010358515,1983-01-10T00:00:00Z,0.13568702921287276
urn:ioos:station:GOA_RUNOFF_DISCHARGE,urn:ioos:sensor:GOA_RUNOFF_DISCHARGE:q,58.069320239858385,-154.46915010358515,1983-01-11T00:00:00Z,0.08808929586301793
urn:ioos:station:GOA_RUNOFF_DISCHARGE,urn:ioos:sensor:GOA_RUNOFF_DISCHARGE:q,58.069320239858385,-154.46915010358515,1983-01-12T00:00:00Z,0.057188398297868405
urn:ioos:station:GOA_RUNOFF_DISCHARGE,urn:ioos:sensor:GOA_RUNOFF_DISCHARGE:q,58.069320239858385,-154.46915010358515,1983-01-13T00:00:00Z,0.037127245498094014
urn:ioos:station:GOA_RUNOFF_DISCHARGE,urn:ioos:sensor:GOA_RUNOFF_DISCHARGE:q,58.069320239858385,-154.46915010358515,1983-01-14T00:00:00Z,0.02410335624327596
urn:ioos:station:GOA_RUNOFF_DISCHARGE,urn:ioos:sensor:GOA_RUNOFF_DISCHARGE:q,58.069320239858385,-154.46915010358515,1983-01-15T00:00:00Z,0.01564812403195528
urn:ioos:station:GOA_RUNOFF_DISCHARGE,urn:ioos:sensor:GOA_RUNOFF_DISCHARGE:q,58.069320239858385,-154.46915010358515,1983-01-16T00:00:00Z,0.01015890857369342
urn:ioos:station:GOA_RUNOFF_DISCHARGE,urn:ioos:sensor:GOA_RUNOFF_DISCHARGE:q,58.069320239858385,-154.46915010358515,1983-01-17T00:00:00Z,0.0065952589945262674
urn:ioos:station:GOA_RUNOFF_DISCHARGE,urn:ioos:sensor:GOA_RUNOFF_DISCHARGE:q,58.069320239858385,-154.46915010358515,1983-01-18T00:00:00Z,0.004281703663496611
urn:ioos:station:GOA_RUNOFF_DISCHARGE,urn:ioos:sensor:GOA_RUNOFF_DISCHARGE:q,58.069320239858385,-154.46915010358515,1983-01-19T00:00:00Z,0.0027797222453014997
urn:ioos:station:GOA_RUNOFF_DISCHARGE,urn:ioos:sensor:GOA_RUNOFF_DISCHARGE:q,58.069320239858385,-154.46915010358515,1983-01-20T00:00:00Z,0.0018046219886045148
urn:ioos:station:GOA_RUNOFF_DISCHARGE,urn:ioos:sensor:GOA_RUNOFF_DISCHARGE:q,58.069320239858385,-154.46915010358515,1983-01-21T00:00:00Z,0.0011715774859425354
urn:ioos:station:GOA_RUNOFF_DISCHARGE,urn:ioos:sensor:GOA_RUNOFF_DISCHARGE:q,58.069320239858385,-154.46915010358515,1983-01-22T00:00:00Z,7.605991517650543E-4
urn:ioos:station:GOA_RUNOFF_DISCHARGE,urn:ioos:sensor:GOA_RUNOFF_DISCHARGE:q,58.069320239858385,-154.46915010358515,1983-01-23T00:00:00Z,4.937880875054326E-4
urn:ioos:station:GOA_RUNOFF_DISCHARGE,urn:ioos:sensor:GOA_RUNOFF_DISCHARGE:q,58.069320239858385,-154.46915010358515,1983-01-24T00:00:00Z,3.2057184845371567E-4
urn:ioos:station:GOA_RUNOFF_DISCHARGE,urn:ioos:sensor:GOA_RUNOFF_DISCHARGE:q,58.069320239858385,-154.46915010358515,1983-01-25T00:00:00Z,2.08118227092712E-4
urn:ioos:station:GOA_RUNOFF_DISCHARGE,urn:ioos:sensor:GOA_RUNOFF_DISCHARGE:q,58.069320239858385,-154.46915010358515,1983-01-26T00:00:00Z,1.3511230934086757E-4
urn:ioos:station:GOA_RUNOFF_DISCHARGE,urn:ioos:sensor:GOA_RUNOFF_DISCHARGE:q,58.069320239858385,-154.46915010358515,1983-01-27T00:00:00Z,8.771617573594962E-5
urn:ioos:station:GOA_RUNOFF_DISCHARGE,urn:ioos:sensor:GOA_RUNOFF_DISCHARGE:q,58.069320239858385,-154.46915010358515,1983-01-28T00:00:00Z,5.6946160746398214E-5
urn:ioos:station:GOA_RUNOFF_DISCHARGE,urn:ioos:sensor:GOA_RUNOFF_DISCHARGE:q,58.069320239858385,-154.46915010358515,1983-01-29T00:00:00Z,3.6969981973109276E-5
urn:ioos:station:GOA_RUNOFF_DISCHARGE,urn:ioos:sensor:GOA_RUNOFF_DISCHARGE:q,58.069320239858385,-154.46915010358515,1983-01-30T00:00:00Z,2.4001259441744787E-5
urn:ioos:station:GOA_RUNOFF_DISCHARGE,urn:ioos:sensor:GOA_RUNOFF_DISCHARGE:q,58.069320239858385,-154.46915010358515,1983-01-31T00:00:00Z,2.809537416210186
urn:ioos:station:GOA_RUNOFF_DISCHARGE,urn:ioos:sensor:GOA_RUNOFF_DISCHARGE:q,58.069320239858385,-154.46915010358515,1983-02-01T00:00:00Z,4.62856559629537
urn:ioos:station:GOA_RUNOFF_DISCHARGE,urn:ioos:sensor:GOA_RUNOFF_DISCHARGE:q,58.069320239858385,-154.46915010358515,1983-02-02T00:00:00Z,5.9707019381625495
urn:ioos:station:GOA_RUNOFF_DISCHARGE,urn:ioos:sensor:GOA_RUNOFF_DISCHARGE:q,58.069320239858385,-154.46915010358515,1983-02-03T00:00:00Z,5.57725116093503
urn:ioos:station:GOA_RUNOFF_DISCHARGE,urn:ioos:sensor:GOA_RUNOFF_DISCHARGE:q,58.069320239858385,-154.46915010358515,1983-02-04T00:00:00Z,5.042533010880025
urn:ioos:station:GOA_RUNOFF_DISCHARGE,urn:ioos:sensor:GOA_RUNOFF_DISCHARGE:q,58.069320239858385,-154.46915010358515,1983-02-05T00:00:00Z,3.31382002828364
urn:ioos:station:GOA_RUNOFF_DISCHARGE,urn:ioos:sensor:GOA_RUNOFF_DISCHARGE:q,58.069320239858385,-154.46915010358515,1983-02-06T00:00:00Z,2.1536174204105314
urn:ioos:station:GOA_RUNOFF_DISCHARGE,urn:ioos:sensor:GOA_RUNOFF_DISCHARGE:q,58.069320239858385,-154.46915010358515,1983-02-07T00:00:00Z,1.3982751671225413
urn:ioos:station:GOA_RUNOFF_DISCHARGE,urn:ioos:sensor:GOA_RUNOFF_DISCHARGE:q,58.069320239858385,-154.46915010358515,1983-02-08T00:00:00Z,0.9077804925973928
urn:ioos:station:GOA_RUNOFF_DISCHARGE,urn:ioos:sensor:GOA_RUNOFF_DISCHARGE:q,58.069320239858385,-154.46915010358515,1983-02-09T00:00:00Z,0.5893399871001149
urn:ioos:station:GOA_RUNOFF_DISCHARGE,urn:ioos:sensor:GOA_RUNOFF_DISCHARGE:q,58.069320239858385,-154.46915010358515,1983-02-10T00:00:00Z,0.38260508771279433
urn:ioos:station:GOA_RUNOFF_DISCHARGE,urn:ioos:sensor:GOA_RUNOFF_DISCHARGE:q,58.069320239858385,-154.46915010358515,1983-02-11T00:00:00Z,0.2483908187616921
urn:ioos:station:GOA_RUNOFF_DISCHARGE,urn:ioos:sensor:GOA_RUNOFF_DISCHARGE:q,58.069320239858385,-154.46915010358515,1983-02-12T00:00:00Z,0.1612576490859134
urn:ioos:station:GOA_RUNOFF_DISCHARGE,urn:ioos:sensor:GOA_RUNOFF_DISCHARGE:q,58.069320239858385,-154.46915010358515,1983-02-13T00:00:00Z,0.10468997142138288
urn:ioos:station:GOA_RUNOFF_DISCHARGE,urn:ioos:sensor:GOA_RUNOFF_DISCHARGE:q,58.069320239858385,-154.46915010358515,1983-02-14T00:00:00Z,0.06796571908390399
urn:ioos:station:GOA_RUNOFF_DISCHARGE,urn:ioos:sensor:GOA_RUNOFF_DISCHARGE:q,58.069320239858385,-154.46915010358515,1983-02-15T00:00:00Z,0.04412398114603183
urn:ioos:station:GOA_RUNOFF_DISCHARGE,urn:ioos:sensor:GOA_RUNOFF_DISCHARGE:q,58.069320239858385,-154.46915010358515,1983-02-16T00:00:00Z,0.02864569975412299
urn:ioos:station:GOA_RUNOFF_DISCHARGE,urn:ioos:sensor:GOA_RUNOFF_DISCHARGE:q,58.069320239858385,-154.46915010358515,1983-02-17T00:00:00Z,0.01868026276023194
urn:ioos:station:GOA_RUNOFF_DISCHARGE,urn:ioos:sensor:GOA_RUNOFF_DISCHARGE:q,58.069320239858385,-154.46915010358515,1983-02-18T00:00:00Z,3.7425342364195866
urn:ioos:station:GOA_RUNOFF_DISCHARGE,urn:ioos:sensor:GOA_RUNOFF_DISCHARGE:q,58.069320239858385,-154.46915010358515,1983-02-19T00:00:00Z,6.269701353706464
urn:ioos:station:GOA_RUNOFF_DISCHARGE,urn:ioos:sensor:GOA_RUNOFF_DISCHARGE:q,58.069320239858385,-154.46915010358515,1983-02-20T00:00:00Z,9.577136638965221
urn:ioos:station:GOA_RUNOFF_DISCHARGE,urn:ioos:sensor:GOA_RUNOFF_DISCHARGE:q,58.069320239858385,-154.46915010358515,1983-02-21T00:00:00Z,10.173735699473129
urn:ioos:station:GOA_RUNOFF_DISCHARGE,urn:ioos:sensor:GOA_RUNOFF_DISCHARGE:q,58.069320239858385,-154.46915010358515,1983-02-22T00:00:00Z,16.401767566949857
urn:ioos:station:GOA_RUNOFF_DISCHARGE,urn:ioos:sensor:GOA_RUNOFF_DISCHARGE:q,58.069320239858385,-154.46915010358515,1983-02-23T00:00:00Z,15.976290986066909
urn:ioos:station:GOA_RUNOFF_DISCHARGE,urn:ioos:sensor:GOA_RUNOFF_DISCHARGE:q,58.069320239858385,-154.46915010358515,1983-02-24T00:00:00Z,10.521492386938869
urn:ioos:station:GOA_RUNOFF_DISCHARGE,urn:ioos:sensor:GOA_RUNOFF_DISCHARGE:q,58.069320239858385,-154.46915010358515,1983-02-25T00:00:00Z,6.839045933810124
urn:ioos:station:GOA_RUNOFF_DISCHARGE,urn:ioos:sensor:GOA_RUNOFF_DISCHARGE:q,58.069320239858385,-154.46915010358515,1983-02-26T00:00:00Z,4.999108549129976
urn:ioos:station:GOA_RUNOFF_DISCHARGE,urn:ioos:sensor:GOA_RUNOFF_DISCHARGE:q,58.069320239858385,-154.46915010358515,1983-02-27T00:00:00Z,6.271268991510068
urn:ioos:station:GOA_RUNOFF_DISCHARGE,urn:ioos:sensor:GOA_RUNOFF_DISCHARGE:q,58.069320239858385,-154.46915010358515,1983-02-28T00:00:00Z,5.460874445412165
urn:ioos:station:GOA_RUNOFF_DISCHARGE,urn:ioos:sensor:GOA_RUNOFF_DISCHARGE:q,58.069320239858385,-154.46915010358515,1983-03-01T00:00:00Z,3.9194902336248894
urn:ioos:station:GOA_RUNOFF_DISCHARGE,urn:ioos:sensor:GOA_RUNOFF_DISCHARGE:q,58.069320239858385,-154.46915010358515,1983-03-02T00:00:00Z,2.5330298406067673
urn:ioos:station:GOA_RUNOFF_DISCHARGE,urn:ioos:sensor:GOA_RUNOFF_DISCHARGE:q,58.069320239858385,-154.46915010358515,1983-03-03T00:00:00Z,1.6527096499429725
urn:ioos:station:GOA_RUNOFF_DISCHARGE,urn:ioos:sensor:GOA_RUNOFF_DISCHARGE:q,58.069320239858385,-154.46915010358515,1983-03-04T00:00:00Z,1.4802005554766273
urn:ioos:station:GOA_RUNOFF_DISCHARGE,urn:ioos:sensor:GOA_RUNOFF_DISCHARGE:q,58.069320239858385,-154.46915010358515,1983-03-05T00:00:00Z,1.0627593681323073
urn:ioos:station:GOA_RUNOFF_DISCHARGE,urn:ioos:sensor:GOA_RUNOFF_DISCHARGE:q,58.069320239858385,-154.46915010358515,1983-03-06T00:00:00Z,0.7537221898663318
urn:ioos:station:GOA_RUNOFF_DISCHARGE,urn:ioos:sensor:GOA_RUNOFF_DISCHARGE:q,58.069320239858385,-154.46915010358515,1983-03-07T00:00:00Z,0.5336316176095567
urn:ioos:station:GOA_RUNOFF_DISCHARGE,urn:ioos:sensor:GOA_RUNOFF_DISCHARGE:q,58.069320239858385,-154.46915010358515,1983-03-08T00:00:00Z,0.3777171059501682
urn:ioos:station:GOA_RUNOFF_DISCHARGE,urn:ioos:sensor:GOA_RUNOFF_DISCHARGE:q,58.069320239858385,-154.46915010358515,1983-03-09T00:00:00Z,0.2673479748731153
urn:ioos:station:GOA_RUNOFF_DISCHARGE,urn:ioos:sensor:GOA_RUNOFF_DISCHARGE:q,58.069320239858385,-154.46915010358515,1983-03-10T00:00:00Z,0.1724513572188581
urn:ioos:station:GOA_RUNOFF_DISCHARGE,urn:ioos:sensor:GOA_RUNOFF_DISCHARGE:q,58.069320239858385,-154.46915010358515,1983-03-11T00:00:00Z,0.12275767627291989
urn:ioos:station:GOA_RUNOFF_DISCHARGE,urn:ioos:sensor:GOA_RUNOFF_DISCHARGE:q,58.069320239858385,-154.46915010358515,1983-03-12T00:00:00Z,0.39230889201219254
urn:ioos:station:GOA_RUNOFF_DISCHARGE,urn:ioos:sensor:GOA_RUNOFF_DISCHARGE:q,58.069320239858385,-154.46915010358515,1983-03-13T00:00:00Z,1.5616977245414612
urn:ioos:station:GOA_RUNOFF_DISCHARGE,urn:ioos:sensor:GOA_RUNOFF_DISCHARGE:q,58.069320239858385,-154.46915010358515,1983-03-14T00:00:00Z,1.3319486695045344
urn:ioos:station:GOA_RUNOFF_DISCHARGE,urn:ioos:sensor:GOA_RUNOFF_DISCHARGE:q,58.069320239858385,-154.46915010358515,1983-03-15T00:00:00Z,0.9729940147354995
urn:ioos:station:GOA_RUNOFF_DISCHARGE,urn:ioos:sensor:GOA_RUNOFF_DISCHARGE:q,58.069320239858385,-154.46915010358515,1983-03-16T00:00:00Z,0.6908447322195471
urn:ioos:station:GOA_RUNOFF_DISCHARGE,urn:ioos:sensor:GOA_RUNOFF_DISCHARGE:q,58.069320239858385,-154.46915010358515,1983-03-17T00:00:00Z,0.4891929470866448
urn:ioos:station:GOA_RUNOFF_DISCHARGE,urn:ioos:sensor:GOA_RUNOFF_DISCHARGE:q,58.069320239858385,-154.46915010358515,1983-03-18T00:00:00Z,0.679121193161855
urn:ioos:station:GOA_RUNOFF_DISCHARGE,urn:ioos:sensor:GOA_RUNOFF_DISCHARGE:q,58.069320239858385,-154.46915010358515,1983-03-19T00:00:00Z,0.49642669569776127
urn:ioos:station:GOA_RUNOFF_DISCHARGE,urn:ioos:sensor:GOA_RUNOFF_DISCHARGE:q,58.069320239858385,-154.46915010358515,1983-03-20T00:00:00Z,0.3529411666855559
urn:ioos:station:GOA_RUNOFF_DISCHARGE,urn:ioos:sensor:GOA_RUNOFF_DISCHARGE:q,58.069320239858385,-154.46915010358515,1983-03-21T00:00:00Z,0.43107789967818794
urn:ioos:station:GOA_RUNOFF_DISCHARGE,urn:ioos:sensor:GOA_RUNOFF_DISCHARGE:q,58.069320239858385,-154.46915010358515,1983-03-22T00:00:00Z,0.6583088148024945
urn:ioos:station:GOA_RUNOFF_DISCHARGE,urn:ioos:sensor:GOA_RUNOFF_DISCHARGE:q,58.069320239858385,-154.46915010358515,1983-03-23T00:00:00Z,1.3053006686466624
urn:ioos:station:GOA_RUNOFF_DISCHARGE,urn:ioos:sensor:GOA_RUNOFF_DISCHARGE:q,58.069320239858385,-154.46915010358515,1983-03-24T00:00:00Z,0.9644936316184164
urn:ioos:station:GOA_RUNOFF_DISCHARGE,urn:ioos:sensor:GOA_RUNOFF_DISCHARGE:q,58.069320239858385,-154.46915010358515,1983-03-25T00:00:00Z,2.014109232939691
urn:ioos:station:GOA_RUNOFF_DISCHARGE,urn:ioos:sensor:GOA_RUNOFF_DISCHARGE:q,58.069320239858385,-154.46915010358515,1983-03-26T00:00:00Z,2.457159380912539
urn:ioos:station:GOA_RUNOFF_DISCHARGE,urn:ioos:sensor:GOA_RUNOFF_DISCHARGE:q,58.069320239858385,-154.46915010358515,1983-03-27T00:00:00Z,2.210488494072645
urn:ioos:station:GOA_RUNOFF_DISCHARGE,urn:ioos:sensor:GOA_RUNOFF_DISCHARGE:q,58.069320239858385,-154.46915010358515,1983-03-28T00:00:00Z,2.1135309641984854
urn:ioos:station:GOA_RUNOFF_DISCHARGE,urn:ioos:sensor:GOA_RUNOFF_DISCHARGE:q,58.069320239858385,-154.46915010358515,1983-03-29T00:00:00Z,3.034681041858831
urn:ioos:station:GOA_RUNOFF_DISCHARGE,urn:ioos:sensor:GOA_RUNOFF_DISCHARGE:q,58.069320239858385,-154.46915010358515,1983-03-30T00:00:00Z,2.2221576341515026
urn:ioos:station:GOA_RUNOFF_DISCHARGE,urn:ioos:sensor:GOA_RUNOFF_DISCHARGE:q,58.069320239858385,-154.46915010358515,1983-03-31T00:00:00Z,1.580245342512349
urn:ioos:station:GOA_RUNOFF_DISCHARGE,urn:ioos:sensor:GOA_RUNOFF_DISCHARGE:q,58.069320239858385,-154.46915010358515,1983-04-01T00:00:00Z,1.1192307704577853
urn:ioos:station:GOA_RUNOFF_DISCHARGE,urn:ioos:sensor:GOA_RUNOFF_DISCHARGE:q,58.069320239858385,-154.46915010358515,1983-04-02T00:00:00Z,0.7922605445464955
urn:ioos:station:GOA_RUNOFF_DISCHARGE,urn:ioos:sensor:GOA_RUNOFF_DISCHARGE:q,58.069320239858385,-154.46915010358515,1983-04-03T00:00:00Z,1.5296024585865746
urn:ioos:station:GOA_RUNOFF_DISCHARGE,urn:ioos:sensor:GOA_RUNOFF_DISCHARGE:q,58.069320239858385,-154.46915010358515,1983-04-04T00:00:00Z,2.667194430200234
urn:ioos:station:GOA_RUNOFF_DISCHARGE,urn:ioos:sensor:GOA_RUNOFF_DISCHARGE:q,58.069320239858385,-154.46915010358515,1983-04-05T00:00:00Z,2.5794898574659433
urn:ioos:station:GOA_RUNOFF_DISCHARGE,urn:ioos:sensor:GOA_RUNOFF_DISCHARGE:q,58.069320239858385,-154.46915010358515,1983-04-06T00:00:00Z,2.1199062350916242
urn:ioos:station:GOA_RUNOFF_DISCHARGE,urn:ioos:sensor:GOA_RUNOFF_DISCHARGE:q,58.069320239858385,-154.46915010358515,1983-04-07T00:00:00Z,1.682109568187198
urn:ioos:station:GOA_RUNOFF_DISCHARGE,urn:ioos:sensor:GOA_RUNOFF_DISCHARGE:q,58.069320239858385,-154.46915010358515,1983-04-08T00:00:00Z,1.2068237825293153
urn:ioos:station:GOA_RUNOFF_DISCHARGE,urn:ioos:sensor:GOA_RUNOFF_DISCHARGE:q,58.069320239858385,-154.46915010358515,1983-04-09T00:00:00Z,0.8558055901451422
urn:ioos:station:GOA_RUNOFF_DISCHARGE,urn:ioos:sensor:GOA_RUNOFF_DISCHARGE:q,58.069320239858385,-154.46915010358515,1983-04-10T00:00:00Z,0.6058973391670232
urn:ioos:station:GOA_RUNOFF_DISCHARGE,urn:ioos:sensor:GOA_RUNOFF_DISCHARGE:q,58.069320239858385,-154.46915010358515,1983-04-11T00:00:00Z,2.028798535913592
urn:ioos:station:GOA_RUNOFF_DISCHARGE,urn:ioos:sensor:GOA_RUNOFF_DISCHARGE:q,58.069320239858385,-154.46915010358515,1983-04-12T00:00:00Z,1.511661451719448
urn:ioos:station:GOA_RUNOFF_DISCHARGE,urn:ioos:sensor:GOA_RUNOFF_DISCHARGE:q,58.069320239858385,-154.46915010358515,1983-04-13T00:00:00Z,1.0775053723392858
urn:ioos:station:GOA_RUNOFF_DISCHARGE,urn:ioos:sensor:GOA_RUNOFF_DISCHARGE:q,58.069320239858385,-154.46915010358515,1983-04-14T00:00:00Z,1.1336582742348775
urn:ioos:station:GOA_RUNOFF_DISCHARGE,urn:ioos:sensor:GOA_RUNOFF_DISCHARGE:q,58.069320239858385,-154.46915010358515,1983-04-15T00:00:00Z,3.178215674665111
urn:ioos:station:GOA_RUNOFF_DISCHARGE,urn:ioos:sensor:GOA_RUNOFF_DISCHARGE:q,58.069320239858385,-154.46915010358515,1983-04-16T00:00:00Z,2.3628403659585775
urn:ioos:station:GOA_RUNOFF_DISCHARGE,urn:ioos:sensor:GOA_RUNOFF_DISCHARGE:q,58.069320239858385,-154.46915010358515,1983-04-17T00:00:00Z,1.6837231195182825
urn:ioos:station:GOA_RUNOFF_DISCHARGE,urn:ioos:sensor:GOA_RUNOFF_DISCHARGE:q,58.069320239858385,-154.46915010358515,1983-04-18T00:00:00Z,1.192861728781524
urn:ioos:station:GOA_RUNOFF_DISCHARGE,urn:ioos:sensor:GOA_RUNOFF_DISCHARGE:q,58.069320239858385,-154.46915010358515,1983-04-19T00:00:00Z,0.8444150886084155
urn:ioos:station:GOA_RUNOFF_DISCHARGE,urn:ioos:sensor:GOA_RUNOFF_DISCHARGE:q,58.069320239858385,-154.46915010358515,1983-04-20T00:00:00Z,0.5976844747155808
urn:ioos:station:GOA_RUNOFF_DISCHARGE,urn:ioos:sensor:GOA_RUNOFF_DISCHARGE:q,58.069320239858385,-154.46915010358515,1983-04-21T00:00:00Z,0.42303957898773353
urn:ioos:station:GOA_RUNOFF_DISCHARGE,urn:ioos:sensor:GOA_RUNOFF_DISCHARGE:q,58.069320239858385,-154.46915010358515,1983-04-22T00:00:00Z,0.29942562858304067
urn:ioos:station:GOA_RUNOFF_DISCHARGE,urn:ioos:sensor:GOA_RUNOFF_DISCHARGE:q,58.069320239858385,-154.46915010358515,1983-04-23T00:00:00Z,2.7779931125850656
urn:ioos:station:GOA_RUNOFF_DISCHARGE,urn:ioos:sensor:GOA_RUNOFF_DISCHARGE:q,58.069320239858385,-154.46915010358515,1983-04-24T00:00:00Z,3.2697998746928123
urn:ioos:station:GOA_RUNOFF_DISCHARGE,urn:ioos:sensor:GOA_RUNOFF_DISCHARGE:q,58.069320239858385,-154.46915010358515,1983-04-25T00:00:00Z,2.3823940032550914
urn:ioos:station:GOA_RUNOFF_DISCHARGE,urn:ioos:sensor:GOA_RUNOFF_DISCHARGE:q,58.069320239858385,-154.46915010358515,1983-04-26T00:00:00Z,1.6930429078098996
urn:ioos:station:GOA_RUNOFF_DISCHARGE,urn:ioos:sensor:GOA_RUNOFF_DISCHARGE:q,58.069320239858385,-154.46915010358515,1983-04-27T00:00:00Z,1.1990066426929487
urn:ioos:station:GOA_RUNOFF_DISCHARGE,urn:ioos:sensor:GOA_RUNOFF_DISCHARGE:q,58.069320239858385,-154.46915010358515,1983-04-28T00:00:00Z,1.4119641077383853
urn:ioos:station:GOA_RUNOFF_DISCHARGE,urn:ioos:sensor:GOA_RUNOFF_DISCHARGE:q,58.069320239858385,-154.46915010358515,1983-04-29T00:00:00Z,1.80563169153693
urn:ioos:station:GOA_RUNOFF_DISCHARGE,urn:ioos:sensor:GOA_RUNOFF_DISCHARGE:q,58.069320239858385,-154.46915010358515,1983-04-30T00:00:00Z,1.317558528024876
urn:ioos:station:GOA_RUNOFF_DISCHARGE,urn:ioos:sensor:GOA_RUNOFF_DISCHARGE:q,58.069320239858385,-154.46915010358515,1983-05-01T00:00:00Z,0.9365104548568203
urn:ioos:station:GOA_RUNOFF_DISCHARGE,urn:ioos:sensor:GOA_RUNOFF_DISCHARGE:q,58.069320239858385,-154.46915010358515,1983-05-02T00:00:00Z,1.628833036964483
urn:ioos:station:GOA_RUNOFF_DISCHARGE,urn:ioos:sensor:GOA_RUNOFF_DISCHARGE:q,58.069320239858385,-154.46915010358515,1983-05-03T00:00:00Z,1.198597367667184
urn:ioos:station:GOA_RUNOFF_DISCHARGE,urn:ioos:sensor:GOA_RUNOFF_DISCHARGE:q,58.069320239858385,-154.46915010358515,1983-05-04T00:00:00Z,0.8529270487754078
urn:ioos:station:GOA_RUNOFF_DISCHARGE,urn:ioos:sensor:GOA_RUNOFF_DISCHARGE:q,58.069320239858385,-154.46915010358515,1983-05-05T00:00:00Z,0.6041538749179244
urn:ioos:station:GOA_RUNOFF_DISCHARGE,urn:ioos:sensor:GOA_RUNOFF_DISCHARGE:q,58.069320239858385,-154.46915010358515,1983-05-06T00:00:00Z,0.4276629330697664
urn:ioos:station:GOA_RUNOFF_DISCHARGE,urn:ioos:sensor:GOA_RUNOFF_DISCHARGE:q,58.069320239858385,-154.46915010358515,1983-05-07T00:00:00Z,0.3027024599368646
urn:ioos:station:GOA_RUNOFF_DISCHARGE,urn:ioos:sensor:GOA_RUNOFF_DISCHARGE:q,58.069320239858385,-154.46915010358515,1983-05-08T00:00:00Z,0.214251923938401
urn:ioos:station:GOA_RUNOFF_DISCHARGE,urn:ioos:sensor:GOA_RUNOFF_DISCHARGE:q,58.069320239858385,-154.46915010358515,1983-05-09T00:00:00Z,0.1516466091878467
urn:ioos:station:GOA_RUNOFF_DISCHARGE,urn:ioos:sensor:GOA_RUNOFF_DISCHARGE:q,58.069320239858385,-154.46915010358515,1983-05-10T00:00:00Z,1.3017052053055667
urn:ioos:station:GOA_RUNOFF_DISCHARGE,urn:ioos:sensor:GOA_RUNOFF_DISCHARGE:q,58.069320239858385,-154.46915010358515,1983-05-11T00:00:00Z,2.438662149420233
urn:ioos:station:GOA_RUNOFF_DISCHARGE,urn:ioos:sensor:GOA_RUNOFF_DISCHARGE:q,58.069320239858385,-154.46915010358515,1983-05-12T00:00:00Z,2.981511861462546
urn:ioos:station:GOA_RUNOFF_DISCHARGE,urn:ioos:sensor:GOA_RUNOFF_DISCHARGE:q,58.069320239858385,-154.46915010358515,1983-05-13T00:00:00Z,2.1736180897024
urn:ioos:station:GOA_RUNOFF_DISCHARGE,urn:ioos:sensor:GOA_RUNOFF_DISCHARGE:q,58.069320239858385,-154.46915010358515,1983-05-14T00:00:00Z,1.9640996662669
urn:ioos:station:GOA_RUNOFF_DISCHARGE,urn:ioos:sensor:GOA_RUNOFF_DISCHARGE:q,58.069320239858385,-154.46915010358515,1983-05-15T00:00:00Z,1.852108810856199
urn:ioos:station:GOA_RUNOFF_DISCHARGE,urn:ioos:sensor:GOA_RUNOFF_DISCHARGE:q,58.069320239858385,-154.46915010358515,1983-05-16T00:00:00Z,5.377680712306103
urn:ioos:station:GOA_RUNOFF_DISCHARGE,urn:ioos:sensor:GOA_RUNOFF_DISCHARGE:q,58.069320239858385,-154.46915010358515,1983-05-17T00:00:00Z,4.003240454470902
urn:ioos:station:GOA_RUNOFF_DISCHARGE,urn:ioos:sensor:GOA_RUNOFF_DISCHARGE:q,58.069320239858385,-154.46915010358515,1983-05-18T00:00:00Z,2.9656434096439237
urn:ioos:station:GOA_RUNOFF_DISCHARGE,urn:ioos:sensor:GOA_RUNOFF_DISCHARGE:q,58.069320239858385,-154.46915010358515,1983-05-19T00:00:00Z,2.1063456944838634
urn:ioos:station:GOA_RUNOFF_DISCHARGE,urn:ioos:sensor:GOA_RUNOFF_DISCHARGE:q,58.069320239858385,-154.46915010358515,1983-05-20T00:00:00Z,1.4915888205378034
urn:ioos:station:GOA_RUNOFF_DISCHARGE,urn:ioos:sensor:GOA_RUNOFF_DISCHARGE:q,58.069320239858385,-154.46915010358515,1983-05-21T00:00:00Z,1.055812480399905
urn:ioos:station:GOA_RUNOFF_DISCHARGE,urn:ioos:sensor:GOA_RUNOFF_DISCHARGE:q,58.069320239858385,-154.46915010358515,1983-05-22T00:00:00Z,0.7473065966345886
urn:ioos:station:GOA_RUNOFF_DISCHARGE,urn:ioos:sensor:GOA_RUNOFF_DISCHARGE:q,58.069320239858385,-154.46915010358515,1983-05-23T00:00:00Z,0.5289410048142733
urn:ioos:station:GOA_RUNOFF_DISCHARGE,urn:ioos:sensor:GOA_RUNOFF_DISCHARGE:q,58.069320239858385,-154.46915010358515,1983-05-24T00:00:00Z,0.7416641661564357
urn:ioos:station:GOA_RUNOFF_DISCHARGE,urn:ioos:sensor:GOA_RUNOFF_DISCHARGE:q,58.069320239858385,-154.46915010358515,1983-05-25T00:00:00Z,0.542321015800014
urn:ioos:station:GOA_RUNOFF_DISCHARGE,urn:ioos:sensor:GOA_RUNOFF_DISCHARGE:q,58.069320239858385,-154.46915010358515,1983-05-26T00:00:00Z,0.3855873949702086
urn:ioos:station:GOA_RUNOFF_DISCHARGE,urn:ioos:sensor:GOA_RUNOFF_DISCHARGE:q,58.069320239858385,-154.46915010358515,1983-05-27T00:00:00Z,0.2730902738514076
urn:ioos:station:GOA_RUNOFF_DISCHARGE,urn:ioos:sensor:GOA_RUNOFF_DISCHARGE:q,58.069320239858385,-154.46915010358515,1983-05-28T00:00:00Z,0.19330940243560174
urn:ioos:station:GOA_RUNOFF_DISCHARGE,urn:ioos:sensor:GOA_RUNOFF_DISCHARGE:q,58.069320239858385,-154.46915010358515,1983-05-29T00:00:00Z,1.3951650189759317
urn:ioos:station:GOA_RUNOFF_DISCHARGE,urn:ioos:sensor:GOA_RUNOFF_DISCHARGE:q,58.069320239858385,-154.46915010358515,1983-05-30T00:00:00Z,1.047017934969222
urn:ioos:station:GOA_RUNOFF_DISCHARGE,urn:ioos:sensor:GOA_RUNOFF_DISCHARGE:q,58.069320239858385,-154.46915010358515,1983-05-31T00:00:00Z,4.162225186610452
urn:ioos:station:GOA_RUNOFF_DISCHARGE,urn:ioos:sensor:GOA_RUNOFF_DISCHARGE:q,58.069320239858385,-154.46915010358515,1983-06-01T00:00:00Z,3.609624704282177
urn:ioos:station:GOA_RUNOFF_DISCHARGE,urn:ioos:sensor:GOA_RUNOFF_DISCHARGE:q,58.069320239858385,-154.46915010358515,1983-06-02T00:00:00Z,2.5947907707242477
urn:ioos:station:GOA_RUNOFF_DISCHARGE,urn:ioos:sensor:GOA_RUNOFF_DISCHARGE:q,58.069320239858385,-154.46915010358515,1983-06-03T00:00:00Z,1.840567149883727
urn:ioos:station:GOA_RUNOFF_DISCHARGE,urn:ioos:sensor:GOA_RUNOFF_DISCHARGE:q,58.069320239858385,-154.46915010358515,1983-06-04T00:00:00Z,1.3031432590846197
urn:ioos:station:GOA_RUNOFF_DISCHARGE,urn:ioos:sensor:GOA_RUNOFF_DISCHARGE:q,58.069320239858385,-154.46915010358515,1983-06-05T00:00:00Z,0.922398754583215
urn:ioos:station:GOA_RUNOFF_DISCHARGE,urn:ioos:sensor:GOA_RUNOFF_DISCHARGE:q,58.069320239858385,-154.46915010358515,1983-06-06T00:00:00Z,0.6528736529849305
urn:ioos:station:GOA_RUNOFF_DISCHARGE,urn:ioos:sensor:GOA_RUNOFF_DISCHARGE:q,58.069320239858385,-154.46915010358515,1983-06-07T00:00:00Z,0.462101466282822
urn:ioos:station:GOA_RUNOFF_DISCHARGE,urn:ioos:sensor:GOA_RUNOFF_DISCHARGE:q,58.069320239858385,-154.46915010358515,1983-06-08T00:00:00Z,0.3270733997907355
urn:ioos:station:GOA_RUNOFF_DISCHARGE,urn:ioos:sensor:GOA_RUNOFF_DISCHARGE:q,58.069320239858385,-154.46915010358515,1983-06-09T00:00:00Z,0.23150110340541843
urn:ioos:station:GOA_RUNOFF_DISCHARGE,urn:ioos:sensor:GOA_RUNOFF_DISCHARGE:q,58.069320239858385,-154.46915010358515,1983-06-10T00:00:00Z,0.16385546344002472
urn:ioos:station:GOA_RUNOFF_DISCHARGE,urn:ioos:sensor:GOA_RUNOFF_DISCHARGE:q,58.069320239858385,-154.46915010358515,1983-06-11T00:00:00Z,0.11597616439621526
urn:ioos:station:GOA_RUNOFF_DISCHARGE,urn:ioos:sensor:GOA_RUNOFF_DISCHARGE:q,58.069320239858385,-154.46915010358515,1983-06-12T00:00:00Z,0.08208740949645783
urn:ioos:station:GOA_RUNOFF_DISCHARGE,urn:ioos:sensor:GOA_RUNOFF_DISCHARGE:q,58.069320239858385,-154.46915010358515,1983-06-13T00:00:00Z,0.058101106436780105
urn:ioos:station:GOA_RUNOFF_DISCHARGE,urn:ioos:sensor:GOA_RUNOFF_DISCHARGE:q,58.069320239858385,-154.46915010358515,1983-06-14T00:00:00Z,0.2512897350814797
urn:ioos:station:GOA_RUNOFF_DISCHARGE,urn:ioos:sensor:GOA_RUNOFF_DISCHARGE:q,58.069320239858385,-154.46915010358515,1983-06-15T00:00:00Z,0.18780372585950034
urn:ioos:station:GOA_RUNOFF_DISCHARGE,urn:ioos:sensor:GOA_RUNOFF_DISCHARGE:q,58.069320239858385,-154.46915010358515,1983-06-16T00:00:00Z,0.1339194488505755
urn:ioos:station:GOA_RUNOFF_DISCHARGE,urn:ioos:sensor:GOA_RUNOFF_DISCHARGE:q,58.069320239858385,-154.46915010358515,1983-06-17T00:00:00Z,0.0948867261833476
urn:ioos:station:GOA_RUNOFF_DISCHARGE,urn:ioos:sensor:GOA_RUNOFF_DISCHARGE:q,58.069320239858385,-154.46915010358515,1983-06-18T00:00:00Z,0.06717030257635144
urn:ioos:station:GOA_RUNOFF_DISCHARGE,urn:ioos:sensor:GOA_RUNOFF_DISCHARGE:q,58.069320239858385,-154.46915010358515,1983-06-19T00:00:00Z,0.04754383182238375
urn:ioos:station:GOA_RUNOFF_DISCHARGE,urn:ioos:sensor:GOA_RUNOFF_DISCHARGE:q,58.069320239858385,-154.46915010358515,1983-06-20T00:00:00Z,0.03365141098753132
urn:ioos:station:GOA_RUNOFF_DISCHARGE,urn:ioos:sensor:GOA_RUNOFF_DISCHARGE:q,58.069320239858385,-154.46915010358515,1983-06-21T00:00:00Z,1.109398566150304
urn:ioos:station:GOA_RUNOFF_DISCHARGE,urn:ioos:sensor:GOA_RUNOFF_DISCHARGE:q,58.069320239858385,-154.46915010358515,1983-06-22T00:00:00Z,0.8365810436480339
urn:ioos:station:GOA_RUNOFF_DISCHARGE,urn:ioos:sensor:GOA_RUNOFF_DISCHARGE:q,58.069320239858385,-154.46915010358515,1983-06-23T00:00:00Z,0.5972565185410992
urn:ioos:station:GOA_RUNOFF_DISCHARGE,urn:ioos:sensor:GOA_RUNOFF_DISCHARGE:q,58.069320239858385,-154.46915010358515,1983-06-24T00:00:00Z,0.42324760410328816
urn:ioos:station:GOA_RUNOFF_DISCHARGE,urn:ioos:sensor:GOA_RUNOFF_DISCHARGE:q,58.069320239858385,-154.46915010358515,1983-06-25T00:00:00Z,0.7384581126759198
urn:ioos:station:GOA_RUNOFF_DISCHARGE,urn:ioos:sensor:GOA_RUNOFF_DISCHARGE:q,58.069320239858385,-154.46915010358515,1983-06-26T00:00:00Z,0.5434416544976096
urn:ioos:station:GOA_RUNOFF_DISCHARGE,urn:ioos:sensor:GOA_RUNOFF_DISCHARGE:q,58.069320239858385,-154.46915010358515,1983-06-27T00:00:00Z,0.5434697419993778
urn:ioos:station:GOA_RUNOFF_DISCHARGE,urn:ioos:sensor:GOA_RUNOFF_DISCHARGE:q,58.069320239858385,-154.46915010358515,1983-06-28T00:00:00Z,0.39228767838380796
urn:ioos:station:GOA_RUNOFF_DISCHARGE,urn:ioos:sensor:GOA_RUNOFF_DISCHARGE:q,58.069320239858385,-154.46915010358515,1983-06-29T00:00:00Z,0.2784205844328628
urn:ioos:station:GOA_RUNOFF_DISCHARGE,urn:ioos:sensor:GOA_RUNOFF_DISCHARGE:q,58.069320239858385,-154.46915010358515,1983-06-30T00:00:00Z,0.1971408797259811
urn:ioos:station:GOA_RUNOFF_DISCHARGE,urn:ioos:sensor:GOA_RUNOFF_DISCHARGE:q,58.069320239858385,-154.46915010358515,1983-07-01T00:00:00Z,0.13954303373327978
urn:ioos:station:GOA_RUNOFF_DISCHARGE,urn:ioos:sensor:GOA_RUNOFF_DISCHARGE:q,58.069320239858385,-154.46915010358515,1983-07-02T00:00:00Z,0.09876868862034775
urn:ioos:station:GOA_RUNOFF_DISCHARGE,urn:ioos:sensor:GOA_RUNOFF_DISCHARGE:q,58.069320239858385,-154.46915010358515,1983-07-03T00:00:00Z,0.06990811454429637
urn:ioos:station:GOA_RUNOFF_DISCHARGE,urn:ioos:sensor:GOA_RUNOFF_DISCHARGE:q,58.069320239858385,-154.46915010358515,1983-07-04T00:00:00Z,0.04948066487207761
urn:ioos:station:GOA_RUNOFF_DISCHARGE,urn:ioos:sensor:GOA_RUNOFF_DISCHARGE:q,58.069320239858385,-154.46915010358515,1983-07-05T00:00:00Z,0.035022195775413045
urn:ioos:station:GOA_RUNOFF_DISCHARGE,urn:ioos:sensor:GOA_RUNOFF_DISCHARGE:q,58.069320239858385,-154.46915010358515,1983-07-06T00:00:00Z,0.024788554384515046
urn:ioos:station:GOA_RUNOFF_DISCHARGE,urn:ioos:sensor:GOA_RUNOFF_DISCHARGE:q,58.069320239858385,-154.46915010358515,1983-07-07T00:00:00Z,0.01754522880686333
urn:ioos:station:GOA_RUNOFF_DISCHARGE,urn:ioos:sensor:GOA_RUNOFF_DISCHARGE:q,58.069320239858385,-154.46915010358515,1983-07-08T00:00:00Z,1.6521098798232488
urn:ioos:station:GOA_RUNOFF_DISCHARGE,urn:ioos:sensor:GOA_RUNOFF_DISCHARGE:q,58.069320239858385,-154.46915010358515,1983-07-09T00:00:00Z,2.323863070062257
urn:ioos:station:GOA_RUNOFF_DISCHARGE,urn:ioos:sensor:GOA_RUNOFF_DISCHARGE:q,58.069320239858385,-154.46915010358515,1983-07-10T00:00:00Z,1.703510665845915
urn:ioos:station:GOA_RUNOFF_DISCHARGE,urn:ioos:sensor:GOA_RUNOFF_DISCHARGE:q,58.069320239858385,-154.46915010358515,1983-07-11T00:00:00Z,1.2115981316003617
urn:ioos:station:GOA_RUNOFF_DISCHARGE,urn:ioos:sensor:GOA_RUNOFF_DISCHARGE:q,58.069320239858385,-154.46915010358515,1983-07-12T00:00:00Z,0.8581490218500429
urn:ioos:station:GOA_RUNOFF_DISCHARGE,urn:ioos:sensor:GOA_RUNOFF_DISCHARGE:q,58.069320239858385,-154.46915010358515,1983-07-13T00:00:00Z,0.6074525447977133
urn:ioos:station:GOA_RUNOFF_DISCHARGE,urn:ioos:sensor:GOA_RUNOFF_DISCHARGE:q,58.069320239858385,-154.46915010358515,1983-07-14T00:00:00Z,0.42995798454621165
urn:ioos:station:GOA_RUNOFF_DISCHARGE,urn:ioos:sensor:GOA_RUNOFF_DISCHARGE:q,58.069320239858385,-154.46915010358515,1983-07-15T00:00:00Z,0.30432295092002526
urn:ioos:station:GOA_RUNOFF_DISCHARGE,urn:ioos:sensor:GOA_RUNOFF_DISCHARGE:q,58.069320239858385,-154.46915010358515,1983-07-16T00:00:00Z,0.21539847944090681
urn:ioos:station:GOA_RUNOFF_DISCHARGE,urn:ioos:sensor:GOA_RUNOFF_DISCHARGE:q,58.069320239858385,-154.46915010358515,1983-07-17T00:00:00Z,0.15245812091926084
urn:ioos:station:GOA_RUNOFF_DISCHARGE,urn:ioos:sensor:GOA_RUNOFF_DISCHARGE:q,58.069320239858385,-154.46915010358515,1983-07-18T00:00:00Z,0.1079091724180953
urn:ioos:station:GOA_RUNOFF_DISCHARGE,urn:ioos:sensor:GOA_RUNOFF_DISCHARGE:q,58.069320239858385,-154.46915010358515,1983-07-19T00:00:00Z,0.07637762985935201
urn:ioos:station:GOA_RUNOFF_DISCHARGE,urn:ioos:sensor:GOA_RUNOFF_DISCHARGE:q,58.069320239858385,-154.46915010358515,1983-07-20T00:00:00Z,0.05405974989394661
urn:ioos:station:GOA_RUNOFF_DISCHARGE,urn:ioos:sensor:GOA_RUNOFF_DISCHARGE:q,58.069320239858385,-154.46915010358515,1983-07-21T00:00:00Z,0.038263251742763585
urn:ioos:station:GOA_RUNOFF_DISCHARGE,urn:ioos:sensor:GOA_RUNOFF_DISCHARGE:q,58.069320239858385,-154.46915010358515,1983-07-22T00:00:00Z,0.027082557513045922
urn:ioos:station:GOA_RUNOFF_DISCHARGE,urn:ioos:sensor:GOA_RUNOFF_DISCHARGE:q,58.069320239858385,-154.46915010358515,1983-07-23T00:00:00Z,0.019168916223370688
urn:ioos:station:GOA_RUNOFF_DISCHARGE,urn:ioos:sensor:GOA_RUNOFF_DISCHARGE:q,58.069320239858385,-154.46915010358515,1983-07-24T00:00:00Z,0.013567672456954989
urn:ioos:station:GOA_RUNOFF_DISCHARGE,urn:ioos:sensor:GOA_RUNOFF_DISCHARGE:q,58.069320239858385,-154.46915010358515,1983-07-25T00:00:00Z,0.00960313823261027
urn:ioos:station:GOA_RUNOFF_DISCHARGE,urn:ioos:sensor:GOA_RUNOFF_DISCHARGE:q,58.069320239858385,-154.46915010358515,1983-07-26T00:00:00Z,0.006797059287391367
urn:ioos:station:GOA_RUNOFF_DISCHARGE,urn:ioos:sensor:GOA_RUNOFF_DISCHARGE:q,58.069320239858385,-154.46915010358515,1983-07-27T00:00:00Z,0.0048109281909209465
urn:ioos:station:GOA_RUNOFF_DISCHARGE,urn:ioos:sensor:GOA_RUNOFF_DISCHARGE:q,58.069320239858385,-154.46915010358515,1983-07-28T00:00:00Z,0.0034051535066574943
urn:ioos:station:GOA_RUNOFF_DISCHARGE,urn:ioos:sensor:GOA_RUNOFF_DISCHARGE:q,58.069320239858385,-154.46915010358515,1983-07-29T00:00:00Z,0.0024101523690009986
urn:ioos:station:GOA_RUNOFF_DISCHARGE,urn:ioos:sensor:GOA_RUNOFF_DISCHARGE:q,58.069320239858385,-154.46915010358515,1983-07-30T00:00:00Z,0.0017058952369841175
urn:ioos:station:GOA_RUNOFF_DISCHARGE,urn:ioos:sensor:GOA_RUNOFF_DISCHARGE:q,58.069320239858385,-154.46915010358515,1983-07-31T00:00:00Z,0.001207425074809099
urn:ioos:station:GOA_RUNOFF_DISCHARGE,urn:ioos:sensor:GOA_RUNOFF_DISCHARGE:q,58.069320239858385,-154.46915010358515,1983-08-01T00:00:00Z,8.546101364069762E-4
urn:ioos:station:GOA_RUNOFF_DISCHARGE,urn:ioos:sensor:GOA_RUNOFF_DISCHARGE:q,58.069320239858385,-154.46915010358515,1983-08-02T00:00:00Z,6.048892308540089E-4
urn:ioos:station:GOA_RUNOFF_DISCHARGE,urn:ioos:sensor:GOA_RUNOFF_DISCHARGE:q,58.069320239858385,-154.46915010358515,1983-08-03T00:00:00Z,4.2813793308606077E-4
urn:ioos:station:GOA_RUNOFF_DISCHARGE,urn:ioos:sensor:GOA_RUNOFF_DISCHARGE:q,58.069320239858385,-154.46915010358515,1983-08-04T00:00:00Z,0.8303157547290314
urn:ioos:station:GOA_RUNOFF_DISCHARGE,urn:ioos:sensor:GOA_RUNOFF_DISCHARGE:q,58.069320239858385,-154.46915010358515,1983-08-05T00:00:00Z,2.5313882675526074
urn:ioos:station:GOA_RUNOFF_DISCHARGE,urn:ioos:sensor:GOA_RUNOFF_DISCHARGE:q,58.069320239858385,-154.46915010358515,1983-08-06T00:00:00Z,1.8857160658406944
urn:ioos:station:GOA_RUNOFF_DISCHARGE,urn:ioos:sensor:GOA_RUNOFF_DISCHARGE:q,58.069320239858385,-154.46915010358515,1983-08-07T00:00:00Z,1.8782830735694942
urn:ioos:station:GOA_RUNOFF_DISCHARGE,urn:ioos:sensor:GOA_RUNOFF_DISCHARGE:q,58.069320239858385,-154.46915010358515,1983-08-08T00:00:00Z,2.8955551601497627
urn:ioos:station:GOA_RUNOFF_DISCHARGE,urn:ioos:sensor:GOA_RUNOFF_DISCHARGE:q,58.069320239858385,-154.46915010358515,1983-08-09T00:00:00Z,2.124923965325533
urn:ioos:station:GOA_RUNOFF_DISCHARGE,urn:ioos:sensor:GOA_RUNOFF_DISCHARGE:q,58.069320239858385,-154.46915010358515,1983-08-10T00:00:00Z,1.5115475230237514
urn:ioos:station:GOA_RUNOFF_DISCHARGE,urn:ioos:sensor:GOA_RUNOFF_DISCHARGE:q,58.069320239858385,-154.46915010358515,1983-08-11T00:00:00Z,1.070619132561521
urn:ioos:station:GOA_RUNOFF_DISCHARGE,urn:ioos:sensor:GOA_RUNOFF_DISCHARGE:q,58.069320239858385,-154.46915010358515,1983-08-12T00:00:00Z,0.7578545388969631
urn:ioos:station:GOA_RUNOFF_DISCHARGE,urn:ioos:sensor:GOA_RUNOFF_DISCHARGE:q,58.069320239858385,-154.46915010358515,1983-08-13T00:00:00Z,0.7407991105691919
urn:ioos:station:GOA_RUNOFF_DISCHARGE,urn:ioos:sensor:GOA_RUNOFF_DISCHARGE:q,58.069320239858385,-154.46915010358515,1983-08-14T00:00:00Z,0.5340036290059264
urn:ioos:station:GOA_RUNOFF_DISCHARGE,urn:ioos:sensor:GOA_RUNOFF_DISCHARGE:q,58.069320239858385,-154.46915010358515,1983-08-15T00:00:00Z,0.37893092016592445
urn:ioos:station:GOA_RUNOFF_DISCHARGE,urn:ioos:sensor:GOA_RUNOFF_DISCHARGE:q,58.069320239858385,-154.46915010358515,1983-08-16T00:00:00Z,0.6582294199204473
urn:ioos:station:GOA_RUNOFF_DISCHARGE,urn:ioos:sensor:GOA_RUNOFF_DISCHARGE:q,58.069320239858385,-154.46915010358515,1983-08-17T00:00:00Z,0.4843470636873246
urn:ioos:station:GOA_RUNOFF_DISCHARGE,urn:ioos:sensor:GOA_RUNOFF_DISCHARGE:q,58.069320239858385,-154.46915010358515,1983-08-18T00:00:00Z,0.3446616355290972
urn:ioos:station:GOA_RUNOFF_DISCHARGE,urn:ioos:sensor:GOA_RUNOFF_DISCHARGE:q,58.069320239858385,-154.46915010358515,1983-08-19T00:00:00Z,0.2441340164445377
urn:ioos:station:GOA_RUNOFF_DISCHARGE,urn:ioos:sensor:GOA_RUNOFF_DISCHARGE:q,58.069320239858385,-154.46915010358515,1983-08-20T00:00:00Z,0.1728153436147226
urn:ioos:station:GOA_RUNOFF_DISCHARGE,urn:ioos:sensor:GOA_RUNOFF_DISCHARGE:q,58.069320239858385,-154.46915010358515,1983-08-21T00:00:00Z,0.12231977107117256
urn:ioos:station:GOA_RUNOFF_DISCHARGE,urn:ioos:sensor:GOA_RUNOFF_DISCHARGE:q,58.069320239858385,-154.46915010358515,1983-08-22T00:00:00Z,0.08657756994817967
urn:ioos:station:GOA_RUNOFF_DISCHARGE,urn:ioos:sensor:GOA_RUNOFF_DISCHARGE:q,58.069320239858385,-154.46915010358515,1983-08-23T00:00:00Z,0.061279245084596104
urn:ioos:station:GOA_RUNOFF_DISCHARGE,urn:ioos:sensor:GOA_RUNOFF_DISCHARGE:q,58.069320239858385,-154.46915010358515,1983-08-24T00:00:00Z,0.043373174925611366
urn:ioos:station:GOA_RUNOFF_DISCHARGE,urn:ioos:sensor:GOA_RUNOFF_DISCHARGE:q,58.069320239858385,-154.46915010358515,1983-08-25T00:00:00Z,0.03069934342848588
urn:ioos:station:GOA_RUNOFF_DISCHARGE,urn:ioos:sensor:GOA_RUNOFF_DISCHARGE:q,58.069320239858385,-154.46915010358515,1983-08-26T00:00:00Z,0.021728860550763986
urn:ioos:station:GOA_RUNOFF_DISCHARGE,urn:ioos:sensor:GOA_RUNOFF_DISCHARGE:q,58.069320239858385,-154.46915010358515,1983-08-27T00:00:00Z,0.015379590741485007
urn:ioos:station:GOA_RUNOFF_DISCHARGE,urn:ioos:sensor:GOA_RUNOFF_DISCHARGE:q,58.069320239858385,-154.46915010358515,1983-08-28T00:00:00Z,0.010885605875459916
urn:ioos:station:GOA_RUNOFF_DISCHARGE,urn:ioos:sensor:GOA_RUNOFF_DISCHARGE:q,58.069320239858385,-154.46915010358515,1983-08-29T00:00:00Z,0.2726983479558335
urn:ioos:station:GOA_RUNOFF_DISCHARGE,urn:ioos:sensor:GOA_RUNOFF_DISCHARGE:q,58.069320239858385,-154.46915010358515,1983-08-30T00:00:00Z,0.20555032380045418
urn:ioos:station:GOA_RUNOFF_DISCHARGE,urn:ioos:sensor:GOA_RUNOFF_DISCHARGE:q,58.069320239858385,-154.46915010358515,1983-08-31T00:00:00Z,0.14673938715761592
urn:ioos:station:GOA_RUNOFF_DISCHARGE,urn:ioos:sensor:GOA_RUNOFF_DISCHARGE:q,58.069320239858385,-154.46915010358515,1983-09-01T00:00:00Z,0.8488282468780358
urn:ioos:station:GOA_RUNOFF_DISCHARGE,urn:ioos:sensor:GOA_RUNOFF_DISCHARGE:q,58.069320239858385,-154.46915010358515,1983-09-02T00:00:00Z,0.6007971224525118
urn:ioos:station:GOA_RUNOFF_DISCHARGE,urn:ioos:sensor:GOA_RUNOFF_DISCHARGE:q,58.069320239858385,-154.46915010358515,1983-09-03T00:00:00Z,0.4252415536140571
urn:ioos:station:GOA_RUNOFF_DISCHARGE,urn:ioos:sensor:GOA_RUNOFF_DISCHARGE:q,58.069320239858385,-154.46915010358515,1983-09-04T00:00:00Z,0.42108891185673847
urn:ioos:station:GOA_RUNOFF_DISCHARGE,urn:ioos:sensor:GOA_RUNOFF_DISCHARGE:q,58.069320239858385,-154.46915010358515,1983-09-05T00:00:00Z,0.3037264697349346
urn:ioos:station:GOA_RUNOFF_DISCHARGE,urn:ioos:sensor:GOA_RUNOFF_DISCHARGE:q,58.069320239858385,-154.46915010358515,1983-09-06T00:00:00Z,0.21554358723692688
urn:ioos:station:GOA_RUNOFF_DISCHARGE,urn:ioos:sensor:GOA_RUNOFF_DISCHARGE:q,58.069320239858385,-154.46915010358515,1983-09-07T00:00:00Z,0.1526174533575698
urn:ioos:station:GOA_RUNOFF_DISCHARGE,urn:ioos:sensor:GOA_RUNOFF_DISCHARGE:q,58.069320239858385,-154.46915010358515,1983-09-08T00:00:00Z,0.10802761517657611
urn:ioos:station:GOA_RUNOFF_DISCHARGE,urn:ioos:sensor:GOA_RUNOFF_DISCHARGE:q,58.069320239858385,-154.46915010358515,1983-09-09T00:00:00Z,0.07646204036671499
urn:ioos:station:GOA_RUNOFF_DISCHARGE,urn:ioos:sensor:GOA_RUNOFF_DISCHARGE:q,58.069320239858385,-154.46915010358515,1983-09-10T00:00:00Z,0.05411954683674783
urn:ioos:station:GOA_RUNOFF_DISCHARGE,urn:ioos:sensor:GOA_RUNOFF_DISCHARGE:q,58.069320239858385,-154.46915010358515,1983-09-11T00:00:00Z,0.038305580331493824
urn:ioos:station:GOA_RUNOFF_DISCHARGE,urn:ioos:sensor:GOA_RUNOFF_DISCHARGE:q,58.069320239858385,-154.46915010358515,1983-09-12T00:00:00Z,0.027112517651970907
urn:ioos:station:GOA_RUNOFF_DISCHARGE,urn:ioos:sensor:GOA_RUNOFF_DISCHARGE:q,58.069320239858385,-154.46915010358515,1983-09-13T00:00:00Z,0.019190121629418723
urn:ioos:station:GOA_RUNOFF_DISCHARGE,urn:ioos:sensor:GOA_RUNOFF_DISCHARGE:q,58.069320239858385,-154.46915010358515,1983-09-14T00:00:00Z,3.3874671681657746
urn:ioos:station:GOA_RUNOFF_DISCHARGE,urn:ioos:sensor:GOA_RUNOFF_DISCHARGE:q,58.069320239858385,-154.46915010358515,1983-09-15T00:00:00Z,2.5572369257372083
urn:ioos:station:GOA_RUNOFF_DISCHARGE,urn:ioos:sensor:GOA_RUNOFF_DISCHARGE:q,58.069320239858385,-154.46915010358515,1983-09-16T00:00:00Z,1.8428899270791308
urn:ioos:station:GOA_RUNOFF_DISCHARGE,urn:ioos:sensor:GOA_RUNOFF_DISCHARGE:q,58.069320239858385,-154.46915010358515,1983-09-17T00:00:00Z,1.3067826625924157
urn:ioos:station:GOA_RUNOFF_DISCHARGE,urn:ioos:sensor:GOA_RUNOFF_DISCHARGE:q,58.069320239858385,-154.46915010358515,1983-09-18T00:00:00Z,0.9251738918480793
urn:ioos:station:GOA_RUNOFF_DISCHARGE,urn:ioos:sensor:GOA_RUNOFF_DISCHARGE:q,58.069320239858385,-154.46915010358515,1983-09-19T00:00:00Z,1.455243724807185
urn:ioos:station:GOA_RUNOFF_DISCHARGE,urn:ioos:sensor:GOA_RUNOFF_DISCHARGE:q,58.069320239858385,-154.46915010358515,1983-09-20T00:00:00Z,1.6521339548247642
urn:ioos:station:GOA_RUNOFF_DISCHARGE,urn:ioos:sensor:GOA_RUNOFF_DISCHARGE:q,58.069320239858385,-154.46915010358515,1983-09-21T00:00:00Z,1.4830735056574853
urn:ioos:station:GOA_RUNOFF_DISCHARGE,urn:ioos:sensor:GOA_RUNOFF_DISCHARGE:q,58.069320239858385,-154.46915010358515,1983-09-22T00:00:00Z,1.066203803595043
urn:ioos:station:GOA_RUNOFF_DISCHARGE,urn:ioos:sensor:GOA_RUNOFF_DISCHARGE:q,58.069320239858385,-154.46915010358515,1983-09-23T00:00:00Z,0.7563010435122822
urn:ioos:station:GOA_RUNOFF_DISCHARGE,urn:ioos:sensor:GOA_RUNOFF_DISCHARGE:q,58.069320239858385,-154.46915010358515,1983-09-24T00:00:00Z,0.5354709871925617
urn:ioos:station:GOA_RUNOFF_DISCHARGE,urn:ioos:sensor:GOA_RUNOFF_DISCHARGE:q,58.069320239858385,-154.46915010358515,1983-09-25T00:00:00Z,0.37902041207729587
urn:ioos:station:GOA_RUNOFF_DISCHARGE,urn:ioos:sensor:GOA_RUNOFF_DISCHARGE:q,58.069320239858385,-154.46915010358515,1983-09-26T00:00:00Z,0.26827060326111457
urn:ioos:station:GOA_RUNOFF_DISCHARGE,urn:ioos:sensor:GOA_RUNOFF_DISCHARGE:q,58.069320239858385,-154.46915010358515,1983-09-27T00:00:00Z,0.1898809018611643
urn:ioos:station:GOA_RUNOFF_DISCHARGE,urn:ioos:sensor:GOA_RUNOFF_DISCHARGE:q,58.069320239858385,-154.46915010358515,1983-09-28T00:00:00Z,2.192495785153083
urn:ioos:station:GOA_RUNOFF_DISCHARGE,urn:ioos:sensor:GOA_RUNOFF_DISCHARGE:q,58.069320239858385,-154.46915010358515,1983-09-29T00:00:00Z,1.867852677830913
urn:ioos:station:GOA_RUNOFF_DISCHARGE,urn:ioos:sensor:GOA_RUNOFF_DISCHARGE:q,58.069320239858385,-154.46915010358515,1983-09-30T00:00:00Z,6.549510756566919
urn:ioos:station:GOA_RUNOFF_DISCHARGE,urn:ioos:sensor:GOA_RUNOFF_DISCHARGE:q,58.069320239858385,-154.46915010358515,1983-10-01T00:00:00Z,5.361935924429692
urn:ioos:station:GOA_RUNOFF_DISCHARGE,urn:ioos:sensor:GOA_RUNOFF_DISCHARGE:q,58.069320239858385,-154.46915010358515,1983-10-02T00:00:00Z,4.9106020025747075
urn:ioos:station:GOA_RUNOFF_DISCHARGE,urn:ioos:sensor:GOA_RUNOFF_DISCHARGE:q,58.069320239858385,-154.46915010358515,1983-10-03T00:00:00Z,5.465727334242254
urn:ioos:station:GOA_RUNOFF_DISCHARGE,urn:ioos:sensor:GOA_RUNOFF_DISCHARGE:q,58.069320239858385,-154.46915010358515,1983-10-04T00:00:00Z,3.9656605611215663
urn:ioos:station:GOA_RUNOFF_DISCHARGE,urn:ioos:sensor:GOA_RUNOFF_DISCHARGE:q,58.069320239858385,-154.46915010358515,1983-10-05T00:00:00Z,2.816567316652732
urn:ioos:station:GOA_RUNOFF_DISCHARGE,urn:ioos:sensor:GOA_RUNOFF_DISCHARGE:q,58.069320239858385,-154.46915010358515,1983-10-06T00:00:00Z,1.994521653837762
urn:ioos:station:GOA_RUNOFF_DISCHARGE,urn:ioos:sensor:GOA_RUNOFF_DISCHARGE:q,58.069320239858385,-154.46915010358515,1983-10-07T00:00:00Z,1.6626346022071121
urn:ioos:station:GOA_RUNOFF_DISCHARGE,urn:ioos:sensor:GOA_RUNOFF_DISCHARGE:q,58.069320239858385,-154.46915010358515,1983-10-08T00:00:00Z,1.1886805719609348
urn:ioos:station:GOA_RUNOFF_DISCHARGE,urn:ioos:sensor:GOA_RUNOFF_DISCHARGE:q,58.069320239858385,-154.46915010358515,1983-10-09T00:00:00Z,0.8425285557027693
urn:ioos:station:GOA_RUNOFF_DISCHARGE,urn:ioos:sensor:GOA_RUNOFF_DISCHARGE:q,58.069320239858385,-154.46915010358515,1983-10-10T00:00:00Z,2.054645615409569
urn:ioos:station:GOA_RUNOFF_DISCHARGE,urn:ioos:sensor:GOA_RUNOFF_DISCHARGE:q,58.069320239858385,-154.46915010358515,1983-10-11T00:00:00Z,5.549946688724357
urn:ioos:station:GOA_RUNOFF_DISCHARGE,urn:ioos:sensor:GOA_RUNOFF_DISCHARGE:q,58.069320239858385,-154.46915010358515,1983-10-12T00:00:00Z,5.950754681169125
urn:ioos:station:GOA_RUNOFF_DISCHARGE,urn:ioos:sensor:GOA_RUNOFF_DISCHARGE:q,58.069320239858385,-154.46915010358515,1983-10-13T00:00:00Z,4.3179670292015935
urn:ioos:station:GOA_RUNOFF_DISCHARGE,urn:ioos:sensor:GOA_RUNOFF_DISCHARGE:q,58.069320239858385,-154.46915010358515,1983-10-14T00:00:00Z,3.0668276151939966
urn:ioos:station:GOA_RUNOFF_DISCHARGE,urn:ioos:sensor:GOA_RUNOFF_DISCHARGE:q,58.069320239858385,-154.46915010358515,1983-10-15T00:00:00Z,2.3548393088975184
urn:ioos:station:GOA_RUNOFF_DISCHARGE,urn:ioos:sensor:GOA_RUNOFF_DISCHARGE:q,58.069320239858385,-154.46915010358515,1983-10-16T00:00:00Z,3.26066084624864
urn:ioos:station:GOA_RUNOFF_DISCHARGE,urn:ioos:sensor:GOA_RUNOFF_DISCHARGE:q,58.069320239858385,-154.46915010358515,1983-10-17T00:00:00Z,3.3412973668986385
urn:ioos:station:GOA_RUNOFF_DISCHARGE,urn:ioos:sensor:GOA_RUNOFF_DISCHARGE:q,58.069320239858385,-154.46915010358515,1983-10-18T00:00:00Z,4.167614829572691
urn:ioos:station:GOA_RUNOFF_DISCHARGE,urn:ioos:sensor:GOA_RUNOFF_DISCHARGE:q,58.069320239858385,-154.46915010358515,1983-10-19T00:00:00Z,3.3517830167390588
urn:ioos:station:GOA_RUNOFF_DISCHARGE,urn:ioos:sensor:GOA_RUNOFF_DISCHARGE:q,58.069320239858385,-154.46915010358515,1983-10-20T00:00:00Z,2.396019927883362
urn:ioos:station:GOA_RUNOFF_DISCHARGE,urn:ioos:sensor:GOA_RUNOFF_DISCHARGE:q,58.069320239858385,-154.46915010358515,1983-10-21T00:00:00Z,1.698253238055933
urn:ioos:station:GOA_RUNOFF_DISCHARGE,urn:ioos:sensor:GOA_RUNOFF_DISCHARGE:q,58.069320239858385,-154.46915010358515,1983-10-22T00:00:00Z,1.9636606592720505
urn:ioos:station:GOA_RUNOFF_DISCHARGE,urn:ioos:sensor:GOA_RUNOFF_DISCHARGE:q,58.069320239858385,-154.46915010358515,1983-10-23T00:00:00Z,1.5364288397540138
urn:ioos:station:GOA_RUNOFF_DISCHARGE,urn:ioos:sensor:GOA_RUNOFF_DISCHARGE:q,58.069320239858385,-154.46915010358515,1983-10-24T00:00:00Z,1.0052664227097343
urn:ioos:station:GOA_RUNOFF_DISCHARGE,urn:ioos:sensor:GOA_RUNOFF_DISCHARGE:q,58.069320239858385,-154.46915010358515,1983-10-25T00:00:00Z,0.6530663187757477
urn:ioos:station:GOA_RUNOFF_DISCHARGE,urn:ioos:sensor:GOA_RUNOFF_DISCHARGE:q,58.069320239858385,-154.46915010358515,1983-10-26T00:00:00Z,0.42400139503188833
urn:ioos:station:GOA_RUNOFF_DISCHARGE,urn:ioos:sensor:GOA_RUNOFF_DISCHARGE:q,58.069320239858385,-154.46915010358515,1983-10-27T00:00:00Z,0.2752670716831135
urn:ioos:station:GOA_RUNOFF_DISCHARGE,urn:ioos:sensor:GOA_RUNOFF_DISCHARGE:q,58.069320239858385,-154.46915010358515,1983-10-28T00:00:00Z,1.300438176127444
urn:ioos:station:GOA_RUNOFF_DISCHARGE,urn:ioos:sensor:GOA_RUNOFF_DISCHARGE:q,58.069320239858385,-154.46915010358515,1983-10-29T00:00:00Z,0.8942191626453196
urn:ioos:station:GOA_RUNOFF_DISCHARGE,urn:ioos:sensor:GOA_RUNOFF_DISCHARGE:q,58.069320239858385,-154.46915010358515,1983-10-30T00:00:00Z,0.5827801411953565
urn:ioos:station:GOA_RUNOFF_DISCHARGE,urn:ioos:sensor:GOA_RUNOFF_DISCHARGE:q,58.069320239858385,-154.46915010358515,1983-10-31T00:00:00Z,0.37847240978869967
urn:ioos:station:GOA_RUNOFF_DISCHARGE,urn:ioos:sensor:GOA_RUNOFF_DISCHARGE:q,58.069320239858385,-154.46915010358515,1983-11-01T00:00:00Z,0.24571489221004053
urn:ioos:station:GOA_RUNOFF_DISCHARGE,urn:ioos:sensor:GOA_RUNOFF_DISCHARGE:q,58.069320239858385,-154.46915010358515,1983-11-02T00:00:00Z,1.3049890092008132
urn:ioos:station:GOA_RUNOFF_DISCHARGE,urn:ioos:sensor:GOA_RUNOFF_DISCHARGE:q,58.069320239858385,-154.46915010358515,1983-11-03T00:00:00Z,4.763129857225471
urn:ioos:station:GOA_RUNOFF_DISCHARGE,urn:ioos:sensor:GOA_RUNOFF_DISCHARGE:q,58.069320239858385,-154.46915010358515,1983-11-04T00:00:00Z,3.4385880000724565
urn:ioos:station:GOA_RUNOFF_DISCHARGE,urn:ioos:sensor:GOA_RUNOFF_DISCHARGE:q,58.069320239858385,-154.46915010358515,1983-11-05T00:00:00Z,2.2463723496102928
urn:ioos:station:GOA_RUNOFF_DISCHARGE,urn:ioos:sensor:GOA_RUNOFF_DISCHARGE:q,58.069320239858385,-154.46915010358515,1983-11-06T00:00:00Z,1.4591522947253683
urn:ioos:station:GOA_RUNOFF_DISCHARGE,urn:ioos:sensor:GOA_RUNOFF_DISCHARGE:q,58.069320239858385,-154.46915010358515,1983-11-07T00:00:00Z,0.9473395352516469
urn:ioos:station:GOA_RUNOFF_DISCHARGE,urn:ioos:sensor:GOA_RUNOFF_DISCHARGE:q,58.069320239858385,-154.46915010358515,1983-11-08T00:00:00Z,10.038685202446842
urn:ioos:station:GOA_RUNOFF_DISCHARGE,urn:ioos:sensor:GOA_RUNOFF_DISCHARGE:q,58.069320239858385,-154.46915010358515,1983-11-09T00:00:00Z,8.052565987252786
urn:ioos:station:GOA_RUNOFF_DISCHARGE,urn:ioos:sensor:GOA_RUNOFF_DISCHARGE:q,58.069320239858385,-154.46915010358515,1983-11-10T00:00:00Z,9.12175338078975
urn:ioos:station:GOA_RUNOFF_DISCHARGE,urn:ioos:sensor:GOA_RUNOFF_DISCHARGE:q,58.069320239858385,-154.46915010358515,1983-11-11T00:00:00Z,10.51772879325932
urn:ioos:station:GOA_RUNOFF_DISCHARGE,urn:ioos:sensor:GOA_RUNOFF_DISCHARGE:q,58.069320239858385,-154.46915010358515,1983-11-12T00:00:00Z,9.108789189809693
urn:ioos:station:GOA_RUNOFF_DISCHARGE,urn:ioos:sensor:GOA_RUNOFF_DISCHARGE:q,58.069320239858385,-154.46915010358515,1983-11-13T00:00:00Z,6.678122308925565
urn:ioos:station:GOA_RUNOFF_DISCHARGE,urn:ioos:sensor:GOA_RUNOFF_DISCHARGE:q,58.069320239858385,-154.46915010358515,1983-11-14T00:00:00Z,4.757333438827788
urn:ioos:station:GOA_RUNOFF_DISCHARGE,urn:ioos:sensor:GOA_RUNOFF_DISCHARGE:q,58.069320239858385,-154.46915010358515,1983-11-15T00:00:00Z,3.3719207688264423
urn:ioos:station:GOA_RUNOFF_DISCHARGE,urn:ioos:sensor:GOA_RUNOFF_DISCHARGE:q,58.069320239858385,-154.46915010358515,1983-11-16T00:00:00Z,2.4021078774469387
urn:ioos:station:GOA_RUNOFF_DISCHARGE,urn:ioos:sensor:GOA_RUNOFF_DISCHARGE:q,58.069320239858385,-154.46915010358515,1983-11-17T00:00:00Z,1.5556346393237124
urn:ioos:station:GOA_RUNOFF_DISCHARGE,urn:ioos:sensor:GOA_RUNOFF_DISCHARGE:q,58.069320239858385,-154.46915010358515,1983-11-18T00:00:00Z,1.009551838758198
urn:ioos:station:GOA_RUNOFF_DISCHARGE,urn:ioos:sensor:GOA_RUNOFF_DISCHARGE:q,58.069320239858385,-154.46915010358515,1983-11-19T00:00:00Z,0.6553890959711515
urn:ioos:station:GOA_RUNOFF_DISCHARGE,urn:ioos:sensor:GOA_RUNOFF_DISCHARGE:q,58.069320239858385,-154.46915010358515,1983-11-20T00:00:00Z,0.4947075695649487
urn:ioos:station:GOA_RUNOFF_DISCHARGE,urn:ioos:sensor:GOA_RUNOFF_DISCHARGE:q,58.069320239858385,-154.46915010358515,1983-11-21T00:00:00Z,3.8420795000632064
urn:ioos:station:GOA_RUNOFF_DISCHARGE,urn:ioos:sensor:GOA_RUNOFF_DISCHARGE:q,58.069320239858385,-154.46915010358515,1983-11-22T00:00:00Z,5.3124040426230374
urn:ioos:station:GOA_RUNOFF_DISCHARGE,urn:ioos:sensor:GOA_RUNOFF_DISCHARGE:q,58.069320239858385,-154.46915010358515,1983-11-23T00:00:00Z,3.899738470906067
urn:ioos:station:GOA_RUNOFF_DISCHARGE,urn:ioos:sensor:GOA_RUNOFF_DISCHARGE:q,58.069320239858385,-154.46915010358515,1983-11-24T00:00:00Z,2.793272187317405
urn:ioos:station:GOA_RUNOFF_DISCHARGE,urn:ioos:sensor:GOA_RUNOFF_DISCHARGE:q,58.069320239858385,-154.46915010358515,1983-11-25T00:00:00Z,1.8046481685241955
urn:ioos:station:GOA_RUNOFF_DISCHARGE,urn:ioos:sensor:GOA_RUNOFF_DISCHARGE:q,58.069320239858385,-154.46915010358515,1983-11-26T00:00:00Z,4.983765274393595
urn:ioos:station:GOA_RUNOFF_DISCHARGE,urn:ioos:sensor:GOA_RUNOFF_DISCHARGE:q,58.069320239858385,-154.46915010358515,1983-11-27T00:00:00Z,4.4407990025078785
urn:ioos:station:GOA_RUNOFF_DISCHARGE,urn:ioos:sensor:GOA_RUNOFF_DISCHARGE:q,58.069320239858385,-154.46915010358515,1983-11-28T00:00:00Z,3.4627429884783063
urn:ioos:station:GOA_RUNOFF_DISCHARGE,urn:ioos:sensor:GOA_RUNOFF_DISCHARGE:q,58.069320239858385,-154.46915010358515,1983-11-29T00:00:00Z,14.009077619603994
urn:ioos:station:GOA_RUNOFF_DISCHARGE,urn:ioos:sensor:GOA_RUNOFF_DISCHARGE:q,58.069320239858385,-154.46915010358515,1983-11-30T00:00:00Z,18.568901850916223
urn:ioos:station:GOA_RUNOFF_DISCHARGE,urn:ioos:sensor:GOA_RUNOFF_DISCHARGE:q,58.069320239858385,-154.46915010358515,1983-12-01T00:00:00Z,15.620042006263283
urn:ioos:station:GOA_RUNOFF_DISCHARGE,urn:ioos:sensor:GOA_RUNOFF_DISCHARGE:q,58.069320239858385,-154.46915010358515,1983-12-02T00:00:00Z,13.383036016259014
urn:ioos:station:GOA_RUNOFF_DISCHARGE,urn:ioos:sensor:GOA_RUNOFF_DISCHARGE:q,58.069320239858385,-154.46915010358515,1983-12-03T00:00:00Z,9.730536760097472
urn:ioos:station:GOA_RUNOFF_DISCHARGE,urn:ioos:sensor:GOA_RUNOFF_DISCHARGE:q,58.069320239858385,-154.46915010358515,1983-12-04T00:00:00Z,6.938501738431719
urn:ioos:station:GOA_RUNOFF_DISCHARGE,urn:ioos:sensor:GOA_RUNOFF_DISCHARGE:q,58.069320239858385,-154.46915010358515,1983-12-05T00:00:00Z,5.463100922601506
urn:ioos:station:GOA_RUNOFF_DISCHARGE,urn:ioos:sensor:GOA_RUNOFF_DISCHARGE:q,58.069320239858385,-154.46915010358515,1983-12-06T00:00:00Z,4.944391727652658
urn:ioos:station:GOA_RUNOFF_DISCHARGE,urn:ioos:sensor:GOA_RUNOFF_DISCHARGE:q,58.069320239858385,-154.46915010358515,1983-12-07T00:00:00Z,3.744210277508703
urn:ioos:station:GOA_RUNOFF_DISCHARGE,urn:ioos:sensor:GOA_RUNOFF_DISCHARGE:q,58.069320239858385,-154.46915010358515,1983-12-08T00:00:00Z,2.837703326180007
urn:ioos:station:GOA_RUNOFF_DISCHARGE,urn:ioos:sensor:GOA_RUNOFF_DISCHARGE:q,58.069320239858385,-154.46915010358515,1983-12-09T00:00:00Z,2.567231603415573
urn:ioos:station:GOA_RUNOFF_DISCHARGE,urn:ioos:sensor:GOA_RUNOFF_DISCHARGE:q,58.069320239858385,-154.46915010358515,1983-12-10T00:00:00Z,1.6941979816531056
urn:ioos:station:GOA_RUNOFF_DISCHARGE,urn:ioos:sensor:GOA_RUNOFF_DISCHARGE:q,58.069320239858385,-154.46915010358515,1983-12-11T00:00:00Z,1.1191434163539256
urn:ioos:station:GOA_RUNOFF_DISCHARGE,urn:ioos:sensor:GOA_RUNOFF_DISCHARGE:q,58.069320239858385,-154.46915010358515,1983-12-12T00:00:00Z,0.7271174713882336
urn:ioos:station:GOA_RUNOFF_DISCHARGE,urn:ioos:sensor:GOA_RUNOFF_DISCHARGE:q,58.069320239858385,-154.46915010358515,1983-12-13T00:00:00Z,0.47208282377592226
urn:ioos:station:GOA_RUNOFF_DISCHARGE,urn:ioos:sensor:GOA_RUNOFF_DISCHARGE:q,58.069320239858385,-154.46915010358515,1983-12-14T00:00:00Z,0.30648236673219426
urn:ioos:station:GOA_RUNOFF_DISCHARGE,urn:ioos:sensor:GOA_RUNOFF_DISCHARGE:q,58.069320239858385,-154.46915010358515,1983-12-15T00:00:00Z,0.19897131985145683
urn:ioos:station:GOA_RUNOFF_DISCHARGE,urn:ioos:sensor:GOA_RUNOFF_DISCHARGE:q,58.069320239858385,-154.46915010358515,1983-12-16T00:00:00Z,0.1291740424043018
urn:ioos:station:GOA_RUNOFF_DISCHARGE,urn:ioos:sensor:GOA_RUNOFF_DISCHARGE:q,58.069320239858385,-154.46915010358515,1983-12-17T00:00:00Z,0.0838610003867974
urn:ioos:station:GOA_RUNOFF_DISCHARGE,urn:ioos:sensor:GOA_RUNOFF_DISCHARGE:q,58.069320239858385,-154.46915010358515,1983-12-18T00:00:00Z,0.054443350673730274
urn:ioos:station:GOA_RUNOFF_DISCHARGE,urn:ioos:sensor:GOA_RUNOFF_DISCHARGE:q,58.069320239858385,-154.46915010358515,1983-12-19T00:00:00Z,0.03534513626705426
urn:ioos:station:GOA_RUNOFF_DISCHARGE,urn:ioos:sensor:GOA_RUNOFF_DISCHARGE:q,58.069320239858385,-154.46915010358515,1983-12-20T00:00:00Z,0.022946393318239996
urn:ioos:station:GOA_RUNOFF_DISCHARGE,urn:ioos:sensor:GOA_RUNOFF_DISCHARGE:q,58.069320239858385,-154.46915010358515,1983-12-21T00:00:00Z,2.1549989045138918
urn:ioos:station:GOA_RUNOFF_DISCHARGE,urn:ioos:sensor:GOA_RUNOFF_DISCHARGE:q,58.069320239858385,-154.46915010358515,1983-12-22T00:00:00Z,4.51911932383174
urn:ioos:station:GOA_RUNOFF_DISCHARGE,urn:ioos:sensor:GOA_RUNOFF_DISCHARGE:q,58.069320239858385,-154.46915010358515,1983-12-23T00:00:00Z,3.5081615970752025
urn:ioos:station:GOA_RUNOFF_DISCHARGE,urn:ioos:sensor:GOA_RUNOFF_DISCHARGE:q,58.069320239858385,-154.46915010358515,1983-12-24T00:00:00Z,2.2956900559936284
urn:ioos:station:GOA_RUNOFF_DISCHARGE,urn:ioos:sensor:GOA_RUNOFF_DISCHARGE:q,58.069320239858385,-154.46915010358515,1983-12-25T00:00:00Z,1.4914027983949454
urn:ioos:station:GOA_RUNOFF_DISCHARGE,urn:ioos:sensor:GOA_RUNOFF_DISCHARGE:q,58.069320239858385,-154.46915010358515,1983-12-26T00:00:00Z,1.0645142778739298
urn:ioos:station:GOA_RUNOFF_DISCHARGE,urn:ioos:sensor:GOA_RUNOFF_DISCHARGE:q,58.069320239858385,-154.46915010358515,1983-12-27T00:00:00Z,0.7542296067015534
urn:ioos:station:GOA_RUNOFF_DISCHARGE,urn:ioos:sensor:GOA_RUNOFF_DISCHARGE:q,58.069320239858385,-154.46915010358515,1983-12-28T00:00:00Z,0.48663336659764533
urn:ioos:station:GOA_RUNOFF_DISCHARGE,urn:ioos:sensor:GOA_RUNOFF_DISCHARGE:q,58.069320239858385,-154.46915010358515,1983-12-29T00:00:00Z,0.3706961514098246
urn:ioos:station:GOA_RUNOFF_DISCHARGE,urn:ioos:sensor:GOA_RUNOFF_DISCHARGE:q,58.069320239858385,-154.46915010358515,1983-12-30T00:00:00Z,0.5234778212736338
urn:ioos:station:GOA_RUNOFF_DISCHARGE,urn:ioos:sensor:GOA_RUNOFF_DISCHARGE:q,58.069320239858385,-154.46915010358515,1983-12-31T00:00:00Z,0.4895831462915365
urn:ioos:station:GOA_RUNOFF_DISCHARGE,urn:ioos:sensor:GOA_RUNOFF_DISCHARGE:q,58.069320239858385,-154.46915010358515,1984-01-01T00:00:00Z,0.6709604254350039
urn:ioos:station:GOA_RUNOFF_DISCHARGE,urn:ioos:sensor:GOA_RUNOFF_DISCHARGE:q,58.069320239858385,-154.46915010358515,1984-01-02T00:00:00Z,1.460934897296603
urn:ioos:station:GOA_RUNOFF_DISCHARGE,urn:ioos:sensor:GOA_RUNOFF_DISCHARGE:q,58.069320239858385,-154.46915010358515,1984-01-03T00:00:00Z,1.7542277481370159
urn:ioos:station:GOA_RUNOFF_DISCHARGE,urn:ioos:sensor:GOA_RUNOFF_DISCHARGE:q,58.069320239858385,-154.46915010358515,1984-01-04T00:00:00Z,1.161641187881703
urn:ioos:station:GOA_RUNOFF_DISCHARGE,urn:ioos:sensor:GOA_RUNOFF_DISCHARGE:q,58.069320239858385,-154.46915010358515,1984-01-05T00:00:00Z,0.7554271735802212
urn:ioos:station:GOA_RUNOFF_DISCHARGE,urn:ioos:sensor:GOA_RUNOFF_DISCHARGE:q,58.069320239858385,-154.46915010358515,1984-01-06T00:00:00Z,0.49050214040676604
urn:ioos:station:GOA_RUNOFF_DISCHARGE,urn:ioos:sensor:GOA_RUNOFF_DISCHARGE:q,58.069320239858385,-154.46915010358515,1984-01-07T00:00:00Z,0.3184426433047894
urn:ioos:station:GOA_RUNOFF_DISCHARGE,urn:ioos:sensor:GOA_RUNOFF_DISCHARGE:q,58.069320239858385,-154.46915010358515,1984-01-08T00:00:00Z,0.20673616562715444
urn:ioos:station:GOA_RUNOFF_DISCHARGE,urn:ioos:sensor:GOA_RUNOFF_DISCHARGE:q,58.069320239858385,-154.46915010358515,1984-01-09T00:00:00Z,0.13421506651775078
urn:ioos:station:GOA_RUNOFF_DISCHARGE,urn:ioos:sensor:GOA_RUNOFF_DISCHARGE:q,58.069320239858385,-154.46915010358515,1984-01-10T00:00:00Z,4.938092233813468
urn:ioos:station:GOA_RUNOFF_DISCHARGE,urn:ioos:sensor:GOA_RUNOFF_DISCHARGE:q,58.069320239858385,-154.46915010358515,1984-01-11T00:00:00Z,4.203348183461521
urn:ioos:station:GOA_RUNOFF_DISCHARGE,urn:ioos:sensor:GOA_RUNOFF_DISCHARGE:q,58.069320239858385,-154.46915010358515,1984-01-12T00:00:00Z,5.261995462400537
urn:ioos:station:GOA_RUNOFF_DISCHARGE,urn:ioos:sensor:GOA_RUNOFF_DISCHARGE:q,58.069320239858385,-154.46915010358515,1984-01-13T00:00:00Z,7.939011440760041
urn:ioos:station:GOA_RUNOFF_DISCHARGE,urn:ioos:sensor:GOA_RUNOFF_DISCHARGE:q,58.069320239858385,-154.46915010358515,1984-01-14T00:00:00Z,7.9382610374341125
urn:ioos:station:GOA_RUNOFF_DISCHARGE,urn:ioos:sensor:GOA_RUNOFF_DISCHARGE:q,58.069320239858385,-154.46915010358515,1984-01-15T00:00:00Z,5.392998728024501
urn:ioos:station:GOA_RUNOFF_DISCHARGE,urn:ioos:sensor:GOA_RUNOFF_DISCHARGE:q,58.069320239858385,-154.46915010358515,1984-01-16T00:00:00Z,3.8505549530557692
urn:ioos:station:GOA_RUNOFF_DISCHARGE,urn:ioos:sensor:GOA_RUNOFF_DISCHARGE:q,58.069320239858385,-154.46915010358515,1984-01-17T00:00:00Z,2.504400059296269
urn:ioos:station:GOA_RUNOFF_DISCHARGE,urn:ioos:sensor:GOA_RUNOFF_DISCHARGE:q,58.069320239858385,-154.46915010358515,1984-01-18T00:00:00Z,2.1588836625453305
urn:ioos:station:GOA_RUNOFF_DISCHARGE,urn:ioos:sensor:GOA_RUNOFF_DISCHARGE:q,58.069320239858385,-154.46915010358515,1984-01-19T00:00:00Z,1.4160880370963556
urn:ioos:station:GOA_RUNOFF_DISCHARGE,urn:ioos:sensor:GOA_RUNOFF_DISCHARGE:q,58.069320239858385,-154.46915010358515,1984-01-20T00:00:00Z,0.9201528069008446
urn:ioos:station:GOA_RUNOFF_DISCHARGE,urn:ioos:sensor:GOA_RUNOFF_DISCHARGE:q,58.069320239858385,-154.46915010358515,1984-01-21T00:00:00Z,0.597417610559437
urn:ioos:station:GOA_RUNOFF_DISCHARGE,urn:ioos:sensor:GOA_RUNOFF_DISCHARGE:q,58.069320239858385,-154.46915010358515,1984-01-22T00:00:00Z,0.3878516949078327
urn:ioos:station:GOA_RUNOFF_DISCHARGE,urn:ioos:sensor:GOA_RUNOFF_DISCHARGE:q,58.069320239858385,-154.46915010358515,1984-01-23T00:00:00Z,0.2517970861380086
urn:ioos:station:GOA_RUNOFF_DISCHARGE,urn:ioos:sensor:GOA_RUNOFF_DISCHARGE:q,58.069320239858385,-154.46915010358515,1984-01-24T00:00:00Z,0.16346903006528812
urn:ioos:station:GOA_RUNOFF_DISCHARGE,urn:ioos:sensor:GOA_RUNOFF_DISCHARGE:q,58.069320239858385,-154.46915010358515,1984-01-25T00:00:00Z,0.10612563250049009
urn:ioos:station:GOA_RUNOFF_DISCHARGE,urn:ioos:sensor:GOA_RUNOFF_DISCHARGE:q,58.069320239858385,-154.46915010358515,1984-01-26T00:00:00Z,0.06889775793612275
urn:ioos:station:GOA_RUNOFF_DISCHARGE,urn:ioos:sensor:GOA_RUNOFF_DISCHARGE:q,58.069320239858385,-154.46915010358515,1984-01-27T00:00:00Z,0.04472906700635679
urn:ioos:station:GOA_RUNOFF_DISCHARGE,urn:ioos:sensor:GOA_RUNOFF_DISCHARGE:q,58.069320239858385,-154.46915010358515,1984-01-28T00:00:00Z,0.02903853421788958
urn:ioos:station:GOA_RUNOFF_DISCHARGE,urn:ioos:sensor:GOA_RUNOFF_DISCHARGE:q,58.069320239858385,-154.46915010358515,1984-01-29T00:00:00Z,0.01885208903897907
urn:ioos:station:GOA_RUNOFF_DISCHARGE,urn:ioos:sensor:GOA_RUNOFF_DISCHARGE:q,58.069320239858385,-154.46915010358515,1984-01-30T00:00:00Z,0.012238953143032846
urn:ioos:station:GOA_RUNOFF_DISCHARGE,urn:ioos:sensor:GOA_RUNOFF_DISCHARGE:q,58.069320239858385,-154.46915010358515,1984-01-31T00:00:00Z,0.007945642623656995
urn:ioos:station:GOA_RUNOFF_DISCHARGE,urn:ioos:sensor:GOA_RUNOFF_DISCHARGE:q,58.069320239858385,-154.46915010358515,1984-02-01T00:00:00Z,0.005158386148565114
urn:ioos:station:GOA_RUNOFF_DISCHARGE,urn:ioos:sensor:GOA_RUNOFF_DISCHARGE:q,58.069320239858385,-154.46915010358515,1984-02-02T00:00:00Z,0.0033488726405376586
urn:ioos:station:GOA_RUNOFF_DISCHARGE,urn:ioos:sensor:GOA_RUNOFF_DISCHARGE:q,58.069320239858385,-154.46915010358515,1984-02-03T00:00:00Z,0.0021741194055638767
urn:ioos:station:GOA_RUNOFF_DISCHARGE,urn:ioos:sensor:GOA_RUNOFF_DISCHARGE:q,58.069320239858385,-154.46915010358515,1984-02-04T00:00:00Z,0.0014114587598486065
urn:ioos:station:GOA_RUNOFF_DISCHARGE,urn:ioos:sensor:GOA_RUNOFF_DISCHARGE:q,58.069320239858385,-154.46915010358515,1984-02-05T00:00:00Z,9.1633219799774E-4
urn:ioos:station:GOA_RUNOFF_DISCHARGE,urn:ioos:sensor:GOA_RUNOFF_DISCHARGE:q,58.069320239858385,-154.46915010358515,1984-02-06T00:00:00Z,5.948915119389003E-4
urn:ioos:station:GOA_RUNOFF_DISCHARGE,urn:ioos:sensor:GOA_RUNOFF_DISCHARGE:q,58.069320239858385,-154.46915010358515,1984-02-07T00:00:00Z,3.8620912335367394E-4
urn:ioos:station:GOA_RUNOFF_DISCHARGE,urn:ioos:sensor:GOA_RUNOFF_DISCHARGE:q,58.069320239858385,-154.46915010358515,1984-02-08T00:00:00Z,2.507305988498318E-4
urn:ioos:station:GOA_RUNOFF_DISCHARGE,urn:ioos:sensor:GOA_RUNOFF_DISCHARGE:q,58.069320239858385,-154.46915010358515,1984-02-09T00:00:00Z,1.6277664984151765E-4
urn:ioos:station:GOA_RUNOFF_DISCHARGE,urn:ioos:sensor:GOA_RUNOFF_DISCHARGE:q,58.069320239858385,-154.46915010358515,1984-02-10T00:00:00Z,1.0567612757317103E-4
urn:ioos:station:GOA_RUNOFF_DISCHARGE,urn:ioos:sensor:GOA_RUNOFF_DISCHARGE:q,58.069320239858385,-154.46915010358515,1984-02-11T00:00:00Z,6.860593185814139E-5
urn:ioos:station:GOA_RUNOFF_DISCHARGE,urn:ioos:sensor:GOA_RUNOFF_DISCHARGE:q,58.069320239858385,-154.46915010358515,1984-02-12T00:00:00Z,4.453961036781319E-5
urn:ioos:station:GOA_RUNOFF_DISCHARGE,urn:ioos:sensor:GOA_RUNOFF_DISCHARGE:q,58.069320239858385,-154.46915010358515,1984-02-13T00:00:00Z,2.8915532816143453E-5
urn:ioos:station:GOA_RUNOFF_DISCHARGE,urn:ioos:sensor:GOA_RUNOFF_DISCHARGE:q,58.069320239858385,-154.46915010358515,1984-02-14T00:00:00Z,1.8772236789459384E-5
urn:ioos:station:GOA_RUNOFF_DISCHARGE,urn:ioos:sensor:GOA_RUNOFF_DISCHARGE:q,58.069320239858385,-154.46915010358515,1984-02-15T00:00:00Z,1.218711275620846E-5
urn:ioos:station:GOA_RUNOFF_DISCHARGE,urn:ioos:sensor:GOA_RUNOFF_DISCHARGE:q,58.069320239858385,-154.46915010358515,1984-02-16T00:00:00Z,7.911987540111439E-6
urn:ioos:station:GOA_RUNOFF_DISCHARGE,urn:ioos:sensor:GOA_RUNOFF_DISCHARGE:q,58.069320239858385,-154.46915010358515,1984-02-17T00:00:00Z,5.1365369231241006E-6
urn:ioos:station:GOA_RUNOFF_DISCHARGE,urn:ioos:sensor:GOA_RUNOFF_DISCHARGE:q,58.069320239858385,-154.46915010358515,1984-02-18T00:00:00Z,3.3346881925469414E-6
urn:ioos:station:GOA_RUNOFF_DISCHARGE,urn:ioos:sensor:GOA_RUNOFF_DISCHARGE:q,58.069320239858385,-154.46915010358515,1984-02-19T00:00:00Z,2.1649107599608907E-6
urn:ioos:station:GOA_RUNOFF_DISCHARGE,urn:ioos:sensor:GOA_RUNOFF_DISCHARGE:q,58.069320239858385,-154.46915010358515,1984-02-20T00:00:00Z,1.405480567108466E-6
urn:ioos:station:GOA_RUNOFF_DISCHARGE,urn:ioos:sensor:GOA_RUNOFF_DISCHARGE:q,58.069320239858385,-154.46915010358515,1984-02-21T00:00:00Z,9.124511437194214E-7
urn:ioos:station:GOA_RUNOFF_DISCHARGE,urn:ioos:sensor:GOA_RUNOFF_DISCHARGE:q,58.069320239858385,-154.46915010358515,1984-02-22T00:00:00Z,5.923718254722176E-7
urn:ioos:station:GOA_RUNOFF_DISCHARGE,urn:ioos:sensor:GOA_RUNOFF_DISCHARGE:q,58.069320239858385,-154.46915010358515,1984-02-23T00:00:00Z,3.845733335530194E-7
urn:ioos:station:GOA_RUNOFF_DISCHARGE,urn:ioos:sensor:GOA_RUNOFF_DISCHARGE:q,58.069320239858385,-154.46915010358515,1984-02-24T00:00:00Z,2.4966861374561185E-7
urn:ioos:station:GOA_RUNOFF_DISCHARGE,urn:ioos:sensor:GOA_RUNOFF_DISCHARGE:q,58.069320239858385,-154.46915010358515,1984-02-25T00:00:00Z,1.6208721364382892E-7
urn:ioos:station:GOA_RUNOFF_DISCHARGE,urn:ioos:sensor:GOA_RUNOFF_DISCHARGE:q,58.069320239858385,-154.46915010358515,1984-02-26T00:00:00Z,1.0522854106291526E-7
urn:ioos:station:GOA_RUNOFF_DISCHARGE,urn:ioos:sensor:GOA_RUNOFF_DISCHARGE:q,58.069320239858385,-154.46915010358515,1984-02-27T00:00:00Z,6.831534861664641E-8
urn:ioos:station:GOA_RUNOFF_DISCHARGE,urn:ioos:sensor:GOA_RUNOFF_DISCHARGE:q,58.069320239858385,-154.46915010358515,1984-02-28T00:00:00Z,4.435096639086145E-8
urn:ioos:station:GOA_RUNOFF_DISCHARGE,urn:ioos:sensor:GOA_RUNOFF_DISCHARGE:q,58.069320239858385,-154.46915010358515,1984-02-29T00:00:00Z,2.879306303796509E-8
urn:ioos:station:GOA_RUNOFF_DISCHARGE,urn:ioos:sensor:GOA_RUNOFF_DISCHARGE:q,58.069320239858385,-154.46915010358515,1984-03-01T00:00:00Z,1.8692727201827083E-8
urn:ioos:station:GOA_RUNOFF_DISCHARGE,urn:ioos:sensor:GOA_RUNOFF_DISCHARGE:q,58.069320239858385,-154.46915010358515,1984-03-02T00:00:00Z,1.2135494033784724E-8
urn:ioos:station:GOA_RUNOFF_DISCHARGE,urn:ioos:sensor:GOA_RUNOFF_DISCHARGE:q,58.069320239858385,-154.46915010358515,1984-03-03T00:00:00Z,7.87847659176372E-9
urn:ioos:station:GOA_RUNOFF_DISCHARGE,urn:ioos:sensor:GOA_RUNOFF_DISCHARGE:q,58.069320239858385,-154.46915010358515,1984-03-04T00:00:00Z,5.114780821234264E-9
urn:ioos:station:GOA_RUNOFF_DISCHARGE,urn:ioos:sensor:GOA_RUNOFF_DISCHARGE:q,58.069320239858385,-154.46915010358515,1984-03-05T00:00:00Z,3.3205638302443606E-9
urn:ioos:station:GOA_RUNOFF_DISCHARGE,urn:ioos:sensor:GOA_RUNOFF_DISCHARGE:q,58.069320239858385,-154.46915010358515,1984-03-06T00:00:00Z,13.063929369941112
urn:ioos:station:GOA_RUNOFF_DISCHARGE,urn:ioos:sensor:GOA_RUNOFF_DISCHARGE:q,58.069320239858385,-154.46915010358515,1984-03-07T00:00:00Z,20.94381786927433
urn:ioos:station:GOA_RUNOFF_DISCHARGE,urn:ioos:sensor:GOA_RUNOFF_DISCHARGE:q,58.069320239858385,-154.46915010358515,1984-03-08T00:00:00Z,17.263792598265216
urn:ioos:station:GOA_RUNOFF_DISCHARGE,urn:ioos:sensor:GOA_RUNOFF_DISCHARGE:q,58.069320239858385,-154.46915010358515,1984-03-09T00:00:00Z,19.516546533523144
urn:ioos:station:GOA_RUNOFF_DISCHARGE,urn:ioos:sensor:GOA_RUNOFF_DISCHARGE:q,58.069320239858385,-154.46915010358515,1984-03-10T00:00:00Z,17.375413251193596
urn:ioos:station:GOA_RUNOFF_DISCHARGE,urn:ioos:sensor:GOA_RUNOFF_DISCHARGE:q,58.069320239858385,-154.46915010358515,1984-03-11T00:00:00Z,15.022483103072
urn:ioos:station:GOA_RUNOFF_DISCHARGE,urn:ioos:sensor:GOA_RUNOFF_DISCHARGE:q,58.069320239858385,-154.46915010358515,1984-03-12T00:00:00Z,11.562821714787686
urn:ioos:station:GOA_RUNOFF_DISCHARGE,urn:ioos:sensor:GOA_RUNOFF_DISCHARGE:q,58.069320239858385,-154.46915010358515,1984-03-13T00:00:00Z,9.018233505420511
urn:ioos:station:GOA_RUNOFF_DISCHARGE,urn:ioos:sensor:GOA_RUNOFF_DISCHARGE:q,58.069320239858385,-154.46915010358515,1984-03-14T00:00:00Z,6.571827625184925
urn:ioos:station:GOA_RUNOFF_DISCHARGE,urn:ioos:sensor:GOA_RUNOFF_DISCHARGE:q,58.069320239858385,-154.46915010358515,1984-03-15T00:00:00Z,4.662654745982332
urn:ioos:station:GOA_RUNOFF_DISCHARGE,urn:ioos:sensor:GOA_RUNOFF_DISCHARGE:q,58.069320239858385,-154.46915010358515,1984-03-16T00:00:00Z,3.344059282646277
urn:ioos:station:GOA_RUNOFF_DISCHARGE,urn:ioos:sensor:GOA_RUNOFF_DISCHARGE:q,58.069320239858385,-154.46915010358515,1984-03-17T00:00:00Z,3.5050610526177217
urn:ioos:station:GOA_RUNOFF_DISCHARGE,urn:ioos:sensor:GOA_RUNOFF_DISCHARGE:q,58.069320239858385,-154.46915010358515,1984-03-18T00:00:00Z,3.059533021292165
urn:ioos:station:GOA_RUNOFF_DISCHARGE,urn:ioos:sensor:GOA_RUNOFF_DISCHARGE:q,58.069320239858385,-154.46915010358515,1984-03-19T00:00:00Z,2.1957334124060783
urn:ioos:station:GOA_RUNOFF_DISCHARGE,urn:ioos:sensor:GOA_RUNOFF_DISCHARGE:q,58.069320239858385,-154.46915010358515,1984-03-20T00:00:00Z,1.5571470230254774
urn:ioos:station:GOA_RUNOFF_DISCHARGE,urn:ioos:sensor:GOA_RUNOFF_DISCHARGE:q,58.069320239858385,-154.46915010358515,1984-03-21T00:00:00Z,1.1024429298517773
urn:ioos:station:GOA_RUNOFF_DISCHARGE,urn:ioos:sensor:GOA_RUNOFF_DISCHARGE:q,58.069320239858385,-154.46915010358515,1984-03-22T00:00:00Z,0.7803343413367011
urn:ioos:station:GOA_RUNOFF_DISCHARGE,urn:ioos:sensor:GOA_RUNOFF_DISCHARGE:q,58.069320239858385,-154.46915010358515,1984-03-23T00:00:00Z,0.6894628534440306
urn:ioos:station:GOA_RUNOFF_DISCHARGE,urn:ioos:sensor:GOA_RUNOFF_DISCHARGE:q,58.069320239858385,-154.46915010358515,1984-03-24T00:00:00Z,0.4944866518256317
urn:ioos:station:GOA_RUNOFF_DISCHARGE,urn:ioos:sensor:GOA_RUNOFF_DISCHARGE:q,58.069320239858385,-154.46915010358515,1984-03-25T00:00:00Z,0.3506433196146724
urn:ioos:station:GOA_RUNOFF_DISCHARGE,urn:ioos:sensor:GOA_RUNOFF_DISCHARGE:q,58.069320239858385,-154.46915010358515,1984-03-26T00:00:00Z,0.248248473670764
urn:ioos:station:GOA_RUNOFF_DISCHARGE,urn:ioos:sensor:GOA_RUNOFF_DISCHARGE:q,58.069320239858385,-154.46915010358515,1984-03-27T00:00:00Z,0.2510578323004875
urn:ioos:station:GOA_RUNOFF_DISCHARGE,urn:ioos:sensor:GOA_RUNOFF_DISCHARGE:q,58.069320239858385,-154.46915010358515,1984-03-28T00:00:00Z,0.36699534349242524
urn:ioos:station:GOA_RUNOFF_DISCHARGE,urn:ioos:sensor:GOA_RUNOFF_DISCHARGE:q,58.069320239858385,-154.46915010358515,1984-03-29T00:00:00Z,0.26889979290113314
urn:ioos:station:GOA_RUNOFF_DISCHARGE,urn:ioos:sensor:GOA_RUNOFF_DISCHARGE:q,58.069320239858385,-154.46915010358515,1984-03-30T00:00:00Z,0.700380669295263
urn:ioos:station:GOA_RUNOFF_DISCHARGE,urn:ioos:sensor:GOA_RUNOFF_DISCHARGE:q,58.069320239858385,-154.46915010358515,1984-03-31T00:00:00Z,0.5199025848805329
urn:ioos:station:GOA_RUNOFF_DISCHARGE,urn:ioos:sensor:GOA_RUNOFF_DISCHARGE:q,58.069320239858385,-154.46915010358515,1984-04-01T00:00:00Z,0.9745559297928416
urn:ioos:station:GOA_RUNOFF_DISCHARGE,urn:ioos:sensor:GOA_RUNOFF_DISCHARGE:q,58.069320239858385,-154.46915010358515,1984-04-02T00:00:00Z,1.4470790103587738
urn:ioos:station:GOA_RUNOFF_DISCHARGE,urn:ioos:sensor:GOA_RUNOFF_DISCHARGE:q,58.069320239858385,-154.46915010358515,1984-04-03T00:00:00Z,1.0615746938774018
urn:ioos:station:GOA_RUNOFF_DISCHARGE,urn:ioos:sensor:GOA_RUNOFF_DISCHARGE:q,58.069320239858385,-154.46915010358515,1984-04-04T00:00:00Z,0.755106502453477
urn:ioos:station:GOA_RUNOFF_DISCHARGE,urn:ioos:sensor:GOA_RUNOFF_DISCHARGE:q,58.069320239858385,-154.46915010358515,1984-04-05T00:00:00Z,0.5348333614352088
urn:ioos:station:GOA_RUNOFF_DISCHARGE,urn:ioos:sensor:GOA_RUNOFF_DISCHARGE:q,58.069320239858385,-154.46915010358515,1984-04-06T00:00:00Z,0.9387250261027892
urn:ioos:station:GOA_RUNOFF_DISCHARGE,urn:ioos:sensor:GOA_RUNOFF_DISCHARGE:q,58.069320239858385,-154.46915010358515,1984-04-07T00:00:00Z,0.6909264951345303
urn:ioos:station:GOA_RUNOFF_DISCHARGE,urn:ioos:sensor:GOA_RUNOFF_DISCHARGE:q,58.069320239858385,-154.46915010358515,1984-04-08T00:00:00Z,0.49168102613671694
urn:ioos:station:GOA_RUNOFF_DISCHARGE,urn:ioos:sensor:GOA_RUNOFF_DISCHARGE:q,58.069320239858385,-154.46915010358515,1984-04-09T00:00:00Z,0.48491052396869716
urn:ioos:station:GOA_RUNOFF_DISCHARGE,urn:ioos:sensor:GOA_RUNOFF_DISCHARGE:q,58.069320239858385,-154.46915010358515,1984-04-10T00:00:00Z,0.5913140056670063
urn:ioos:station:GOA_RUNOFF_DISCHARGE,urn:ioos:sensor:GOA_RUNOFF_DISCHARGE:q,58.069320239858385,-154.46915010358515,1984-04-11T00:00:00Z,0.3915521410424224
urn:ioos:station:GOA_RUNOFF_DISCHARGE,urn:ioos:sensor:GOA_RUNOFF_DISCHARGE:q,58.069320239858385,-154.46915010358515,1984-04-12T00:00:00Z,1.0791636531813829
urn:ioos:station:GOA_RUNOFF_DISCHARGE,urn:ioos:sensor:GOA_RUNOFF_DISCHARGE:q,58.069320239858385,-154.46915010358515,1984-04-13T00:00:00Z,0.7231014848649274
urn:ioos:station:GOA_RUNOFF_DISCHARGE,urn:ioos:sensor:GOA_RUNOFF_DISCHARGE:q,58.069320239858385,-154.46915010358515,1984-04-14T00:00:00Z,0.47070719397620886
urn:ioos:station:GOA_RUNOFF_DISCHARGE,urn:ioos:sensor:GOA_RUNOFF_DISCHARGE:q,58.069320239858385,-154.46915010358515,1984-04-15T00:00:00Z,1.704951613887445
urn:ioos:station:GOA_RUNOFF_DISCHARGE,urn:ioos:sensor:GOA_RUNOFF_DISCHARGE:q,58.069320239858385,-154.46915010358515,1984-04-16T00:00:00Z,1.1625249903963566
urn:ioos:station:GOA_RUNOFF_DISCHARGE,urn:ioos:sensor:GOA_RUNOFF_DISCHARGE:q,58.069320239858385,-154.46915010358515,1984-04-17T00:00:00Z,0.7578462507816872
urn:ioos:station:GOA_RUNOFF_DISCHARGE,urn:ioos:sensor:GOA_RUNOFF_DISCHARGE:q,58.069320239858385,-154.46915010358515,1984-04-18T00:00:00Z,0.5399337097071054
urn:ioos:station:GOA_RUNOFF_DISCHARGE,urn:ioos:sensor:GOA_RUNOFF_DISCHARGE:q,58.069320239858385,-154.46915010358515,1984-04-19T00:00:00Z,0.38251553002273025
urn:ioos:station:GOA_RUNOFF_DISCHARGE,urn:ioos:sensor:GOA_RUNOFF_DISCHARGE:q,58.069320239858385,-154.46915010358515,1984-04-20T00:00:00Z,0.27077802124683037
urn:ioos:station:GOA_RUNOFF_DISCHARGE,urn:ioos:sensor:GOA_RUNOFF_DISCHARGE:q,58.069320239858385,-154.46915010358515,1984-04-21T00:00:00Z,0.19165899859195146
urn:ioos:station:GOA_RUNOFF_DISCHARGE,urn:ioos:sensor:GOA_RUNOFF_DISCHARGE:q,58.069320239858385,-154.46915010358515,1984-04-22T00:00:00Z,0.12360603229456328
urn:ioos:station:GOA_RUNOFF_DISCHARGE,urn:ioos:sensor:GOA_RUNOFF_DISCHARGE:q,58.069320239858385,-154.46915010358515,1984-04-23T00:00:00Z,0.08020012835818255
urn:ioos:station:GOA_RUNOFF_DISCHARGE,urn:ioos:sensor:GOA_RUNOFF_DISCHARGE:q,58.069320239858385,-154.46915010358515,1984-04-24T00:00:00Z,0.3759469026625009
urn:ioos:station:GOA_RUNOFF_DISCHARGE,urn:ioos:sensor:GOA_RUNOFF_DISCHARGE:q,58.069320239858385,-154.46915010358515,1984-04-25T00:00:00Z,0.27687156199928326
urn:ioos:station:GOA_RUNOFF_DISCHARGE,urn:ioos:sensor:GOA_RUNOFF_DISCHARGE:q,58.069320239858385,-154.46915010358515,1984-04-26T00:00:00Z,0.1970447441666505
urn:ioos:station:GOA_RUNOFF_DISCHARGE,urn:ioos:sensor:GOA_RUNOFF_DISCHARGE:q,58.069320239858385,-154.46915010358515,1984-04-27T00:00:00Z,1.5347876613720097
urn:ioos:station:GOA_RUNOFF_DISCHARGE,urn:ioos:sensor:GOA_RUNOFF_DISCHARGE:q,58.069320239858385,-154.46915010358515,1984-04-28T00:00:00Z,2.86194303754201
urn:ioos:station:GOA_RUNOFF_DISCHARGE,urn:ioos:sensor:GOA_RUNOFF_DISCHARGE:q,58.069320239858385,-154.46915010358515,1984-04-29T00:00:00Z,2.682298007380542
urn:ioos:station:GOA_RUNOFF_DISCHARGE,urn:ioos:sensor:GOA_RUNOFF_DISCHARGE:q,58.069320239858385,-154.46915010358515,1984-04-30T00:00:00Z,5.049353471965124
urn:ioos:station:GOA_RUNOFF_DISCHARGE,urn:ioos:sensor:GOA_RUNOFF_DISCHARGE:q,58.069320239858385,-154.46915010358515,1984-05-01T00:00:00Z,3.7248352951414687
urn:ioos:station:GOA_RUNOFF_DISCHARGE,urn:ioos:sensor:GOA_RUNOFF_DISCHARGE:q,58.069320239858385,-154.46915010358515,1984-05-02T00:00:00Z,2.6514930562609815
urn:ioos:station:GOA_RUNOFF_DISCHARGE,urn:ioos:sensor:GOA_RUNOFF_DISCHARGE:q,58.069320239858385,-154.46915010358515,1984-05-03T00:00:00Z,1.8782199260245354
urn:ioos:station:GOA_RUNOFF_DISCHARGE,urn:ioos:sensor:GOA_RUNOFF_DISCHARGE:q,58.069320239858385,-154.46915010358515,1984-05-04T00:00:00Z,1.3295460369762349
urn:ioos:station:GOA_RUNOFF_DISCHARGE,urn:ioos:sensor:GOA_RUNOFF_DISCHARGE:q,58.069320239858385,-154.46915010358515,1984-05-05T00:00:00Z,0.8575272158682761
urn:ioos:station:GOA_RUNOFF_DISCHARGE,urn:ioos:sensor:GOA_RUNOFF_DISCHARGE:q,58.069320239858385,-154.46915010358515,1984-05-06T00:00:00Z,0.6104195585090828
urn:ioos:station:GOA_RUNOFF_DISCHARGE,urn:ioos:sensor:GOA_RUNOFF_DISCHARGE:q,58.069320239858385,-154.46915010358515,1984-05-07T00:00:00Z,0.4323982753760623
urn:ioos:station:GOA_RUNOFF_DISCHARGE,urn:ioos:sensor:GOA_RUNOFF_DISCHARGE:q,58.069320239858385,-154.46915010358515,1984-05-08T00:00:00Z,0.30608417541614374
urn:ioos:station:GOA_RUNOFF_DISCHARGE,urn:ioos:sensor:GOA_RUNOFF_DISCHARGE:q,58.069320239858385,-154.46915010358515,1984-05-09T00:00:00Z,0.21664845549295592
urn:ioos:station:GOA_RUNOFF_DISCHARGE,urn:ioos:sensor:GOA_RUNOFF_DISCHARGE:q,58.069320239858385,-154.46915010358515,1984-05-10T00:00:00Z,0.15334317322907498
urn:ioos:station:GOA_RUNOFF_DISCHARGE,urn:ioos:sensor:GOA_RUNOFF_DISCHARGE:q,58.069320239858385,-154.46915010358515,1984-05-11T00:00:00Z,0.10853564046470485
urn:ioos:station:GOA_RUNOFF_DISCHARGE,urn:ioos:sensor:GOA_RUNOFF_DISCHARGE:q,58.069320239858385,-154.46915010358515,1984-05-12T00:00:00Z,0.07682105224894664
urn:ioos:station:GOA_RUNOFF_DISCHARGE,urn:ioos:sensor:GOA_RUNOFF_DISCHARGE:q,58.069320239858385,-154.46915010358515,1984-05-13T00:00:00Z,0.054373596481326815
urn:ioos:station:GOA_RUNOFF_DISCHARGE,urn:ioos:sensor:GOA_RUNOFF_DISCHARGE:q,58.069320239858385,-154.46915010358515,1984-05-14T00:00:00Z,0.03848538638789494
urn:ioos:station:GOA_RUNOFF_DISCHARGE,urn:ioos:sensor:GOA_RUNOFF_DISCHARGE:q,58.069320239858385,-154.46915010358515,1984-05-15T00:00:00Z,0.02723978708877375
urn:ioos:station:GOA_RUNOFF_DISCHARGE,urn:ioos:sensor:GOA_RUNOFF_DISCHARGE:q,58.069320239858385,-154.46915010358515,1984-05-16T00:00:00Z,0.5408158019757496
urn:ioos:station:GOA_RUNOFF_DISCHARGE,urn:ioos:sensor:GOA_RUNOFF_DISCHARGE:q,58.069320239858385,-154.46915010358515,1984-05-17T00:00:00Z,1.4152593571261558
urn:ioos:station:GOA_RUNOFF_DISCHARGE,urn:ioos:sensor:GOA_RUNOFF_DISCHARGE:q,58.069320239858385,-154.46915010358515,1984-05-18T00:00:00Z,3.3800210201560414
urn:ioos:station:GOA_RUNOFF_DISCHARGE,urn:ioos:sensor:GOA_RUNOFF_DISCHARGE:q,58.069320239858385,-154.46915010358515,1984-05-19T00:00:00Z,3.1759102630445715
urn:ioos:station:GOA_RUNOFF_DISCHARGE,urn:ioos:sensor:GOA_RUNOFF_DISCHARGE:q,58.069320239858385,-154.46915010358515,1984-05-20T00:00:00Z,2.3240372520404353
urn:ioos:station:GOA_RUNOFF_DISCHARGE,urn:ioos:sensor:GOA_RUNOFF_DISCHARGE:q,58.069320239858385,-154.46915010358515,1984-05-21T00:00:00Z,1.650811013757876
urn:ioos:station:GOA_RUNOFF_DISCHARGE,urn:ioos:sensor:GOA_RUNOFF_DISCHARGE:q,58.069320239858385,-154.46915010358515,1984-05-22T00:00:00Z,1.169022741215239
urn:ioos:station:GOA_RUNOFF_DISCHARGE,urn:ioos:sensor:GOA_RUNOFF_DISCHARGE:q,58.069320239858385,-154.46915010358515,1984-05-23T00:00:00Z,0.8274875998378787
urn:ioos:station:GOA_RUNOFF_DISCHARGE,urn:ioos:sensor:GOA_RUNOFF_DISCHARGE:q,58.069320239858385,-154.46915010358515,1984-05-24T00:00:00Z,0.5856978866659195
urn:ioos:station:GOA_RUNOFF_DISCHARGE,urn:ioos:sensor:GOA_RUNOFF_DISCHARGE:q,58.069320239858385,-154.46915010358515,1984-05-25T00:00:00Z,0.4145549498675438
urn:ioos:station:GOA_RUNOFF_DISCHARGE,urn:ioos:sensor:GOA_RUNOFF_DISCHARGE:q,58.069320239858385,-154.46915010358515,1984-05-26T00:00:00Z,0.2934201983894132
urn:ioos:station:GOA_RUNOFF_DISCHARGE,urn:ioos:sensor:GOA_RUNOFF_DISCHARGE:q,58.069320239858385,-154.46915010358515,1984-05-27T00:00:00Z,0.20768153699814285
urn:ioos:station:GOA_RUNOFF_DISCHARGE,urn:ioos:sensor:GOA_RUNOFF_DISCHARGE:q,58.069320239858385,-154.46915010358515,1984-05-28T00:00:00Z,0.14699605561639664
urn:ioos:station:GOA_RUNOFF_DISCHARGE,urn:ioos:sensor:GOA_RUNOFF_DISCHARGE:q,58.069320239858385,-154.46915010358515,1984-05-29T00:00:00Z,0.10404315309172996
urn:ioos:station:GOA_RUNOFF_DISCHARGE,urn:ioos:sensor:GOA_RUNOFF_DISCHARGE:q,58.069320239858385,-154.46915010358515,1984-05-30T00:00:00Z,0.07364128557848718
urn:ioos:station:GOA_RUNOFF_DISCHARGE,urn:ioos:sensor:GOA_RUNOFF_DISCHARGE:q,58.069320239858385,-154.46915010358515,1984-05-31T00:00:00Z,0.05212297440060883
urn:ioos:station:GOA_RUNOFF_DISCHARGE,urn:ioos:sensor:GOA_RUNOFF_DISCHARGE:q,58.069320239858385,-154.46915010358515,1984-06-01T00:00:00Z,0.03689241145410992
urn:ioos:station:GOA_RUNOFF_DISCHARGE,urn:ioos:sensor:GOA_RUNOFF_DISCHARGE:q,58.069320239858385,-154.46915010358515,1984-06-02T00:00:00Z,0.026112282740131193
urn:ioos:station:GOA_RUNOFF_DISCHARGE,urn:ioos:sensor:GOA_RUNOFF_DISCHARGE:q,58.069320239858385,-154.46915010358515,1984-06-03T00:00:00Z,0.018482157893764943
urn:ioos:station:GOA_RUNOFF_DISCHARGE,urn:ioos:sensor:GOA_RUNOFF_DISCHARGE:q,58.069320239858385,-154.46915010358515,1984-06-04T00:00:00Z,0.013081589501790558
urn:ioos:station:GOA_RUNOFF_DISCHARGE,urn:ioos:sensor:GOA_RUNOFF_DISCHARGE:q,58.069320239858385,-154.46915010358515,1984-06-05T00:00:00Z,0.009259091002960015
urn:ioos:station:GOA_RUNOFF_DISCHARGE,urn:ioos:sensor:GOA_RUNOFF_DISCHARGE:q,58.069320239858385,-154.46915010358515,1984-06-06T00:00:00Z,0.006553543997663546
urn:ioos:station:GOA_RUNOFF_DISCHARGE,urn:ioos:sensor:GOA_RUNOFF_DISCHARGE:q,58.069320239858385,-154.46915010358515,1984-06-07T00:00:00Z,0.0046385690019840175
urn:ioos:station:GOA_RUNOFF_DISCHARGE,urn:ioos:sensor:GOA_RUNOFF_DISCHARGE:q,58.069320239858385,-154.46915010358515,1984-06-08T00:00:00Z,0.0032831586987727623
urn:ioos:station:GOA_RUNOFF_DISCHARGE,urn:ioos:sensor:GOA_RUNOFF_DISCHARGE:q,58.069320239858385,-154.46915010358515,1984-06-09T00:00:00Z,0.0023238049874766335
urn:ioos:station:GOA_RUNOFF_DISCHARGE,urn:ioos:sensor:GOA_RUNOFF_DISCHARGE:q,58.069320239858385,-154.46915010358515,1984-06-10T00:00:00Z,0.0016447789945833226
urn:ioos:station:GOA_RUNOFF_DISCHARGE,urn:ioos:sensor:GOA_RUNOFF_DISCHARGE:q,58.069320239858385,-154.46915010358515,1984-06-11T00:00:00Z,0.001164167233570948
urn:ioos:station:GOA_RUNOFF_DISCHARGE,urn:ioos:sensor:GOA_RUNOFF_DISCHARGE:q,58.069320239858385,-154.46915010358515,1984-06-12T00:00:00Z,8.239924032663507E-4
urn:ioos:station:GOA_RUNOFF_DISCHARGE,urn:ioos:sensor:GOA_RUNOFF_DISCHARGE:q,58.069320239858385,-154.46915010358515,1984-06-13T00:00:00Z,5.832181707599446E-4
urn:ioos:station:GOA_RUNOFF_DISCHARGE,urn:ioos:sensor:GOA_RUNOFF_DISCHARGE:q,58.069320239858385,-154.46915010358515,1984-06-14T00:00:00Z,4.127991963086294E-4
urn:ioos:station:GOA_RUNOFF_DISCHARGE,urn:ioos:sensor:GOA_RUNOFF_DISCHARGE:q,58.069320239858385,-154.46915010358515,1984-06-15T00:00:00Z,2.9217745439628505E-4
urn:ioos:station:GOA_RUNOFF_DISCHARGE,urn:ioos:sensor:GOA_RUNOFF_DISCHARGE:q,58.069320239858385,-154.46915010358515,1984-06-16T00:00:00Z,2.0680189845459867E-4
urn:ioos:station:GOA_RUNOFF_DISCHARGE,urn:ioos:sensor:GOA_RUNOFF_DISCHARGE:q,58.069320239858385,-154.46915010358515,1984-06-17T00:00:00Z,1.4637345772083762E-4
urn:ioos:station:GOA_RUNOFF_DISCHARGE,urn:ioos:sensor:GOA_RUNOFF_DISCHARGE:q,58.069320239858385,-154.46915010358515,1984-06-18T00:00:00Z,1.0360248479946866E-4
urn:ioos:station:GOA_RUNOFF_DISCHARGE,urn:ioos:sensor:GOA_RUNOFF_DISCHARGE:q,58.069320239858385,-154.46915010358515,1984-06-19T00:00:00Z,7.332938318828686E-5
urn:ioos:station:GOA_RUNOFF_DISCHARGE,urn:ioos:sensor:GOA_RUNOFF_DISCHARGE:q,58.069320239858385,-154.46915010358515,1984-06-20T00:00:00Z,5.190220691164544E-5
urn:ioos:station:GOA_RUNOFF_DISCHARGE,urn:ioos:sensor:GOA_RUNOFF_DISCHARGE:q,58.069320239858385,-154.46915010358515,1984-06-21T00:00:00Z,3.673615124689935E-5
urn:ioos:station:GOA_RUNOFF_DISCHARGE,urn:ioos:sensor:GOA_RUNOFF_DISCHARGE:q,58.069320239858385,-154.46915010358515,1984-06-22T00:00:00Z,2.60016860820979E-5
urn:ioos:station:GOA_RUNOFF_DISCHARGE,urn:ioos:sensor:GOA_RUNOFF_DISCHARGE:q,58.069320239858385,-154.46915010358515,1984-06-23T00:00:00Z,1.8403879723864156E-5
urn:ioos:station:GOA_RUNOFF_DISCHARGE,urn:ioos:sensor:GOA_RUNOFF_DISCHARGE:q,58.069320239858385,-154.46915010358515,1984-06-24T00:00:00Z,1.302618353564315E-5
urn:ioos:station:GOA_RUNOFF_DISCHARGE,urn:ioos:sensor:GOA_RUNOFF_DISCHARGE:q,58.069320239858385,-154.46915010358515,1984-06-25T00:00:00Z,1.2206737493848046
urn:ioos:station:GOA_RUNOFF_DISCHARGE,urn:ioos:sensor:GOA_RUNOFF_DISCHARGE:q,58.069320239858385,-154.46915010358515,1984-06-26T00:00:00Z,2.8684146084412117
urn:ioos:station:GOA_RUNOFF_DISCHARGE,urn:ioos:sensor:GOA_RUNOFF_DISCHARGE:q,58.069320239858385,-154.46915010358515,1984-06-27T00:00:00Z,3.244337732106314
urn:ioos:station:GOA_RUNOFF_DISCHARGE,urn:ioos:sensor:GOA_RUNOFF_DISCHARGE:q,58.069320239858385,-154.46915010358515,1984-06-28T00:00:00Z,2.358903116530392
urn:ioos:station:GOA_RUNOFF_DISCHARGE,urn:ioos:sensor:GOA_RUNOFF_DISCHARGE:q,58.069320239858385,-154.46915010358515,1984-06-29T00:00:00Z,1.6758700645157205
urn:ioos:station:GOA_RUNOFF_DISCHARGE,urn:ioos:sensor:GOA_RUNOFF_DISCHARGE:q,58.069320239858385,-154.46915010358515,1984-06-30T00:00:00Z,2.218793185579048
urn:ioos:station:GOA_RUNOFF_DISCHARGE,urn:ioos:sensor:GOA_RUNOFF_DISCHARGE:q,58.069320239858385,-154.46915010358515,1984-07-01T00:00:00Z,2.425028857578384
urn:ioos:station:GOA_RUNOFF_DISCHARGE,urn:ioos:sensor:GOA_RUNOFF_DISCHARGE:q,58.069320239858385,-154.46915010358515,1984-07-02T00:00:00Z,1.7594199234638737
urn:ioos:station:GOA_RUNOFF_DISCHARGE,urn:ioos:sensor:GOA_RUNOFF_DISCHARGE:q,58.069320239858385,-154.46915010358515,1984-07-03T00:00:00Z,1.2496029553043158
urn:ioos:station:GOA_RUNOFF_DISCHARGE,urn:ioos:sensor:GOA_RUNOFF_DISCHARGE:q,58.069320239858385,-154.46915010358515,1984-07-04T00:00:00Z,0.884892204476202
urn:ioos:station:GOA_RUNOFF_DISCHARGE,urn:ioos:sensor:GOA_RUNOFF_DISCHARGE:q,58.069320239858385,-154.46915010358515,1984-07-05T00:00:00Z,0.6263655634063579
urn:ioos:station:GOA_RUNOFF_DISCHARGE,urn:ioos:sensor:GOA_RUNOFF_DISCHARGE:q,58.069320239858385,-154.46915010358515,1984-07-06T00:00:00Z,0.4433429947125949
urn:ioos:station:GOA_RUNOFF_DISCHARGE,urn:ioos:sensor:GOA_RUNOFF_DISCHARGE:q,58.069320239858385,-154.46915010358515,1984-07-07T00:00:00Z,0.3137966284631333
urn:ioos:station:GOA_RUNOFF_DISCHARGE,urn:ioos:sensor:GOA_RUNOFF_DISCHARGE:q,58.069320239858385,-154.46915010358515,1984-07-08T00:00:00Z,0.22210391003720723
urn:ioos:station:GOA_RUNOFF_DISCHARGE,urn:ioos:sensor:GOA_RUNOFF_DISCHARGE:q,58.069320239858385,-154.46915010358515,1984-07-09T00:00:00Z,0.157204168707788
urn:ioos:station:GOA_RUNOFF_DISCHARGE,urn:ioos:sensor:GOA_RUNOFF_DISCHARGE:q,58.069320239858385,-154.46915010358515,1984-07-10T00:00:00Z,0.11126840802915598
urn:ioos:station:GOA_RUNOFF_DISCHARGE,urn:ioos:sensor:GOA_RUNOFF_DISCHARGE:q,58.069320239858385,-154.46915010358515,1984-07-11T00:00:00Z,0.07875528292911192
urn:ioos:station:GOA_RUNOFF_DISCHARGE,urn:ioos:sensor:GOA_RUNOFF_DISCHARGE:q,58.069320239858385,-154.46915010358515,1984-07-12T00:00:00Z,2.1792853187476875
urn:ioos:station:GOA_RUNOFF_DISCHARGE,urn:ioos:sensor:GOA_RUNOFF_DISCHARGE:q,58.069320239858385,-154.46915010358515,1984-07-13T00:00:00Z,3.116854678999037
urn:ioos:station:GOA_RUNOFF_DISCHARGE,urn:ioos:sensor:GOA_RUNOFF_DISCHARGE:q,58.069320239858385,-154.46915010358515,1984-07-14T00:00:00Z,2.2858511422594954
urn:ioos:station:GOA_RUNOFF_DISCHARGE,urn:ioos:sensor:GOA_RUNOFF_DISCHARGE:q,58.069320239858385,-154.46915010358515,1984-07-15T00:00:00Z,1.625879442106417
urn:ioos:station:GOA_RUNOFF_DISCHARGE,urn:ioos:sensor:GOA_RUNOFF_DISCHARGE:q,58.069320239858385,-154.46915010358515,1984-07-16T00:00:00Z,1.1515855991339299
urn:ioos:station:GOA_RUNOFF_DISCHARGE,urn:ioos:sensor:GOA_RUNOFF_DISCHARGE:q,58.069320239858385,-154.46915010358515,1984-07-17T00:00:00Z,0.8151665929147061
urn:ioos:station:GOA_RUNOFF_DISCHARGE,urn:ioos:sensor:GOA_RUNOFF_DISCHARGE:q,58.069320239858385,-154.46915010358515,1984-07-18T00:00:00Z,0.5769792498465723
urn:ioos:station:GOA_RUNOFF_DISCHARGE,urn:ioos:sensor:GOA_RUNOFF_DISCHARGE:q,58.069320239858385,-154.46915010358515,1984-07-19T00:00:00Z,0.408384119151209
urn:ioos:station:GOA_RUNOFF_DISCHARGE,urn:ioos:sensor:GOA_RUNOFF_DISCHARGE:q,58.069320239858385,-154.46915010358515,1984-07-20T00:00:00Z,0.2890525260857711
urn:ioos:station:GOA_RUNOFF_DISCHARGE,urn:ioos:sensor:GOA_RUNOFF_DISCHARGE:q,58.069320239858385,-154.46915010358515,1984-07-21T00:00:00Z,0.2045901193342697
urn:ioos:station:GOA_RUNOFF_DISCHARGE,urn:ioos:sensor:GOA_RUNOFF_DISCHARGE:q,58.069320239858385,-154.46915010358515,1984-07-22T00:00:00Z,0.1448079602942255
urn:ioos:station:GOA_RUNOFF_DISCHARGE,urn:ioos:sensor:GOA_RUNOFF_DISCHARGE:q,58.069320239858385,-154.46915010358515,1984-07-23T00:00:00Z,0.10249443488460395
urn:ioos:station:GOA_RUNOFF_DISCHARGE,urn:ioos:sensor:GOA_RUNOFF_DISCHARGE:q,58.069320239858385,-154.46915010358515,1984-07-24T00:00:00Z,0.07254510833222655
urn:ioos:station:GOA_RUNOFF_DISCHARGE,urn:ioos:sensor:GOA_RUNOFF_DISCHARGE:q,58.069320239858385,-154.46915010358515,1984-07-25T00:00:00Z,0.05134710649828281
urn:ioos:station:GOA_RUNOFF_DISCHARGE,urn:ioos:sensor:GOA_RUNOFF_DISCHARGE:q,58.069320239858385,-154.46915010358515,1984-07-26T00:00:00Z,0.036343253927223804
urn:ioos:station:GOA_RUNOFF_DISCHARGE,urn:ioos:sensor:GOA_RUNOFF_DISCHARGE:q,58.069320239858385,-154.46915010358515,1984-07-27T00:00:00Z,0.025723594389586674
urn:ioos:station:GOA_RUNOFF_DISCHARGE,urn:ioos:sensor:GOA_RUNOFF_DISCHARGE:q,58.069320239858385,-154.46915010358515,1984-07-28T00:00:00Z,0.018207044678443977
urn:ioos:station:GOA_RUNOFF_DISCHARGE,urn:ioos:sensor:GOA_RUNOFF_DISCHARGE:q,58.069320239858385,-154.46915010358515,1984-07-29T00:00:00Z,0.012886866071243399
urn:ioos:station:GOA_RUNOFF_DISCHARGE,urn:ioos:sensor:GOA_RUNOFF_DISCHARGE:q,58.069320239858385,-154.46915010358515,1984-07-30T00:00:00Z,0.009121267169360577
urn:ioos:station:GOA_RUNOFF_DISCHARGE,urn:ioos:sensor:GOA_RUNOFF_DISCHARGE:q,58.069320239858385,-154.46915010358515,1984-07-31T00:00:00Z,0.00645599214085648
urn:ioos:station:GOA_RUNOFF_DISCHARGE,urn:ioos:sensor:GOA_RUNOFF_DISCHARGE:q,58.069320239858385,-154.46915010358515,1984-08-01T00:00:00Z,0.004569522444422749
urn:ioos:station:GOA_RUNOFF_DISCHARGE,urn:ioos:sensor:GOA_RUNOFF_DISCHARGE:q,58.069320239858385,-154.46915010358515,1984-08-02T00:00:00Z,0.5081049790148995
urn:ioos:station:GOA_RUNOFF_DISCHARGE,urn:ioos:sensor:GOA_RUNOFF_DISCHARGE:q,58.069320239858385,-154.46915010358515,1984-08-03T00:00:00Z,0.38351750395875733
urn:ioos:station:GOA_RUNOFF_DISCHARGE,urn:ioos:sensor:GOA_RUNOFF_DISCHARGE:q,58.069320239858385,-154.46915010358515,1984-08-04T00:00:00Z,0.2738369113471804
urn:ioos:station:GOA_RUNOFF_DISCHARGE,urn:ioos:sensor:GOA_RUNOFF_DISCHARGE:q,58.069320239858385,-154.46915010358515,1984-08-05T00:00:00Z,0.19405870396842748
urn:ioos:station:GOA_RUNOFF_DISCHARGE,urn:ioos:sensor:GOA_RUNOFF_DISCHARGE:q,58.069320239858385,-154.46915010358515,1984-08-06T00:00:00Z,0.13737767317176114
urn:ioos:station:GOA_RUNOFF_DISCHARGE,urn:ioos:sensor:GOA_RUNOFF_DISCHARGE:q,58.069320239858385,-154.46915010358515,1984-08-07T00:00:00Z,0.09723767310388534
urn:ioos:station:GOA_RUNOFF_DISCHARGE,urn:ioos:sensor:GOA_RUNOFF_DISCHARGE:q,58.069320239858385,-154.46915010358515,1984-08-08T00:00:00Z,0.06882463669688847
urn:ioos:station:GOA_RUNOFF_DISCHARGE,urn:ioos:sensor:GOA_RUNOFF_DISCHARGE:q,58.069320239858385,-154.46915010358515,1984-08-09T00:00:00Z,0.0487137922059736
urn:ioos:station:GOA_RUNOFF_DISCHARGE,urn:ioos:sensor:GOA_RUNOFF_DISCHARGE:q,58.069320239858385,-154.46915010358515,1984-08-10T00:00:00Z,0.03447941055937889
urn:ioos:station:GOA_RUNOFF_DISCHARGE,urn:ioos:sensor:GOA_RUNOFF_DISCHARGE:q,58.069320239858385,-154.46915010358515,1984-08-11T00:00:00Z,0.02440437393000226
urn:ioos:station:GOA_RUNOFF_DISCHARGE,urn:ioos:sensor:GOA_RUNOFF_DISCHARGE:q,58.069320239858385,-154.46915010358515,1984-08-12T00:00:00Z,0.01727330791372078
urn:ioos:station:GOA_RUNOFF_DISCHARGE,urn:ioos:sensor:GOA_RUNOFF_DISCHARGE:q,58.069320239858385,-154.46915010358515,1984-08-13T00:00:00Z,0.012225970073567996
urn:ioos:station:GOA_RUNOFF_DISCHARGE,urn:ioos:sensor:GOA_RUNOFF_DISCHARGE:q,58.069320239858385,-154.46915010358515,1984-08-14T00:00:00Z,0.008653488163222391
urn:ioos:station:GOA_RUNOFF_DISCHARGE,urn:ioos:sensor:GOA_RUNOFF_DISCHARGE:q,58.069320239858385,-154.46915010358515,1984-08-15T00:00:00Z,0.006124900230285107
urn:ioos:station:GOA_RUNOFF_DISCHARGE,urn:ioos:sensor:GOA_RUNOFF_DISCHARGE:q,58.069320239858385,-154.46915010358515,1984-08-16T00:00:00Z,0.004335177115569326
urn:ioos:station:GOA_RUNOFF_DISCHARGE,urn:ioos:sensor:GOA_RUNOFF_DISCHARGE:q,58.069320239858385,-154.46915010358515,1984-08-17T00:00:00Z,0.0030684192745539284
urn:ioos:station:GOA_RUNOFF_DISCHARGE,urn:ioos:sensor:GOA_RUNOFF_DISCHARGE:q,58.069320239858385,-154.46915010358515,1984-08-18T00:00:00Z,0.0021718135540483292
urn:ioos:station:GOA_RUNOFF_DISCHARGE,urn:ioos:sensor:GOA_RUNOFF_DISCHARGE:q,58.069320239858385,-154.46915010358515,1984-08-19T00:00:00Z,3.2135725113171234
urn:ioos:station:GOA_RUNOFF_DISCHARGE,urn:ioos:sensor:GOA_RUNOFF_DISCHARGE:q,58.069320239858385,-154.46915010358515,1984-08-20T00:00:00Z,2.426499142916843
urn:ioos:station:GOA_RUNOFF_DISCHARGE,urn:ioos:sensor:GOA_RUNOFF_DISCHARGE:q,58.069320239858385,-154.46915010358515,1984-08-21T00:00:00Z,1.7326386549746613
urn:ioos:station:GOA_RUNOFF_DISCHARGE,urn:ioos:sensor:GOA_RUNOFF_DISCHARGE:q,58.069320239858385,-154.46915010358515,1984-08-22T00:00:00Z,2.551747562276888
urn:ioos:station:GOA_RUNOFF_DISCHARGE,urn:ioos:sensor:GOA_RUNOFF_DISCHARGE:q,58.069320239858385,-154.46915010358515,1984-08-23T00:00:00Z,1.8688935598636518
urn:ioos:station:GOA_RUNOFF_DISCHARGE,urn:ioos:sensor:GOA_RUNOFF_DISCHARGE:q,58.069320239858385,-154.46915010358515,1984-08-24T00:00:00Z,1.3290634844868408
urn:ioos:station:GOA_RUNOFF_DISCHARGE,urn:ioos:sensor:GOA_RUNOFF_DISCHARGE:q,58.069320239858385,-154.46915010358515,1984-08-25T00:00:00Z,6.331545954321015
urn:ioos:station:GOA_RUNOFF_DISCHARGE,urn:ioos:sensor:GOA_RUNOFF_DISCHARGE:q,58.069320239858385,-154.46915010358515,1984-08-26T00:00:00Z,4.736488434236866
urn:ioos:station:GOA_RUNOFF_DISCHARGE,urn:ioos:sensor:GOA_RUNOFF_DISCHARGE:q,58.069320239858385,-154.46915010358515,1984-08-27T00:00:00Z,3.377934256909921
urn:ioos:station:GOA_RUNOFF_DISCHARGE,urn:ioos:sensor:GOA_RUNOFF_DISCHARGE:q,58.069320239858385,-154.46915010358515,1984-08-28T00:00:00Z,2.3934303523105074
urn:ioos:station:GOA_RUNOFF_DISCHARGE,urn:ioos:sensor:GOA_RUNOFF_DISCHARGE:q,58.069320239858385,-154.46915010358515,1984-08-29T00:00:00Z,1.6943133574800409
urn:ioos:station:GOA_RUNOFF_DISCHARGE,urn:ioos:sensor:GOA_RUNOFF_DISCHARGE:q,58.069320239858385,-154.46915010358515,1984-08-30T00:00:00Z,1.1992527865609028
urn:ioos:station:GOA_RUNOFF_DISCHARGE,urn:ioos:sensor:GOA_RUNOFF_DISCHARGE:q,58.069320239858385,-154.46915010358515,1984-08-31T00:00:00Z,0.8488282468780358
urn:ioos:station:GOA_RUNOFF_DISCHARGE,urn:ioos:sensor:GOA_RUNOFF_DISCHARGE:q,58.069320239858385,-154.46915010358515,1984-09-01T00:00:00Z,2.7154028447104586
urn:ioos:station:GOA_RUNOFF_DISCHARGE,urn:ioos:sensor:GOA_RUNOFF_DISCHARGE:q,58.069320239858385,-154.46915010358515,1984-09-02T00:00:00Z,1.93721801949268
urn:ioos:station:GOA_RUNOFF_DISCHARGE,urn:ioos:sensor:GOA_RUNOFF_DISCHARGE:q,58.069320239858385,-154.46915010358515,1984-09-03T00:00:00Z,1.3726789675603903
urn:ioos:station:GOA_RUNOFF_DISCHARGE,urn:ioos:sensor:GOA_RUNOFF_DISCHARGE:q,58.069320239858385,-154.46915010358515,1984-09-04T00:00:00Z,0.9717283011312302
urn:ioos:station:GOA_RUNOFF_DISCHARGE,urn:ioos:sensor:GOA_RUNOFF_DISCHARGE:q,58.069320239858385,-154.46915010358515,1984-09-05T00:00:00Z,0.687800165429525
urn:ioos:station:GOA_RUNOFF_DISCHARGE,urn:ioos:sensor:GOA_RUNOFF_DISCHARGE:q,58.069320239858385,-154.46915010358515,1984-09-06T00:00:00Z,0.48682343413010226
urn:ioos:station:GOA_RUNOFF_DISCHARGE,urn:ioos:sensor:GOA_RUNOFF_DISCHARGE:q,58.069320239858385,-154.46915010358515,1984-09-07T00:00:00Z,0.3445716502775308
urn:ioos:station:GOA_RUNOFF_DISCHARGE,urn:ioos:sensor:GOA_RUNOFF_DISCHARGE:q,58.069320239858385,-154.46915010358515,1984-09-08T00:00:00Z,2.0272847050805884
urn:ioos:station:GOA_RUNOFF_DISCHARGE,urn:ioos:sensor:GOA_RUNOFF_DISCHARGE:q,58.069320239858385,-154.46915010358515,1984-09-09T00:00:00Z,1.5192674419523584
urn:ioos:station:GOA_RUNOFF_DISCHARGE,urn:ioos:sensor:GOA_RUNOFF_DISCHARGE:q,58.069320239858385,-154.46915010358515,1984-09-10T00:00:00Z,1.083755203265512
urn:ioos:station:GOA_RUNOFF_DISCHARGE,urn:ioos:sensor:GOA_RUNOFF_DISCHARGE:q,58.069320239858385,-154.46915010358515,1984-09-11T00:00:00Z,0.7679184157600122
urn:ioos:station:GOA_RUNOFF_DISCHARGE,urn:ioos:sensor:GOA_RUNOFF_DISCHARGE:q,58.069320239858385,-154.46915010358515,1984-09-12T00:00:00Z,0.5436132711067738
urn:ioos:station:GOA_RUNOFF_DISCHARGE,urn:ioos:sensor:GOA_RUNOFF_DISCHARGE:q,58.069320239858385,-154.46915010358515,1984-09-13T00:00:00Z,0.38477545567729216
urn:ioos:station:GOA_RUNOFF_DISCHARGE,urn:ioos:sensor:GOA_RUNOFF_DISCHARGE:q,58.069320239858385,-154.46915010358515,1984-09-14T00:00:00Z,1.6429149394903106
urn:ioos:station:GOA_RUNOFF_DISCHARGE,urn:ioos:sensor:GOA_RUNOFF_DISCHARGE:q,58.069320239858385,-154.46915010358515,1984-09-15T00:00:00Z,1.5894551488298294
urn:ioos:station:GOA_RUNOFF_DISCHARGE,urn:ioos:sensor:GOA_RUNOFF_DISCHARGE:q,58.069320239858385,-154.46915010358515,1984-09-16T00:00:00Z,1.1485974046835221
urn:ioos:station:GOA_RUNOFF_DISCHARGE,urn:ioos:sensor:GOA_RUNOFF_DISCHARGE:q,58.069320239858385,-154.46915010358515,1984-09-17T00:00:00Z,0.8153276849330438
urn:ioos:station:GOA_RUNOFF_DISCHARGE,urn:ioos:sensor:GOA_RUNOFF_DISCHARGE:q,58.069320239858385,-154.46915010358515,1984-09-18T00:00:00Z,0.5773205097041209
urn:ioos:station:GOA_RUNOFF_DISCHARGE,urn:ioos:sensor:GOA_RUNOFF_DISCHARGE:q,58.069320239858385,-154.46915010358515,1984-09-19T00:00:00Z,0.4086483850489926
urn:ioos:station:GOA_RUNOFF_DISCHARGE,urn:ioos:sensor:GOA_RUNOFF_DISCHARGE:q,58.069320239858385,-154.46915010358515,1984-09-20T00:00:00Z,0.2892418700526087
urn:ioos:station:GOA_RUNOFF_DISCHARGE,urn:ioos:sensor:GOA_RUNOFF_DISCHARGE:q,58.069320239858385,-154.46915010358515,1984-09-21T00:00:00Z,0.2047243572013268
urn:ioos:station:GOA_RUNOFF_DISCHARGE,urn:ioos:sensor:GOA_RUNOFF_DISCHARGE:q,58.069320239858385,-154.46915010358515,1984-09-22T00:00:00Z,2.6837532951770733
urn:ioos:station:GOA_RUNOFF_DISCHARGE,urn:ioos:sensor:GOA_RUNOFF_DISCHARGE:q,58.069320239858385,-154.46915010358515,1984-09-23T00:00:00Z,7.587030708766093
urn:ioos:station:GOA_RUNOFF_DISCHARGE,urn:ioos:sensor:GOA_RUNOFF_DISCHARGE:q,58.069320239858385,-154.46915010358515,1984-09-24T00:00:00Z,6.908781346396827
urn:ioos:station:GOA_RUNOFF_DISCHARGE,urn:ioos:sensor:GOA_RUNOFF_DISCHARGE:q,58.069320239858385,-154.46915010358515,1984-09-25T00:00:00Z,4.9772647608696206
urn:ioos:station:GOA_RUNOFF_DISCHARGE,urn:ioos:sensor:GOA_RUNOFF_DISCHARGE:q,58.069320239858385,-154.46915010358515,1984-09-26T00:00:00Z,3.531599597730999
urn:ioos:station:GOA_RUNOFF_DISCHARGE,urn:ioos:sensor:GOA_RUNOFF_DISCHARGE:q,58.069320239858385,-154.46915010358515,1984-09-27T00:00:00Z,2.5005206951176295
urn:ioos:station:GOA_RUNOFF_DISCHARGE,urn:ioos:sensor:GOA_RUNOFF_DISCHARGE:q,58.069320239858385,-154.46915010358515,1984-09-28T00:00:00Z,2.6124241964244708
urn:ioos:station:GOA_RUNOFF_DISCHARGE,urn:ioos:sensor:GOA_RUNOFF_DISCHARGE:q,58.069320239858385,-154.46915010358515,1984-09-29T00:00:00Z,1.9313195125639804
urn:ioos:station:GOA_RUNOFF_DISCHARGE,urn:ioos:sensor:GOA_RUNOFF_DISCHARGE:q,58.069320239858385,-154.46915010358515,1984-09-30T00:00:00Z,2.8798319476845458
urn:ioos:station:GOA_RUNOFF_DISCHARGE,urn:ioos:sensor:GOA_RUNOFF_DISCHARGE:q,58.069320239858385,-154.46915010358515,1984-10-01T00:00:00Z,5.095859007679625
urn:ioos:station:GOA_RUNOFF_DISCHARGE,urn:ioos:sensor:GOA_RUNOFF_DISCHARGE:q,58.069320239858385,-154.46915010358515,1984-10-02T00:00:00Z,3.8241087612269946
urn:ioos:station:GOA_RUNOFF_DISCHARGE,urn:ioos:sensor:GOA_RUNOFF_DISCHARGE:q,58.069320239858385,-154.46915010358515,1984-10-03T00:00:00Z,2.7247655207096932
urn:ioos:station:GOA_RUNOFF_DISCHARGE,urn:ioos:sensor:GOA_RUNOFF_DISCHARGE:q,58.069320239858385,-154.46915010358515,1984-10-04T00:00:00Z,2.0162716416823763
urn:ioos:station:GOA_RUNOFF_DISCHARGE,urn:ioos:sensor:GOA_RUNOFF_DISCHARGE:q,58.069320239858385,-154.46915010358515,1984-10-05T00:00:00Z,2.7849656540076073
urn:ioos:station:GOA_RUNOFF_DISCHARGE,urn:ioos:sensor:GOA_RUNOFF_DISCHARGE:q,58.069320239858385,-154.46915010358515,1984-10-06T00:00:00Z,2.7106407304762477
urn:ioos:station:GOA_RUNOFF_DISCHARGE,urn:ioos:sensor:GOA_RUNOFF_DISCHARGE:q,58.069320239858385,-154.46915010358515,1984-10-07T00:00:00Z,1.9569468912264547
urn:ioos:station:GOA_RUNOFF_DISCHARGE,urn:ioos:sensor:GOA_RUNOFF_DISCHARGE:q,58.069320239858385,-154.46915010358515,1984-10-08T00:00:00Z,1.3889497218633549
urn:ioos:station:GOA_RUNOFF_DISCHARGE,urn:ioos:sensor:GOA_RUNOFF_DISCHARGE:q,58.069320239858385,-154.46915010358515,1984-10-09T00:00:00Z,0.9834750600674331
urn:ioos:station:GOA_RUNOFF_DISCHARGE,urn:ioos:sensor:GOA_RUNOFF_DISCHARGE:q,58.069320239858385,-154.46915010358515,1984-10-10T00:00:00Z,0.6961374173887976
urn:ioos:station:GOA_RUNOFF_DISCHARGE,urn:ioos:sensor:GOA_RUNOFF_DISCHARGE:q,58.069320239858385,-154.46915010358515,1984-10-11T00:00:00Z,0.4927268415714055
urn:ioos:station:GOA_RUNOFF_DISCHARGE,urn:ioos:sensor:GOA_RUNOFF_DISCHARGE:q,58.069320239858385,-154.46915010358515,1984-10-12T00:00:00Z,0.34875024172910596
urn:ioos:station:GOA_RUNOFF_DISCHARGE,urn:ioos:sensor:GOA_RUNOFF_DISCHARGE:q,58.069320239858385,-154.46915010358515,1984-10-13T00:00:00Z,0.24684390124627784
urn:ioos:station:GOA_RUNOFF_DISCHARGE,urn:ioos:sensor:GOA_RUNOFF_DISCHARGE:q,58.069320239858385,-154.46915010358515,1984-10-14T00:00:00Z,0.17471501581422874
urn:ioos:station:GOA_RUNOFF_DISCHARGE,urn:ioos:sensor:GOA_RUNOFF_DISCHARGE:q,58.069320239858385,-154.46915010358515,1984-10-15T00:00:00Z,0.12366251152455318
urn:ioos:station:GOA_RUNOFF_DISCHARGE,urn:ioos:sensor:GOA_RUNOFF_DISCHARGE:q,58.069320239858385,-154.46915010358515,1984-10-16T00:00:00Z,0.08752778427541556
urn:ioos:station:GOA_RUNOFF_DISCHARGE,urn:ioos:sensor:GOA_RUNOFF_DISCHARGE:q,58.069320239858385,-154.46915010358515,1984-10-17T00:00:00Z,0.061951778771912935
urn:ioos:station:GOA_RUNOFF_DISCHARGE,urn:ioos:sensor:GOA_RUNOFF_DISCHARGE:q,58.069320239858385,-154.46915010358515,1984-10-18T00:00:00Z,0.04384919065742175
urn:ioos:station:GOA_RUNOFF_DISCHARGE,urn:ioos:sensor:GOA_RUNOFF_DISCHARGE:q,58.069320239858385,-154.46915010358515,1984-10-19T00:00:00Z,0.031036259836734366
urn:ioos:station:GOA_RUNOFF_DISCHARGE,urn:ioos:sensor:GOA_RUNOFF_DISCHARGE:q,58.069320239858385,-154.46915010358515,1984-10-20T00:00:00Z,0.02020417417788648
urn:ioos:station:GOA_RUNOFF_DISCHARGE,urn:ioos:sensor:GOA_RUNOFF_DISCHARGE:q,58.069320239858385,-154.46915010358515,1984-10-21T00:00:00Z,0.019987024324308683
urn:ioos:station:GOA_RUNOFF_DISCHARGE,urn:ioos:sensor:GOA_RUNOFF_DISCHARGE:q,58.069320239858385,-154.46915010358515,1984-10-22T00:00:00Z,0.2561434625899003
urn:ioos:station:GOA_RUNOFF_DISCHARGE,urn:ioos:sensor:GOA_RUNOFF_DISCHARGE:q,58.069320239858385,-154.46915010358515,1984-10-23T00:00:00Z,0.2140728414476192
urn:ioos:station:GOA_RUNOFF_DISCHARGE,urn:ioos:sensor:GOA_RUNOFF_DISCHARGE:q,58.069320239858385,-154.46915010358515,1984-10-24T00:00:00Z,0.2750317648547759
urn:ioos:station:GOA_RUNOFF_DISCHARGE,urn:ioos:sensor:GOA_RUNOFF_DISCHARGE:q,58.069320239858385,-154.46915010358515,1984-10-25T00:00:00Z,0.1831338991310993
urn:ioos:station:GOA_RUNOFF_DISCHARGE,urn:ioos:sensor:GOA_RUNOFF_DISCHARGE:q,58.069320239858385,-154.46915010358515,1984-10-26T00:00:00Z,0.13069696714156637
urn:ioos:station:GOA_RUNOFF_DISCHARGE,urn:ioos:sensor:GOA_RUNOFF_DISCHARGE:q,58.069320239858385,-154.46915010358515,1984-10-27T00:00:00Z,0.09261413813044764
urn:ioos:station:GOA_RUNOFF_DISCHARGE,urn:ioos:sensor:GOA_RUNOFF_DISCHARGE:q,58.069320239858385,-154.46915010358515,1984-10-28T00:00:00Z,0.06556260554891423
urn:ioos:station:GOA_RUNOFF_DISCHARGE,urn:ioos:sensor:GOA_RUNOFF_DISCHARGE:q,58.069320239858385,-154.46915010358515,1984-10-29T00:00:00Z,0.04640599199665613
urn:ioos:station:GOA_RUNOFF_DISCHARGE,urn:ioos:sensor:GOA_RUNOFF_DISCHARGE:q,58.069320239858385,-154.46915010358515,1984-10-30T00:00:00Z,0.7979252740014621
urn:ioos:station:GOA_RUNOFF_DISCHARGE,urn:ioos:sensor:GOA_RUNOFF_DISCHARGE:q,58.069320239858385,-154.46915010358515,1984-10-31T00:00:00Z,1.7776361483811127
urn:ioos:station:GOA_RUNOFF_DISCHARGE,urn:ioos:sensor:GOA_RUNOFF_DISCHARGE:q,58.069320239858385,-154.46915010358515,1984-11-01T00:00:00Z,1.48058312435317
urn:ioos:station:GOA_RUNOFF_DISCHARGE,urn:ioos:sensor:GOA_RUNOFF_DISCHARGE:q,58.069320239858385,-154.46915010358515,1984-11-02T00:00:00Z,1.061585284246921
urn:ioos:station:GOA_RUNOFF_DISCHARGE,urn:ioos:sensor:GOA_RUNOFF_DISCHARGE:q,58.069320239858385,-154.46915010358515,1984-11-03T00:00:00Z,0.7527468891901805
urn:ioos:station:GOA_RUNOFF_DISCHARGE,urn:ioos:sensor:GOA_RUNOFF_DISCHARGE:q,58.069320239858385,-154.46915010358515,1984-11-04T00:00:00Z,0.5329268646963385
urn:ioos:station:GOA_RUNOFF_DISCHARGE,urn:ioos:sensor:GOA_RUNOFF_DISCHARGE:q,58.069320239858385,-154.46915010358515,1984-11-05T00:00:00Z,1.101149062967047
urn:ioos:station:GOA_RUNOFF_DISCHARGE,urn:ioos:sensor:GOA_RUNOFF_DISCHARGE:q,58.069320239858385,-154.46915010358515,1984-11-06T00:00:00Z,0.8550645273935729
urn:ioos:station:GOA_RUNOFF_DISCHARGE,urn:ioos:sensor:GOA_RUNOFF_DISCHARGE:q,58.069320239858385,-154.46915010358515,1984-11-07T00:00:00Z,0.5566628428299095
urn:ioos:station:GOA_RUNOFF_DISCHARGE,urn:ioos:sensor:GOA_RUNOFF_DISCHARGE:q,58.069320239858385,-154.46915010358515,1984-11-08T00:00:00Z,0.3614775636368734
urn:ioos:station:GOA_RUNOFF_DISCHARGE,urn:ioos:sensor:GOA_RUNOFF_DISCHARGE:q,58.069320239858385,-154.46915010358515,1984-11-09T00:00:00Z,0.2346794969456685
urn:ioos:station:GOA_RUNOFF_DISCHARGE,urn:ioos:sensor:GOA_RUNOFF_DISCHARGE:q,58.069320239858385,-154.46915010358515,1984-11-10T00:00:00Z,0.1523564106157268
urn:ioos:station:GOA_RUNOFF_DISCHARGE,urn:ioos:sensor:GOA_RUNOFF_DISCHARGE:q,58.069320239858385,-154.46915010358515,1984-11-11T00:00:00Z,0.09891123104735387
urn:ioos:station:GOA_RUNOFF_DISCHARGE,urn:ioos:sensor:GOA_RUNOFF_DISCHARGE:q,58.069320239858385,-154.46915010358515,1984-11-12T00:00:00Z,0.06421410123758879
urn:ioos:station:GOA_RUNOFF_DISCHARGE,urn:ioos:sensor:GOA_RUNOFF_DISCHARGE:q,58.069320239858385,-154.46915010358515,1984-11-13T00:00:00Z,0.04168839349270679
urn:ioos:station:GOA_RUNOFF_DISCHARGE,urn:ioos:sensor:GOA_RUNOFF_DISCHARGE:q,58.069320239858385,-154.46915010358515,1984-11-14T00:00:00Z,3.0450251359526352
urn:ioos:station:GOA_RUNOFF_DISCHARGE,urn:ioos:sensor:GOA_RUNOFF_DISCHARGE:q,58.069320239858385,-154.46915010358515,1984-11-15T00:00:00Z,3.6389351635043776
urn:ioos:station:GOA_RUNOFF_DISCHARGE,urn:ioos:sensor:GOA_RUNOFF_DISCHARGE:q,58.069320239858385,-154.46915010358515,1984-11-16T00:00:00Z,4.776415574455276
urn:ioos:station:GOA_RUNOFF_DISCHARGE,urn:ioos:sensor:GOA_RUNOFF_DISCHARGE:q,58.069320239858385,-154.46915010358515,1984-11-17T00:00:00Z,3.4924715370710886
urn:ioos:station:GOA_RUNOFF_DISCHARGE,urn:ioos:sensor:GOA_RUNOFF_DISCHARGE:q,58.069320239858385,-154.46915010358515,1984-11-18T00:00:00Z,2.667734341709632
urn:ioos:station:GOA_RUNOFF_DISCHARGE,urn:ioos:sensor:GOA_RUNOFF_DISCHARGE:q,58.069320239858385,-154.46915010358515,1984-11-19T00:00:00Z,1.9526846950565018
urn:ioos:station:GOA_RUNOFF_DISCHARGE,urn:ioos:sensor:GOA_RUNOFF_DISCHARGE:q,58.069320239858385,-154.46915010358515,1984-11-20T00:00:00Z,3.7804922256943625
urn:ioos:station:GOA_RUNOFF_DISCHARGE,urn:ioos:sensor:GOA_RUNOFF_DISCHARGE:q,58.069320239858385,-154.46915010358515,1984-11-21T00:00:00Z,3.227386826121188
urn:ioos:station:GOA_RUNOFF_DISCHARGE,urn:ioos:sensor:GOA_RUNOFF_DISCHARGE:q,58.069320239858385,-154.46915010358515,1984-11-22T00:00:00Z,2.743961585032878
urn:ioos:station:GOA_RUNOFF_DISCHARGE,urn:ioos:sensor:GOA_RUNOFF_DISCHARGE:q,58.069320239858385,-154.46915010358515,1984-11-23T00:00:00Z,1.7923401857821706
urn:ioos:station:GOA_RUNOFF_DISCHARGE,urn:ioos:sensor:GOA_RUNOFF_DISCHARGE:q,58.069320239858385,-154.46915010358515,1984-11-24T00:00:00Z,1.1642178708307955
urn:ioos:station:GOA_RUNOFF_DISCHARGE,urn:ioos:sensor:GOA_RUNOFF_DISCHARGE:q,58.069320239858385,-154.46915010358515,1984-11-25T00:00:00Z,0.7558556559842442
urn:ioos:station:GOA_RUNOFF_DISCHARGE,urn:ioos:sensor:GOA_RUNOFF_DISCHARGE:q,58.069320239858385,-154.46915010358515,1984-11-26T00:00:00Z,0.49071049441578396
urn:ioos:station:GOA_RUNOFF_DISCHARGE,urn:ioos:sensor:GOA_RUNOFF_DISCHARGE:q,58.069320239858385,-154.46915010358515,1984-11-27T00:00:00Z,0.31857397046469604
urn:ioos:station:GOA_RUNOFF_DISCHARGE,urn:ioos:sensor:GOA_RUNOFF_DISCHARGE:q,58.069320239858385,-154.46915010358515,1984-11-28T00:00:00Z,2.793314285680711
urn:ioos:station:GOA_RUNOFF_DISCHARGE,urn:ioos:sensor:GOA_RUNOFF_DISCHARGE:q,58.069320239858385,-154.46915010358515,1984-11-29T00:00:00Z,2.590078648296463
urn:ioos:station:GOA_RUNOFF_DISCHARGE,urn:ioos:sensor:GOA_RUNOFF_DISCHARGE:q,58.069320239858385,-154.46915010358515,1984-11-30T00:00:00Z,3.1593298226565376
urn:ioos:station:GOA_RUNOFF_DISCHARGE,urn:ioos:sensor:GOA_RUNOFF_DISCHARGE:q,58.069320239858385,-154.46915010358515,1984-12-01T00:00:00Z,2.461148463950545
urn:ioos:station:GOA_RUNOFF_DISCHARGE,urn:ioos:sensor:GOA_RUNOFF_DISCHARGE:q,58.069320239858385,-154.46915010358515,1984-12-02T00:00:00Z,2.250432999865919
urn:ioos:station:GOA_RUNOFF_DISCHARGE,urn:ioos:sensor:GOA_RUNOFF_DISCHARGE:q,58.069320239858385,-154.46915010358515,1984-12-03T00:00:00Z,1.9429311620654484
urn:ioos:station:GOA_RUNOFF_DISCHARGE,urn:ioos:sensor:GOA_RUNOFF_DISCHARGE:q,58.069320239858385,-154.46915010358515,1984-12-04T00:00:00Z,3.34991937481846
urn:ioos:station:GOA_RUNOFF_DISCHARGE,urn:ioos:sensor:GOA_RUNOFF_DISCHARGE:q,58.069320239858385,-154.46915010358515,1984-12-05T00:00:00Z,2.6707067492738004
urn:ioos:station:GOA_RUNOFF_DISCHARGE,urn:ioos:sensor:GOA_RUNOFF_DISCHARGE:q,58.069320239858385,-154.46915010358515,1984-12-06T00:00:00Z,1.7833579737413128
urn:ioos:station:GOA_RUNOFF_DISCHARGE,urn:ioos:sensor:GOA_RUNOFF_DISCHARGE:q,58.069320239858385,-154.46915010358515,1984-12-07T00:00:00Z,1.6460777105910527
urn:ioos:station:GOA_RUNOFF_DISCHARGE,urn:ioos:sensor:GOA_RUNOFF_DISCHARGE:q,58.069320239858385,-154.46915010358515,1984-12-08T00:00:00Z,1.879533131844909
urn:ioos:station:GOA_RUNOFF_DISCHARGE,urn:ioos:sensor:GOA_RUNOFF_DISCHARGE:q,58.069320239858385,-154.46915010358515,1984-12-09T00:00:00Z,1.3291992517085023
urn:ioos:station:GOA_RUNOFF_DISCHARGE,urn:ioos:sensor:GOA_RUNOFF_DISCHARGE:q,58.069320239858385,-154.46915010358515,1984-12-10T00:00:00Z,0.8665467244278752
urn:ioos:station:GOA_RUNOFF_DISCHARGE,urn:ioos:sensor:GOA_RUNOFF_DISCHARGE:q,58.069320239858385,-154.46915010358515,1984-12-11T00:00:00Z,0.5627734202637628
urn:ioos:station:GOA_RUNOFF_DISCHARGE,urn:ioos:sensor:GOA_RUNOFF_DISCHARGE:q,58.069320239858385,-154.46915010358515,1984-12-12T00:00:00Z,0.36536916265234903
urn:ioos:station:GOA_RUNOFF_DISCHARGE,urn:ioos:sensor:GOA_RUNOFF_DISCHARGE:q,58.069320239858385,-154.46915010358515,1984-12-13T00:00:00Z,0.237201715137234
urn:ioos:station:GOA_RUNOFF_DISCHARGE,urn:ioos:sensor:GOA_RUNOFF_DISCHARGE:q,58.069320239858385,-154.46915010358515,1984-12-14T00:00:00Z,0.15399362583149767
urn:ioos:station:GOA_RUNOFF_DISCHARGE,urn:ioos:sensor:GOA_RUNOFF_DISCHARGE:q,58.069320239858385,-154.46915010358515,1984-12-15T00:00:00Z,0.099974099608116
urn:ioos:station:GOA_RUNOFF_DISCHARGE,urn:ioos:sensor:GOA_RUNOFF_DISCHARGE:q,58.069320239858385,-154.46915010358515,1984-12-16T00:00:00Z,0.06490412383481806
urn:ioos:station:GOA_RUNOFF_DISCHARGE,urn:ioos:sensor:GOA_RUNOFF_DISCHARGE:q,58.069320239858385,-154.46915010358515,1984-12-17T00:00:00Z,4.8436329786867445
urn:ioos:station:GOA_RUNOFF_DISCHARGE,urn:ioos:sensor:GOA_RUNOFF_DISCHARGE:q,58.069320239858385,-154.46915010358515,1984-12-18T00:00:00Z,5.2890141919702724
urn:ioos:station:GOA_RUNOFF_DISCHARGE,urn:ioos:sensor:GOA_RUNOFF_DISCHARGE:q,58.069320239858385,-154.46915010358515,1984-12-19T00:00:00Z,4.617755262827952
urn:ioos:station:GOA_RUNOFF_DISCHARGE,urn:ioos:sensor:GOA_RUNOFF_DISCHARGE:q,58.069320239858385,-154.46915010358515,1984-12-20T00:00:00Z,3.3150345660650156
urn:ioos:station:GOA_RUNOFF_DISCHARGE,urn:ioos:sensor:GOA_RUNOFF_DISCHARGE:q,58.069320239858385,-154.46915010358515,1984-12-21T00:00:00Z,2.3883525003515023
urn:ioos:station:GOA_RUNOFF_DISCHARGE,urn:ioos:sensor:GOA_RUNOFF_DISCHARGE:q,58.069320239858385,-154.46915010358515,1984-12-22T00:00:00Z,1.8232435418259585
urn:ioos:station:GOA_RUNOFF_DISCHARGE,urn:ioos:sensor:GOA_RUNOFF_DISCHARGE:q,58.069320239858385,-154.46915010358515,1984-12-23T00:00:00Z,1.482824599084439
urn:ioos:station:GOA_RUNOFF_DISCHARGE,urn:ioos:sensor:GOA_RUNOFF_DISCHARGE:q,58.069320239858385,-154.46915010358515,1984-12-24T00:00:00Z,0.9707711553742546
urn:ioos:station:GOA_RUNOFF_DISCHARGE,urn:ioos:sensor:GOA_RUNOFF_DISCHARGE:q,58.069320239858385,-154.46915010358515,1984-12-25T00:00:00Z,0.9773272518935312
urn:ioos:station:GOA_RUNOFF_DISCHARGE,urn:ioos:sensor:GOA_RUNOFF_DISCHARGE:q,58.069320239858385,-154.46915010358515,1984-12-26T00:00:00Z,0.6471320940169306
urn:ioos:station:GOA_RUNOFF_DISCHARGE,urn:ioos:sensor:GOA_RUNOFF_DISCHARGE:q,58.069320239858385,-154.46915010358515,1984-12-27T00:00:00Z,0.4615345197307381
urn:ioos:station:GOA_RUNOFF_DISCHARGE,urn:ioos:sensor:GOA_RUNOFF_DISCHARGE:q,58.069320239858385,-154.46915010358515,1984-12-28T00:00:00Z,0.297993429107635
urn:ioos:station:GOA_RUNOFF_DISCHARGE,urn:ioos:sensor:GOA_RUNOFF_DISCHARGE:q,58.069320239858385,-154.46915010358515,1984-12-29T00:00:00Z,0.7920839287566888
urn:ioos:station:GOA_RUNOFF_DISCHARGE,urn:ioos:sensor:GOA_RUNOFF_DISCHARGE:q,58.069320239858385,-154.46915010358515,1984-12-30T00:00:00Z,4.0183806046043316
urn:ioos:station:GOA_RUNOFF_DISCHARGE,urn:ioos:sensor:GOA_RUNOFF_DISCHARGE:q,58.069320239858385,-154.46915010358515,1984-12-31T00:00:00Z,6.580405166708505
urn:ioos:station:GOA_RUNOFF_DISCHARGE,urn:ioos:sensor:GOA_RUNOFF_DISCHARGE:q,58.069320239858385,-154.46915010358515,1985-01-01T00:00:00Z,7.5868749448218615
urn:ioos:station:GOA_RUNOFF_DISCHARGE,urn:ioos:sensor:GOA_RUNOFF_DISCHARGE:q,58.069320239858385,-154.46915010358515,1985-01-02T00:00:00Z,5.391778927947712
urn:ioos:station:GOA_RUNOFF_DISCHARGE,urn:ioos:sensor:GOA_RUNOFF_DISCHARGE:q,58.069320239858385,-154.46915010358515,1985-01-03T00:00:00Z,3.51631315578508
urn:ioos:station:GOA_RUNOFF_DISCHARGE,urn:ioos:sensor:GOA_RUNOFF_DISCHARGE:q,58.069320239858385,-154.46915010358515,1985-01-04T00:00:00Z,2.784856724492553
urn:ioos:station:GOA_RUNOFF_DISCHARGE,urn:ioos:sensor:GOA_RUNOFF_DISCHARGE:q,58.069320239858385,-154.46915010358515,1985-01-05T00:00:00Z,1.8216648532019868
urn:ioos:station:GOA_RUNOFF_DISCHARGE,urn:ioos:sensor:GOA_RUNOFF_DISCHARGE:q,58.069320239858385,-154.46915010358515,1985-01-06T00:00:00Z,3.033171815534314
urn:ioos:station:GOA_RUNOFF_DISCHARGE,urn:ioos:sensor:GOA_RUNOFF_DISCHARGE:q,58.069320239858385,-154.46915010358515,1985-01-07T00:00:00Z,5.93459101457782
urn:ioos:station:GOA_RUNOFF_DISCHARGE,urn:ioos:sensor:GOA_RUNOFF_DISCHARGE:q,58.069320239858385,-154.46915010358515,1985-01-08T00:00:00Z,5.2430448841583805
urn:ioos:station:GOA_RUNOFF_DISCHARGE,urn:ioos:sensor:GOA_RUNOFF_DISCHARGE:q,58.069320239858385,-154.46915010358515,1985-01-09T00:00:00Z,4.655304897978661
urn:ioos:station:GOA_RUNOFF_DISCHARGE,urn:ioos:sensor:GOA_RUNOFF_DISCHARGE:q,58.069320239858385,-154.46915010358515,1985-01-10T00:00:00Z,6.69657928385796
urn:ioos:station:GOA_RUNOFF_DISCHARGE,urn:ioos:sensor:GOA_RUNOFF_DISCHARGE:q,58.069320239858385,-154.46915010358515,1985-01-11T00:00:00Z,6.817348437362257
urn:ioos:station:GOA_RUNOFF_DISCHARGE,urn:ioos:sensor:GOA_RUNOFF_DISCHARGE:q,58.069320239858385,-154.46915010358515,1985-01-12T00:00:00Z,4.932181097375778
urn:ioos:station:GOA_RUNOFF_DISCHARGE,urn:ioos:sensor:GOA_RUNOFF_DISCHARGE:q,58.069320239858385,-154.46915010358515,1985-01-13T00:00:00Z,3.5249648956739867
urn:ioos:station:GOA_RUNOFF_DISCHARGE,urn:ioos:sensor:GOA_RUNOFF_DISCHARGE:q,58.069320239858385,-154.46915010358515,1985-01-14T00:00:00Z,2.29693090525207
urn:ioos:station:GOA_RUNOFF_DISCHARGE,urn:ioos:sensor:GOA_RUNOFF_DISCHARGE:q,58.069320239858385,-154.46915010358515,1985-01-15T00:00:00Z,3.354911977591771
urn:ioos:station:GOA_RUNOFF_DISCHARGE,urn:ioos:sensor:GOA_RUNOFF_DISCHARGE:q,58.069320239858385,-154.46915010358515,1985-01-16T00:00:00Z,8.417934525007555
urn:ioos:station:GOA_RUNOFF_DISCHARGE,urn:ioos:sensor:GOA_RUNOFF_DISCHARGE:q,58.069320239858385,-154.46915010358515,1985-01-17T00:00:00Z,9.404677536305302
urn:ioos:station:GOA_RUNOFF_DISCHARGE,urn:ioos:sensor:GOA_RUNOFF_DISCHARGE:q,58.069320239858385,-154.46915010358515,1985-01-18T00:00:00Z,8.23157401655448
urn:ioos:station:GOA_RUNOFF_DISCHARGE,urn:ioos:sensor:GOA_RUNOFF_DISCHARGE:q,58.069320239858385,-154.46915010358515,1985-01-19T00:00:00Z,8.428826950283417
urn:ioos:station:GOA_RUNOFF_DISCHARGE,urn:ioos:sensor:GOA_RUNOFF_DISCHARGE:q,58.069320239858385,-154.46915010358515,1985-01-20T00:00:00Z,8.175732116317812
urn:ioos:station:GOA_RUNOFF_DISCHARGE,urn:ioos:sensor:GOA_RUNOFF_DISCHARGE:q,58.069320239858385,-154.46915010358515,1985-01-21T00:00:00Z,7.382967838542884
urn:ioos:station:GOA_RUNOFF_DISCHARGE,urn:ioos:sensor:GOA_RUNOFF_DISCHARGE:q,58.069320239858385,-154.46915010358515,1985-01-22T00:00:00Z,6.46188617072291
urn:ioos:station:GOA_RUNOFF_DISCHARGE,urn:ioos:sensor:GOA_RUNOFF_DISCHARGE:q,58.069320239858385,-154.46915010358515,1985-01-23T00:00:00Z,5.453418825270687
urn:ioos:station:GOA_RUNOFF_DISCHARGE,urn:ioos:sensor:GOA_RUNOFF_DISCHARGE:q,58.069320239858385,-154.46915010358515,1985-01-24T00:00:00Z,4.023425040987463
urn:ioos:station:GOA_RUNOFF_DISCHARGE,urn:ioos:sensor:GOA_RUNOFF_DISCHARGE:q,58.069320239858385,-154.46915010358515,1985-01-25T00:00:00Z,3.2328185674467336
urn:ioos:station:GOA_RUNOFF_DISCHARGE,urn:ioos:sensor:GOA_RUNOFF_DISCHARGE:q,58.069320239858385,-154.46915010358515,1985-01-26T00:00:00Z,3.0705841047747375
urn:ioos:station:GOA_RUNOFF_DISCHARGE,urn:ioos:sensor:GOA_RUNOFF_DISCHARGE:q,58.069320239858385,-154.46915010358515,1985-01-27T00:00:00Z,4.1998356012731834
urn:ioos:station:GOA_RUNOFF_DISCHARGE,urn:ioos:sensor:GOA_RUNOFF_DISCHARGE:q,58.069320239858385,-154.46915010358515,1985-01-28T00:00:00Z,4.149329668585539
urn:ioos:station:GOA_RUNOFF_DISCHARGE,urn:ioos:sensor:GOA_RUNOFF_DISCHARGE:q,58.069320239858385,-154.46915010358515,1985-01-29T00:00:00Z,6.766161563648138
urn:ioos:station:GOA_RUNOFF_DISCHARGE,urn:ioos:sensor:GOA_RUNOFF_DISCHARGE:q,58.069320239858385,-154.46915010358515,1985-01-30T00:00:00Z,7.0257227062175325
urn:ioos:station:GOA_RUNOFF_DISCHARGE,urn:ioos:sensor:GOA_RUNOFF_DISCHARGE:q,58.069320239858385,-154.46915010358515,1985-01-31T00:00:00Z,5.869944241655719
urn:ioos:station:GOA_RUNOFF_DISCHARGE,urn:ioos:sensor:GOA_RUNOFF_DISCHARGE:q,58.069320239858385,-154.46915010358515,1985-02-01T00:00:00Z,5.063580087614816
urn:ioos:station:GOA_RUNOFF_DISCHARGE,urn:ioos:sensor:GOA_RUNOFF_DISCHARGE:q,58.069320239858385,-154.46915010358515,1985-02-02T00:00:00Z,5.252306524085681
urn:ioos:station:GOA_RUNOFF_DISCHARGE,urn:ioos:sensor:GOA_RUNOFF_DISCHARGE:q,58.069320239858385,-154.46915010358515,1985-02-03T00:00:00Z,4.021290390853082
urn:ioos:station:GOA_RUNOFF_DISCHARGE,urn:ioos:sensor:GOA_RUNOFF_DISCHARGE:q,58.069320239858385,-154.46915010358515,1985-02-04T00:00:00Z,3.089965401896468
urn:ioos:station:GOA_RUNOFF_DISCHARGE,urn:ioos:sensor:GOA_RUNOFF_DISCHARGE:q,58.069320239858385,-154.46915010358515,1985-02-05T00:00:00Z,2.0757996482986343
urn:ioos:station:GOA_RUNOFF_DISCHARGE,urn:ioos:sensor:GOA_RUNOFF_DISCHARGE:q,58.069320239858385,-154.46915010358515,1985-02-06T00:00:00Z,1.3494976353633747
urn:ioos:station:GOA_RUNOFF_DISCHARGE,urn:ioos:sensor:GOA_RUNOFF_DISCHARGE:q,58.069320239858385,-154.46915010358515,1985-02-07T00:00:00Z,0.9612465322336773
urn:ioos:station:GOA_RUNOFF_DISCHARGE,urn:ioos:sensor:GOA_RUNOFF_DISCHARGE:q,58.069320239858385,-154.46915010358515,1985-02-08T00:00:00Z,0.6205198767678686
urn:ioos:station:GOA_RUNOFF_DISCHARGE,urn:ioos:sensor:GOA_RUNOFF_DISCHARGE:q,58.069320239858385,-154.46915010358515,1985-02-09T00:00:00Z,0.40264910516312935
urn:ioos:station:GOA_RUNOFF_DISCHARGE,urn:ioos:sensor:GOA_RUNOFF_DISCHARGE:q,58.069320239858385,-154.46915010358515,1985-02-10T00:00:00Z,0.26139243781787463
urn:ioos:station:GOA_RUNOFF_DISCHARGE,urn:ioos:sensor:GOA_RUNOFF_DISCHARGE:q,58.069320239858385,-154.46915010358515,1985-02-11T00:00:00Z,0.16969781180986124
urn:ioos:station:GOA_RUNOFF_DISCHARGE,urn:ioos:sensor:GOA_RUNOFF_DISCHARGE:q,58.069320239858385,-154.46915010358515,1985-02-12T00:00:00Z,0.11016938585443758
urn:ioos:station:GOA_RUNOFF_DISCHARGE,urn:ioos:sensor:GOA_RUNOFF_DISCHARGE:q,58.069320239858385,-154.46915010358515,1985-02-13T00:00:00Z,0.0715229896715707
urn:ioos:station:GOA_RUNOFF_DISCHARGE,urn:ioos:sensor:GOA_RUNOFF_DISCHARGE:q,58.069320239858385,-154.46915010358515,1985-02-14T00:00:00Z,0.046433397044487894
urn:ioos:station:GOA_RUNOFF_DISCHARGE,urn:ioos:sensor:GOA_RUNOFF_DISCHARGE:q,58.069320239858385,-154.46915010358515,1985-02-15T00:00:00Z,0.030144997607215764
urn:ioos:station:GOA_RUNOFF_DISCHARGE,urn:ioos:sensor:GOA_RUNOFF_DISCHARGE:q,58.069320239858385,-154.46915010358515,1985-02-16T00:00:00Z,0.01957041497431181
urn:ioos:station:GOA_RUNOFF_DISCHARGE,urn:ioos:sensor:GOA_RUNOFF_DISCHARGE:q,58.069320239858385,-154.46915010358515,1985-02-17T00:00:00Z,0.012705297351437266
urn:ioos:station:GOA_RUNOFF_DISCHARGE,urn:ioos:sensor:GOA_RUNOFF_DISCHARGE:q,58.069320239858385,-154.46915010358515,1985-02-18T00:00:00Z,0.008248397792882526
urn:ioos:station:GOA_RUNOFF_DISCHARGE,urn:ioos:sensor:GOA_RUNOFF_DISCHARGE:q,58.069320239858385,-154.46915010358515,1985-02-19T00:00:00Z,0.005354936993417886
urn:ioos:station:GOA_RUNOFF_DISCHARGE,urn:ioos:sensor:GOA_RUNOFF_DISCHARGE:q,58.069320239858385,-154.46915010358515,1985-02-20T00:00:00Z,0.003476475852816178
urn:ioos:station:GOA_RUNOFF_DISCHARGE,urn:ioos:sensor:GOA_RUNOFF_DISCHARGE:q,58.069320239858385,-154.46915010358515,1985-02-21T00:00:00Z,0.0022569607313795677
urn:ioos:station:GOA_RUNOFF_DISCHARGE,urn:ioos:sensor:GOA_RUNOFF_DISCHARGE:q,58.069320239858385,-154.46915010358515,1985-02-22T00:00:00Z,0.0014652399071731447
urn:ioos:station:GOA_RUNOFF_DISCHARGE,urn:ioos:sensor:GOA_RUNOFF_DISCHARGE:q,58.069320239858385,-154.46915010358515,1985-02-23T00:00:00Z,9.512475152171805E-4
urn:ioos:station:GOA_RUNOFF_DISCHARGE,urn:ioos:sensor:GOA_RUNOFF_DISCHARGE:q,58.069320239858385,-154.46915010358515,1985-02-24T00:00:00Z,6.175588237366258E-4
urn:ioos:station:GOA_RUNOFF_DISCHARGE,urn:ioos:sensor:GOA_RUNOFF_DISCHARGE:q,58.069320239858385,-154.46915010358515,1985-02-25T00:00:00Z,4.009249860164267E-4
urn:ioos:station:GOA_RUNOFF_DISCHARGE,urn:ioos:sensor:GOA_RUNOFF_DISCHARGE:q,58.069320239858385,-154.46915010358515,1985-02-26T00:00:00Z,2.602842473524439E-4
urn:ioos:station:GOA_RUNOFF_DISCHARGE,urn:ioos:sensor:GOA_RUNOFF_DISCHARGE:q,58.069320239858385,-154.46915010358515,1985-02-27T00:00:00Z,1.066043303584939
urn:ioos:station:GOA_RUNOFF_DISCHARGE,urn:ioos:sensor:GOA_RUNOFF_DISCHARGE:q,58.069320239858385,-154.46915010358515,1985-02-28T00:00:00Z,0.7211377277740919
urn:ioos:station:GOA_RUNOFF_DISCHARGE,urn:ioos:sensor:GOA_RUNOFF_DISCHARGE:q,58.069320239858385,-154.46915010358515,1985-03-01T00:00:00Z,2.3204749411604433
urn:ioos:station:GOA_RUNOFF_DISCHARGE,urn:ioos:sensor:GOA_RUNOFF_DISCHARGE:q,58.069320239858385,-154.46915010358515,1985-03-02T00:00:00Z,2.403879692312576
urn:ioos:station:GOA_RUNOFF_DISCHARGE,urn:ioos:sensor:GOA_RUNOFF_DISCHARGE:q,58.069320239858385,-154.46915010358515,1985-03-03T00:00:00Z,2.2785199754045413
urn:ioos:station:GOA_RUNOFF_DISCHARGE,urn:ioos:sensor:GOA_RUNOFF_DISCHARGE:q,58.069320239858385,-154.46915010358515,1985-03-04T00:00:00Z,2.9897565628012384
urn:ioos:station:GOA_RUNOFF_DISCHARGE,urn:ioos:sensor:GOA_RUNOFF_DISCHARGE:q,58.069320239858385,-154.46915010358515,1985-03-05T00:00:00Z,6.03429519954292
urn:ioos:station:GOA_RUNOFF_DISCHARGE,urn:ioos:sensor:GOA_RUNOFF_DISCHARGE:q,58.069320239858385,-154.46915010358515,1985-03-06T00:00:00Z,5.378473740224878
urn:ioos:station:GOA_RUNOFF_DISCHARGE,urn:ioos:sensor:GOA_RUNOFF_DISCHARGE:q,58.069320239858385,-154.46915010358515,1985-03-07T00:00:00Z,3.5348330151476635
urn:ioos:station:GOA_RUNOFF_DISCHARGE,urn:ioos:sensor:GOA_RUNOFF_DISCHARGE:q,58.069320239858385,-154.46915010358515,1985-03-08T00:00:00Z,7.292714736139962
urn:ioos:station:GOA_RUNOFF_DISCHARGE,urn:ioos:sensor:GOA_RUNOFF_DISCHARGE:q,58.069320239858385,-154.46915010358515,1985-03-09T00:00:00Z,7.046434048504959
urn:ioos:station:GOA_RUNOFF_DISCHARGE,urn:ioos:sensor:GOA_RUNOFF_DISCHARGE:q,58.069320239858385,-154.46915010358515,1985-03-10T00:00:00Z,8.495754928267157
urn:ioos:station:GOA_RUNOFF_DISCHARGE,urn:ioos:sensor:GOA_RUNOFF_DISCHARGE:q,58.069320239858385,-154.46915010358515,1985-03-11T00:00:00Z,8.573877387283481
urn:ioos:station:GOA_RUNOFF_DISCHARGE,urn:ioos:sensor:GOA_RUNOFF_DISCHARGE:q,58.069320239858385,-154.46915010358515,1985-03-12T00:00:00Z,6.751020887285167
urn:ioos:station:GOA_RUNOFF_DISCHARGE,urn:ioos:sensor:GOA_RUNOFF_DISCHARGE:q,58.069320239858385,-154.46915010358515,1985-03-13T00:00:00Z,5.5481580345133965
urn:ioos:station:GOA_RUNOFF_DISCHARGE,urn:ioos:sensor:GOA_RUNOFF_DISCHARGE:q,58.069320239858385,-154.46915010358515,1985-03-14T00:00:00Z,4.982849634991691
urn:ioos:station:GOA_RUNOFF_DISCHARGE,urn:ioos:sensor:GOA_RUNOFF_DISCHARGE:q,58.069320239858385,-154.46915010358515,1985-03-15T00:00:00Z,3.273499005253549
urn:ioos:station:GOA_RUNOFF_DISCHARGE,urn:ioos:sensor:GOA_RUNOFF_DISCHARGE:q,58.069320239858385,-154.46915010358515,1985-03-16T00:00:00Z,2.1273522515439725
urn:ioos:station:GOA_RUNOFF_DISCHARGE,urn:ioos:sensor:GOA_RUNOFF_DISCHARGE:q,58.069320239858385,-154.46915010358515,1985-03-17T00:00:00Z,2.7024994332424255
urn:ioos:station:GOA_RUNOFF_DISCHARGE,urn:ioos:sensor:GOA_RUNOFF_DISCHARGE:q,58.069320239858385,-154.46915010358515,1985-03-18T00:00:00Z,3.6826253711727954
urn:ioos:station:GOA_RUNOFF_DISCHARGE,urn:ioos:sensor:GOA_RUNOFF_DISCHARGE:q,58.069320239858385,-154.46915010358515,1985-03-19T00:00:00Z,3.29222883020312
urn:ioos:station:GOA_RUNOFF_DISCHARGE,urn:ioos:sensor:GOA_RUNOFF_DISCHARGE:q,58.069320239858385,-154.46915010358515,1985-03-20T00:00:00Z,3.488295642545913
urn:ioos:station:GOA_RUNOFF_DISCHARGE,urn:ioos:sensor:GOA_RUNOFF_DISCHARGE:q,58.069320239858385,-154.46915010358515,1985-03-21T00:00:00Z,3.2741346905394684
urn:ioos:station:GOA_RUNOFF_DISCHARGE,urn:ioos:sensor:GOA_RUNOFF_DISCHARGE:q,58.069320239858385,-154.46915010358515,1985-03-22T00:00:00Z,6.428802645689418
urn:ioos:station:GOA_RUNOFF_DISCHARGE,urn:ioos:sensor:GOA_RUNOFF_DISCHARGE:q,58.069320239858385,-154.46915010358515,1985-03-23T00:00:00Z,5.7001278637523285
urn:ioos:station:GOA_RUNOFF_DISCHARGE,urn:ioos:sensor:GOA_RUNOFF_DISCHARGE:q,58.069320239858385,-154.46915010358515,1985-03-24T00:00:00Z,3.7455945243171556
urn:ioos:station:GOA_RUNOFF_DISCHARGE,urn:ioos:sensor:GOA_RUNOFF_DISCHARGE:q,58.069320239858385,-154.46915010358515,1985-03-25T00:00:00Z,2.434202090942742
urn:ioos:station:GOA_RUNOFF_DISCHARGE,urn:ioos:sensor:GOA_RUNOFF_DISCHARGE:q,58.069320239858385,-154.46915010358515,1985-03-26T00:00:00Z,1.7838653905765345
urn:ioos:station:GOA_RUNOFF_DISCHARGE,urn:ioos:sensor:GOA_RUNOFF_DISCHARGE:q,58.069320239858385,-154.46915010358515,1985-03-27T00:00:00Z,1.1636546736641937
urn:ioos:station:GOA_RUNOFF_DISCHARGE,urn:ioos:sensor:GOA_RUNOFF_DISCHARGE:q,58.069320239858385,-154.46915010358515,1985-03-28T00:00:00Z,0.7557671836426091
urn:ioos:station:GOA_RUNOFF_DISCHARGE,urn:ioos:sensor:GOA_RUNOFF_DISCHARGE:q,58.069320239858385,-154.46915010358515,1985-03-29T00:00:00Z,1.3322605920651542
urn:ioos:station:GOA_RUNOFF_DISCHARGE,urn:ioos:sensor:GOA_RUNOFF_DISCHARGE:q,58.069320239858385,-154.46915010358515,1985-03-30T00:00:00Z,0.9209053151449377
urn:ioos:station:GOA_RUNOFF_DISCHARGE,urn:ioos:sensor:GOA_RUNOFF_DISCHARGE:q,58.069320239858385,-154.46915010358515,1985-03-31T00:00:00Z,0.6581462098742253
urn:ioos:station:GOA_RUNOFF_DISCHARGE,urn:ioos:sensor:GOA_RUNOFF_DISCHARGE:q,58.069320239858385,-154.46915010358515,1985-04-01T00:00:00Z,0.4664654220903285
urn:ioos:station:GOA_RUNOFF_DISCHARGE,urn:ioos:sensor:GOA_RUNOFF_DISCHARGE:q,58.069320239858385,-154.46915010358515,1985-04-02T00:00:00Z,0.30089640726169464
urn:ioos:station:GOA_RUNOFF_DISCHARGE,urn:ioos:sensor:GOA_RUNOFF_DISCHARGE:q,58.069320239858385,-154.46915010358515,1985-04-03T00:00:00Z,0.19523601100975438
urn:ioos:station:GOA_RUNOFF_DISCHARGE,urn:ioos:sensor:GOA_RUNOFF_DISCHARGE:q,58.069320239858385,-154.46915010358515,1985-04-04T00:00:00Z,0.1267429441467512
urn:ioos:station:GOA_RUNOFF_DISCHARGE,urn:ioos:sensor:GOA_RUNOFF_DISCHARGE:q,58.069320239858385,-154.46915010358515,1985-04-05T00:00:00Z,0.08228236931918176
urn:ioos:station:GOA_RUNOFF_DISCHARGE,urn:ioos:sensor:GOA_RUNOFF_DISCHARGE:q,58.069320239858385,-154.46915010358515,1985-04-06T00:00:00Z,0.8709715255260972
urn:ioos:station:GOA_RUNOFF_DISCHARGE,urn:ioos:sensor:GOA_RUNOFF_DISCHARGE:q,58.069320239858385,-154.46915010358515,1985-04-07T00:00:00Z,2.2190023618217243
urn:ioos:station:GOA_RUNOFF_DISCHARGE,urn:ioos:sensor:GOA_RUNOFF_DISCHARGE:q,58.069320239858385,-154.46915010358515,1985-04-08T00:00:00Z,1.4863115275826366
urn:ioos:station:GOA_RUNOFF_DISCHARGE,urn:ioos:sensor:GOA_RUNOFF_DISCHARGE:q,58.069320239858385,-154.46915010358515,1985-04-09T00:00:00Z,0.9674936004548114
urn:ioos:station:GOA_RUNOFF_DISCHARGE,urn:ioos:sensor:GOA_RUNOFF_DISCHARGE:q,58.069320239858385,-154.46915010358515,1985-04-10T00:00:00Z,0.6282499913938387
urn:ioos:station:GOA_RUNOFF_DISCHARGE,urn:ioos:sensor:GOA_RUNOFF_DISCHARGE:q,58.069320239858385,-154.46915010358515,1985-04-11T00:00:00Z,0.40787384094285645
urn:ioos:station:GOA_RUNOFF_DISCHARGE,urn:ioos:sensor:GOA_RUNOFF_DISCHARGE:q,58.069320239858385,-154.46915010358515,1985-04-12T00:00:00Z,0.26479599182311864
urn:ioos:station:GOA_RUNOFF_DISCHARGE,urn:ioos:sensor:GOA_RUNOFF_DISCHARGE:q,58.069320239858385,-154.46915010358515,1985-04-13T00:00:00Z,0.1719080581067875
urn:ioos:station:GOA_RUNOFF_DISCHARGE,urn:ioos:sensor:GOA_RUNOFF_DISCHARGE:q,58.069320239858385,-154.46915010358515,1985-04-14T00:00:00Z,2.375681419225964
urn:ioos:station:GOA_RUNOFF_DISCHARGE,urn:ioos:sensor:GOA_RUNOFF_DISCHARGE:q,58.069320239858385,-154.46915010358515,1985-04-15T00:00:00Z,4.08871434017952
urn:ioos:station:GOA_RUNOFF_DISCHARGE,urn:ioos:sensor:GOA_RUNOFF_DISCHARGE:q,58.069320239858385,-154.46915010358515,1985-04-16T00:00:00Z,4.896223832817115
urn:ioos:station:GOA_RUNOFF_DISCHARGE,urn:ioos:sensor:GOA_RUNOFF_DISCHARGE:q,58.069320239858385,-154.46915010358515,1985-04-17T00:00:00Z,3.578663462988844
urn:ioos:station:GOA_RUNOFF_DISCHARGE,urn:ioos:sensor:GOA_RUNOFF_DISCHARGE:q,58.069320239858385,-154.46915010358515,1985-04-18T00:00:00Z,2.336383386424206
urn:ioos:station:GOA_RUNOFF_DISCHARGE,urn:ioos:sensor:GOA_RUNOFF_DISCHARGE:q,58.069320239858385,-154.46915010358515,1985-04-19T00:00:00Z,1.6647754355386033
urn:ioos:station:GOA_RUNOFF_DISCHARGE,urn:ioos:sensor:GOA_RUNOFF_DISCHARGE:q,58.069320239858385,-154.46915010358515,1985-04-20T00:00:00Z,3.932719118064231
urn:ioos:station:GOA_RUNOFF_DISCHARGE,urn:ioos:sensor:GOA_RUNOFF_DISCHARGE:q,58.069320239858385,-154.46915010358515,1985-04-21T00:00:00Z,2.9139171506499486
urn:ioos:station:GOA_RUNOFF_DISCHARGE,urn:ioos:sensor:GOA_RUNOFF_DISCHARGE:q,58.069320239858385,-154.46915010358515,1985-04-22T00:00:00Z,1.9787455553036417
urn:ioos:station:GOA_RUNOFF_DISCHARGE,urn:ioos:sensor:GOA_RUNOFF_DISCHARGE:q,58.069320239858385,-154.46915010358515,1985-04-23T00:00:00Z,1.4117526950201587
urn:ioos:station:GOA_RUNOFF_DISCHARGE,urn:ioos:sensor:GOA_RUNOFF_DISCHARGE:q,58.069320239858385,-154.46915010358515,1985-04-24T00:00:00Z,1.0003511099003055
urn:ioos:station:GOA_RUNOFF_DISCHARGE,urn:ioos:sensor:GOA_RUNOFF_DISCHARGE:q,58.069320239858385,-154.46915010358515,1985-04-25T00:00:00Z,0.7081558423257092
urn:ioos:station:GOA_RUNOFF_DISCHARGE,urn:ioos:sensor:GOA_RUNOFF_DISCHARGE:q,58.069320239858385,-154.46915010358515,1985-04-26T00:00:00Z,0.564917345193809
urn:ioos:station:GOA_RUNOFF_DISCHARGE,urn:ioos:sensor:GOA_RUNOFF_DISCHARGE:q,58.069320239858385,-154.46915010358515,1985-04-27T00:00:00Z,0.3695290729552072
urn:ioos:station:GOA_RUNOFF_DISCHARGE,urn:ioos:sensor:GOA_RUNOFF_DISCHARGE:q,58.069320239858385,-154.46915010358515,1985-04-28T00:00:00Z,0.2633468050003321
urn:ioos:station:GOA_RUNOFF_DISCHARGE,urn:ioos:sensor:GOA_RUNOFF_DISCHARGE:q,58.069320239858385,-154.46915010358515,1985-04-29T00:00:00Z,0.48661744815402025
urn:ioos:station:GOA_RUNOFF_DISCHARGE,urn:ioos:sensor:GOA_RUNOFF_DISCHARGE:q,58.069320239858385,-154.46915010358515,1985-04-30T00:00:00Z,0.9614077558094003
urn:ioos:station:GOA_RUNOFF_DISCHARGE,urn:ioos:sensor:GOA_RUNOFF_DISCHARGE:q,58.069320239858385,-154.46915010358515,1985-05-01T00:00:00Z,0.710245170940843
urn:ioos:station:GOA_RUNOFF_DISCHARGE,urn:ioos:sensor:GOA_RUNOFF_DISCHARGE:q,58.069320239858385,-154.46915010358515,1985-05-02T00:00:00Z,0.5056807052967128
urn:ioos:station:GOA_RUNOFF_DISCHARGE,urn:ioos:sensor:GOA_RUNOFF_DISCHARGE:q,58.069320239858385,-154.46915010358515,1985-05-03T00:00:00Z,0.3582153351528211
urn:ioos:station:GOA_RUNOFF_DISCHARGE,urn:ioos:sensor:GOA_RUNOFF_DISCHARGE:q,58.069320239858385,-154.46915010358515,1985-05-04T00:00:00Z,0.25357284772520616
urn:ioos:station:GOA_RUNOFF_DISCHARGE,urn:ioos:sensor:GOA_RUNOFF_DISCHARGE:q,58.069320239858385,-154.46915010358515,1985-05-05T00:00:00Z,0.17948069854251655
urn:ioos:station:GOA_RUNOFF_DISCHARGE,urn:ioos:sensor:GOA_RUNOFF_DISCHARGE:q,58.069320239858385,-154.46915010358515,1985-05-06T00:00:00Z,0.12703593066621985
urn:ioos:station:GOA_RUNOFF_DISCHARGE,urn:ioos:sensor:GOA_RUNOFF_DISCHARGE:q,58.069320239858385,-154.46915010358515,1985-05-07T00:00:00Z,0.0899155014851533
urn:ioos:station:GOA_RUNOFF_DISCHARGE,urn:ioos:sensor:GOA_RUNOFF_DISCHARGE:q,58.069320239858385,-154.46915010358515,1985-05-08T00:00:00Z,0.3586387525975089
urn:ioos:station:GOA_RUNOFF_DISCHARGE,urn:ioos:sensor:GOA_RUNOFF_DISCHARGE:q,58.069320239858385,-154.46915010358515,1985-05-09T00:00:00Z,0.26779783535225454
urn:ioos:station:GOA_RUNOFF_DISCHARGE,urn:ioos:sensor:GOA_RUNOFF_DISCHARGE:q,58.069320239858385,-154.46915010358515,1985-05-10T00:00:00Z,0.19093964280896167
urn:ioos:station:GOA_RUNOFF_DISCHARGE,urn:ioos:sensor:GOA_RUNOFF_DISCHARGE:q,58.069320239858385,-154.46915010358515,1985-05-11T00:00:00Z,0.13528539273779386
urn:ioos:station:GOA_RUNOFF_DISCHARGE,urn:ioos:sensor:GOA_RUNOFF_DISCHARGE:q,58.069320239858385,-154.46915010358515,1985-05-12T00:00:00Z,0.0957682922224505
urn:ioos:station:GOA_RUNOFF_DISCHARGE,urn:ioos:sensor:GOA_RUNOFF_DISCHARGE:q,58.069320239858385,-154.46915010358515,1985-05-13T00:00:00Z,0.06778575680310779
urn:ioos:station:GOA_RUNOFF_DISCHARGE,urn:ioos:sensor:GOA_RUNOFF_DISCHARGE:q,58.069320239858385,-154.46915010358515,1985-05-14T00:00:00Z,0.0479785960915563
urn:ioos:station:GOA_RUNOFF_DISCHARGE,urn:ioos:sensor:GOA_RUNOFF_DISCHARGE:q,58.069320239858385,-154.46915010358515,1985-05-15T00:00:00Z,0.033959053821959524
urn:ioos:station:GOA_RUNOFF_DISCHARGE,urn:ioos:sensor:GOA_RUNOFF_DISCHARGE:q,58.069320239858385,-154.46915010358515,1985-05-16T00:00:00Z,0.02403606875184746
urn:ioos:station:GOA_RUNOFF_DISCHARGE,urn:ioos:sensor:GOA_RUNOFF_DISCHARGE:q,58.069320239858385,-154.46915010358515,1985-05-17T00:00:00Z,0.8676565425305273
urn:ioos:station:GOA_RUNOFF_DISCHARGE,urn:ioos:sensor:GOA_RUNOFF_DISCHARGE:q,58.069320239858385,-154.46915010358515,1985-05-18T00:00:00Z,2.5647343811272205
urn:ioos:station:GOA_RUNOFF_DISCHARGE,urn:ioos:sensor:GOA_RUNOFF_DISCHARGE:q,58.069320239858385,-154.46915010358515,1985-05-19T00:00:00Z,1.909696740710981
urn:ioos:station:GOA_RUNOFF_DISCHARGE,urn:ioos:sensor:GOA_RUNOFF_DISCHARGE:q,58.069320239858385,-154.46915010358515,1985-05-20T00:00:00Z,1.3611003389626404
urn:ioos:station:GOA_RUNOFF_DISCHARGE,urn:ioos:sensor:GOA_RUNOFF_DISCHARGE:q,58.069320239858385,-154.46915010358515,1985-05-21T00:00:00Z,0.9643220150092522
urn:ioos:station:GOA_RUNOFF_DISCHARGE,urn:ioos:sensor:GOA_RUNOFF_DISCHARGE:q,58.069320239858385,-154.46915010358515,1985-05-22T00:00:00Z,0.6826368011700548
urn:ioos:station:GOA_RUNOFF_DISCHARGE,urn:ioos:sensor:GOA_RUNOFF_DISCHARGE:q,58.069320239858385,-154.46915010358515,1985-05-23T00:00:00Z,0.4831767620767666
urn:ioos:station:GOA_RUNOFF_DISCHARGE,urn:ioos:sensor:GOA_RUNOFF_DISCHARGE:q,58.069320239858385,-154.46915010358515,1985-05-24T00:00:00Z,0.341991283721649
urn:ioos:station:GOA_RUNOFF_DISCHARGE,urn:ioos:sensor:GOA_RUNOFF_DISCHARGE:q,58.069320239858385,-154.46915010358515,1985-05-25T00:00:00Z,0.24205999782012166
urn:ioos:station:GOA_RUNOFF_DISCHARGE,urn:ioos:sensor:GOA_RUNOFF_DISCHARGE:q,58.069320239858385,-154.46915010358515,1985-05-26T00:00:00Z,0.17132900827525321
urn:ioos:station:GOA_RUNOFF_DISCHARGE,urn:ioos:sensor:GOA_RUNOFF_DISCHARGE:q,58.069320239858385,-154.46915010358515,1985-05-27T00:00:00Z,0.12126591419130561
urn:ioos:station:GOA_RUNOFF_DISCHARGE,urn:ioos:sensor:GOA_RUNOFF_DISCHARGE:q,58.069320239858385,-154.46915010358515,1985-05-28T00:00:00Z,0.08583147512662136
urn:ioos:station:GOA_RUNOFF_DISCHARGE,urn:ioos:sensor:GOA_RUNOFF_DISCHARGE:q,58.069320239858385,-154.46915010358515,1985-05-29T00:00:00Z,0.060751136739362936
urn:ioos:station:GOA_RUNOFF_DISCHARGE,urn:ioos:sensor:GOA_RUNOFF_DISCHARGE:q,58.069320239858385,-154.46915010358515,1985-05-30T00:00:00Z,2.304094731112883
urn:ioos:station:GOA_RUNOFF_DISCHARGE,urn:ioos:sensor:GOA_RUNOFF_DISCHARGE:q,58.069320239858385,-154.46915010358515,1985-05-31T00:00:00Z,2.8884234342909707
urn:ioos:station:GOA_RUNOFF_DISCHARGE,urn:ioos:sensor:GOA_RUNOFF_DISCHARGE:q,58.069320239858385,-154.46915010358515,1985-06-01T00:00:00Z,2.109525436487313
urn:ioos:station:GOA_RUNOFF_DISCHARGE,urn:ioos:sensor:GOA_RUNOFF_DISCHARGE:q,58.069320239858385,-154.46915010358515,1985-06-02T00:00:00Z,1.9213737742329584
urn:ioos:station:GOA_RUNOFF_DISCHARGE,urn:ioos:sensor:GOA_RUNOFF_DISCHARGE:q,58.069320239858385,-154.46915010358515,1985-06-03T00:00:00Z,2.6636439594849213
urn:ioos:station:GOA_RUNOFF_DISCHARGE,urn:ioos:sensor:GOA_RUNOFF_DISCHARGE:q,58.069320239858385,-154.46915010358515,1985-06-04T00:00:00Z,3.9647959659851715
urn:ioos:station:GOA_RUNOFF_DISCHARGE,urn:ioos:sensor:GOA_RUNOFF_DISCHARGE:q,58.069320239858385,-154.46915010358515,1985-06-05T00:00:00Z,3.1030985125592885
urn:ioos:station:GOA_RUNOFF_DISCHARGE,urn:ioos:sensor:GOA_RUNOFF_DISCHARGE:q,58.069320239858385,-154.46915010358515,1985-06-06T00:00:00Z,2.2157442116166175
urn:ioos:station:GOA_RUNOFF_DISCHARGE,urn:ioos:sensor:GOA_RUNOFF_DISCHARGE:q,58.069320239858385,-154.46915010358515,1985-06-07T00:00:00Z,1.5702297472097164
urn:ioos:station:GOA_RUNOFF_DISCHARGE,urn:ioos:sensor:GOA_RUNOFF_DISCHARGE:q,58.069320239858385,-154.46915010358515,1985-06-08T00:00:00Z,1.1115949166984047
urn:ioos:station:GOA_RUNOFF_DISCHARGE,urn:ioos:sensor:GOA_RUNOFF_DISCHARGE:q,58.069320239858385,-154.46915010358515,1985-06-09T00:00:00Z,0.7868012419487234
urn:ioos:station:GOA_RUNOFF_DISCHARGE,urn:ioos:sensor:GOA_RUNOFF_DISCHARGE:q,58.069320239858385,-154.46915010358515,1985-06-10T00:00:00Z,0.556896357188872
urn:ioos:station:GOA_RUNOFF_DISCHARGE,urn:ioos:sensor:GOA_RUNOFF_DISCHARGE:q,58.069320239858385,-154.46915010358515,1985-06-11T00:00:00Z,0.3941689489940409
urn:ioos:station:GOA_RUNOFF_DISCHARGE,urn:ioos:sensor:GOA_RUNOFF_DISCHARGE:q,58.069320239858385,-154.46915010358515,1985-06-12T00:00:00Z,0.2789910830343506
urn:ioos:station:GOA_RUNOFF_DISCHARGE,urn:ioos:sensor:GOA_RUNOFF_DISCHARGE:q,58.069320239858385,-154.46915010358515,1985-06-13T00:00:00Z,0.19746863850686008
urn:ioos:station:GOA_RUNOFF_DISCHARGE,urn:ioos:sensor:GOA_RUNOFF_DISCHARGE:q,58.069320239858385,-154.46915010358515,1985-06-14T00:00:00Z,0.13976742129863493
urn:ioos:station:GOA_RUNOFF_DISCHARGE,urn:ioos:sensor:GOA_RUNOFF_DISCHARGE:q,58.069320239858385,-154.46915010358515,1985-06-15T00:00:00Z,0.09892676304115951
urn:ioos:station:GOA_RUNOFF_DISCHARGE,urn:ioos:sensor:GOA_RUNOFF_DISCHARGE:q,58.069320239858385,-154.46915010358515,1985-06-16T00:00:00Z,0.07001992187715453
urn:ioos:station:GOA_RUNOFF_DISCHARGE,urn:ioos:sensor:GOA_RUNOFF_DISCHARGE:q,58.069320239858385,-154.46915010358515,1985-06-17T00:00:00Z,0.04955978841701761
urn:ioos:station:GOA_RUNOFF_DISCHARGE,urn:ioos:sensor:GOA_RUNOFF_DISCHARGE:q,58.069320239858385,-154.46915010358515,1985-06-18T00:00:00Z,0.03507819810988112
urn:ioos:station:GOA_RUNOFF_DISCHARGE,urn:ioos:sensor:GOA_RUNOFF_DISCHARGE:q,58.069320239858385,-154.46915010358515,1985-06-19T00:00:00Z,0.024828190158014296
urn:ioos:station:GOA_RUNOFF_DISCHARGE,urn:ioos:sensor:GOA_RUNOFF_DISCHARGE:q,58.069320239858385,-154.46915010358515,1985-06-20T00:00:00Z,0.017573281363701013
urn:ioos:station:GOA_RUNOFF_DISCHARGE,urn:ioos:sensor:GOA_RUNOFF_DISCHARGE:q,58.069320239858385,-154.46915010358515,1985-06-21T00:00:00Z,0.01243829238777939
urn:ioos:station:GOA_RUNOFF_DISCHARGE,urn:ioos:sensor:GOA_RUNOFF_DISCHARGE:q,58.069320239858385,-154.46915010358515,1985-06-22T00:00:00Z,0.00880376678116121
urn:ioos:station:GOA_RUNOFF_DISCHARGE,urn:ioos:sensor:GOA_RUNOFF_DISCHARGE:q,58.069320239858385,-154.46915010358515,1985-06-23T00:00:00Z,0.006231267973597457
urn:ioos:station:GOA_RUNOFF_DISCHARGE,urn:ioos:sensor:GOA_RUNOFF_DISCHARGE:q,58.069320239858385,-154.46915010358515,1985-06-24T00:00:00Z,0.004410463912701197
urn:ioos:station:GOA_RUNOFF_DISCHARGE,urn:ioos:sensor:GOA_RUNOFF_DISCHARGE:q,58.069320239858385,-154.46915010358515,1985-06-25T00:00:00Z,0.0031217066962614484
urn:ioos:station:GOA_RUNOFF_DISCHARGE,urn:ioos:sensor:GOA_RUNOFF_DISCHARGE:q,58.069320239858385,-154.46915010358515,1985-06-26T00:00:00Z,0.0022095301827994586
urn:ioos:station:GOA_RUNOFF_DISCHARGE,urn:ioos:sensor:GOA_RUNOFF_DISCHARGE:q,58.069320239858385,-154.46915010358515,1985-06-27T00:00:00Z,0.001563895741140512
urn:ioos:station:GOA_RUNOFF_DISCHARGE,urn:ioos:sensor:GOA_RUNOFF_DISCHARGE:q,58.069320239858385,-154.46915010358515,1985-06-28T00:00:00Z,0.0011069184442664603
urn:ioos:station:GOA_RUNOFF_DISCHARGE,urn:ioos:sensor:GOA_RUNOFF_DISCHARGE:q,58.069320239858385,-154.46915010358515,1985-06-29T00:00:00Z,7.83471957740355E-4
urn:ioos:station:GOA_RUNOFF_DISCHARGE,urn:ioos:sensor:GOA_RUNOFF_DISCHARGE:q,58.069320239858385,-154.46915010358515,1985-06-30T00:00:00Z,5.545379541507414E-4
urn:ioos:station:GOA_RUNOFF_DISCHARGE,urn:ioos:sensor:GOA_RUNOFF_DISCHARGE:q,58.069320239858385,-154.46915010358515,1985-07-01T00:00:00Z,3.924994999063318E-4
urn:ioos:station:GOA_RUNOFF_DISCHARGE,urn:ioos:sensor:GOA_RUNOFF_DISCHARGE:q,58.069320239858385,-154.46915010358515,1985-07-02T00:00:00Z,2.7780940299470153E-4
urn:ioos:station:GOA_RUNOFF_DISCHARGE,urn:ioos:sensor:GOA_RUNOFF_DISCHARGE:q,58.069320239858385,-154.46915010358515,1985-07-03T00:00:00Z,0.051076821850120316
urn:ioos:station:GOA_RUNOFF_DISCHARGE,urn:ioos:sensor:GOA_RUNOFF_DISCHARGE:q,58.069320239858385,-154.46915010358515,1985-07-04T00:00:00Z,0.2930822603558442
urn:ioos:station:GOA_RUNOFF_DISCHARGE,urn:ioos:sensor:GOA_RUNOFF_DISCHARGE:q,58.069320239858385,-154.46915010358515,1985-07-05T00:00:00Z,0.21972296803281402
urn:ioos:station:GOA_RUNOFF_DISCHARGE,urn:ioos:sensor:GOA_RUNOFF_DISCHARGE:q,58.069320239858385,-154.46915010358515,1985-07-06T00:00:00Z,0.1567452636584072
urn:ioos:station:GOA_RUNOFF_DISCHARGE,urn:ioos:sensor:GOA_RUNOFF_DISCHARGE:q,58.069320239858385,-154.46915010358515,1985-07-07T00:00:00Z,2.048667516262744
urn:ioos:station:GOA_RUNOFF_DISCHARGE,urn:ioos:sensor:GOA_RUNOFF_DISCHARGE:q,58.069320239858385,-154.46915010358515,1985-07-08T00:00:00Z,1.5417088954142726
urn:ioos:station:GOA_RUNOFF_DISCHARGE,urn:ioos:sensor:GOA_RUNOFF_DISCHARGE:q,58.069320239858385,-154.46915010358515,1985-07-09T00:00:00Z,1.1003689276720343
urn:ioos:station:GOA_RUNOFF_DISCHARGE,urn:ioos:sensor:GOA_RUNOFF_DISCHARGE:q,58.069320239858385,-154.46915010358515,1985-07-10T00:00:00Z,0.7797504238819096
urn:ioos:station:GOA_RUNOFF_DISCHARGE,urn:ioos:sensor:GOA_RUNOFF_DISCHARGE:q,58.069320239858385,-154.46915010358515,1985-07-11T00:00:00Z,0.5519951210196737
urn:ioos:station:GOA_RUNOFF_DISCHARGE,urn:ioos:sensor:GOA_RUNOFF_DISCHARGE:q,58.069320239858385,-154.46915010358515,1985-07-12T00:00:00Z,0.3907088253131045
urn:ioos:station:GOA_RUNOFF_DISCHARGE,urn:ioos:sensor:GOA_RUNOFF_DISCHARGE:q,58.069320239858385,-154.46915010358515,1985-07-13T00:00:00Z,0.7568832507210644
urn:ioos:station:GOA_RUNOFF_DISCHARGE,urn:ioos:sensor:GOA_RUNOFF_DISCHARGE:q,58.069320239858385,-154.46915010358515,1985-07-14T00:00:00Z,0.5584413671221989
urn:ioos:station:GOA_RUNOFF_DISCHARGE,urn:ioos:sensor:GOA_RUNOFF_DISCHARGE:q,58.069320239858385,-154.46915010358515,1985-07-15T00:00:00Z,0.397531391316369
urn:ioos:station:GOA_RUNOFF_DISCHARGE,urn:ioos:sensor:GOA_RUNOFF_DISCHARGE:q,58.069320239858385,-154.46915010358515,1985-07-16T00:00:00Z,0.8074734459140138
urn:ioos:station:GOA_RUNOFF_DISCHARGE,urn:ioos:sensor:GOA_RUNOFF_DISCHARGE:q,58.069320239858385,-154.46915010358515,1985-07-17T00:00:00Z,2.4895193403267117
urn:ioos:station:GOA_RUNOFF_DISCHARGE,urn:ioos:sensor:GOA_RUNOFF_DISCHARGE:q,58.069320239858385,-154.46915010358515,1985-07-18T00:00:00Z,4.468525510810694
urn:ioos:station:GOA_RUNOFF_DISCHARGE,urn:ioos:sensor:GOA_RUNOFF_DISCHARGE:q,58.069320239858385,-154.46915010358515,1985-07-19T00:00:00Z,7.041137021941992
urn:ioos:station:GOA_RUNOFF_DISCHARGE,urn:ioos:sensor:GOA_RUNOFF_DISCHARGE:q,58.069320239858385,-154.46915010358515,1985-07-20T00:00:00Z,5.174134073262932
urn:ioos:station:GOA_RUNOFF_DISCHARGE,urn:ioos:sensor:GOA_RUNOFF_DISCHARGE:q,58.069320239858385,-154.46915010358515,1985-07-21T00:00:00Z,3.9323910139452156
urn:ioos:station:GOA_RUNOFF_DISCHARGE,urn:ioos:sensor:GOA_RUNOFF_DISCHARGE:q,58.069320239858385,-154.46915010358515,1985-07-22T00:00:00Z,3.7785207067177926
urn:ioos:station:GOA_RUNOFF_DISCHARGE,urn:ioos:sensor:GOA_RUNOFF_DISCHARGE:q,58.069320239858385,-154.46915010358515,1985-07-23T00:00:00Z,3.346684904942713
urn:ioos:station:GOA_RUNOFF_DISCHARGE,urn:ioos:sensor:GOA_RUNOFF_DISCHARGE:q,58.069320239858385,-154.46915010358515,1985-07-24T00:00:00Z,2.403082717672241
urn:ioos:station:GOA_RUNOFF_DISCHARGE,urn:ioos:sensor:GOA_RUNOFF_DISCHARGE:q,58.069320239858385,-154.46915010358515,1985-07-25T00:00:00Z,1.704317638847535
urn:ioos:station:GOA_RUNOFF_DISCHARGE,urn:ioos:sensor:GOA_RUNOFF_DISCHARGE:q,58.069320239858385,-154.46915010358515,1985-07-26T00:00:00Z,1.2066506530102197
urn:ioos:station:GOA_RUNOFF_DISCHARGE,urn:ioos:sensor:GOA_RUNOFF_DISCHARGE:q,58.069320239858385,-154.46915010358515,1985-07-27T00:00:00Z,0.8540961992588442
urn:ioos:station:GOA_RUNOFF_DISCHARGE,urn:ioos:sensor:GOA_RUNOFF_DISCHARGE:q,58.069320239858385,-154.46915010358515,1985-07-28T00:00:00Z,0.6045288792448102
urn:ioos:station:GOA_RUNOFF_DISCHARGE,urn:ioos:sensor:GOA_RUNOFF_DISCHARGE:q,58.069320239858385,-154.46915010358515,1985-07-29T00:00:00Z,0.6471393954518165
urn:ioos:station:GOA_RUNOFF_DISCHARGE,urn:ioos:sensor:GOA_RUNOFF_DISCHARGE:q,58.069320239858385,-154.46915010358515,1985-07-30T00:00:00Z,0.4684144118646606
urn:ioos:station:GOA_RUNOFF_DISCHARGE,urn:ioos:sensor:GOA_RUNOFF_DISCHARGE:q,58.069320239858385,-154.46915010358515,1985-07-31T00:00:00Z,0.3325773990101739
urn:ioos:station:GOA_RUNOFF_DISCHARGE,urn:ioos:sensor:GOA_RUNOFF_DISCHARGE:q,58.069320239858385,-154.46915010358515,1985-08-01T00:00:00Z,0.23550023413872898
urn:ioos:station:GOA_RUNOFF_DISCHARGE,urn:ioos:sensor:GOA_RUNOFF_DISCHARGE:q,58.069320239858385,-154.46915010358515,1985-08-02T00:00:00Z,0.16669636295288134
urn:ioos:station:GOA_RUNOFF_DISCHARGE,urn:ioos:sensor:GOA_RUNOFF_DISCHARGE:q,58.069320239858385,-154.46915010358515,1985-08-03T00:00:00Z,0.11798798104437948
urn:ioos:station:GOA_RUNOFF_DISCHARGE,urn:ioos:sensor:GOA_RUNOFF_DISCHARGE:q,58.069320239858385,-154.46915010358515,1985-08-04T00:00:00Z,0.08351146885864616
urn:ioos:station:GOA_RUNOFF_DISCHARGE,urn:ioos:sensor:GOA_RUNOFF_DISCHARGE:q,58.069320239858385,-154.46915010358515,1985-08-05T00:00:00Z,0.05910905801150314
urn:ioos:station:GOA_RUNOFF_DISCHARGE,urn:ioos:sensor:GOA_RUNOFF_DISCHARGE:q,58.069320239858385,-154.46915010358515,1985-08-06T00:00:00Z,0.04183712733916004
urn:ioos:station:GOA_RUNOFF_DISCHARGE,urn:ioos:sensor:GOA_RUNOFF_DISCHARGE:q,58.069320239858385,-154.46915010358515,1985-08-07T00:00:00Z,0.9981331839410107
urn:ioos:station:GOA_RUNOFF_DISCHARGE,urn:ioos:sensor:GOA_RUNOFF_DISCHARGE:q,58.069320239858385,-154.46915010358515,1985-08-08T00:00:00Z,0.7522905166204674
urn:ioos:station:GOA_RUNOFF_DISCHARGE,urn:ioos:sensor:GOA_RUNOFF_DISCHARGE:q,58.069320239858385,-154.46915010358515,1985-08-09T00:00:00Z,2.2534882885828456
urn:ioos:station:GOA_RUNOFF_DISCHARGE,urn:ioos:sensor:GOA_RUNOFF_DISCHARGE:q,58.069320239858385,-154.46915010358515,1985-08-10T00:00:00Z,1.6766629608771104
urn:ioos:station:GOA_RUNOFF_DISCHARGE,urn:ioos:sensor:GOA_RUNOFF_DISCHARGE:q,58.069320239858385,-154.46915010358515,1985-08-11T00:00:00Z,2.053657356330963
urn:ioos:station:GOA_RUNOFF_DISCHARGE,urn:ioos:sensor:GOA_RUNOFF_DISCHARGE:q,58.069320239858385,-154.46915010358515,1985-08-12T00:00:00Z,2.5081057677262724
urn:ioos:station:GOA_RUNOFF_DISCHARGE,urn:ioos:sensor:GOA_RUNOFF_DISCHARGE:q,58.069320239858385,-154.46915010358515,1985-08-13T00:00:00Z,3.552552479377893
urn:ioos:station:GOA_RUNOFF_DISCHARGE,urn:ioos:sensor:GOA_RUNOFF_DISCHARGE:q,58.069320239858385,-154.46915010358515,1985-08-14T00:00:00Z,4.49725764376698
urn:ioos:station:GOA_RUNOFF_DISCHARGE,urn:ioos:sensor:GOA_RUNOFF_DISCHARGE:q,58.069320239858385,-154.46915010358515,1985-08-15T00:00:00Z,3.2814974311669016
urn:ioos:station:GOA_RUNOFF_DISCHARGE,urn:ioos:sensor:GOA_RUNOFF_DISCHARGE:q,58.069320239858385,-154.46915010358515,1985-08-16T00:00:00Z,2.3324508730618927
urn:ioos:station:GOA_RUNOFF_DISCHARGE,urn:ioos:sensor:GOA_RUNOFF_DISCHARGE:q,58.069320239858385,-154.46915010358515,1985-08-17T00:00:00Z,1.6518793912841487
urn:ioos:station:GOA_RUNOFF_DISCHARGE,urn:ioos:sensor:GOA_RUNOFF_DISCHARGE:q,58.069320239858385,-154.46915010358515,1985-08-18T00:00:00Z,1.1692908551665435
urn:ioos:station:GOA_RUNOFF_DISCHARGE,urn:ioos:sensor:GOA_RUNOFF_DISCHARGE:q,58.069320239858385,-154.46915010358515,1985-08-19T00:00:00Z,4.807979348573426
urn:ioos:station:GOA_RUNOFF_DISCHARGE,urn:ioos:sensor:GOA_RUNOFF_DISCHARGE:q,58.069320239858385,-154.46915010358515,1985-08-20T00:00:00Z,3.9535835931481826
urn:ioos:station:GOA_RUNOFF_DISCHARGE,urn:ioos:sensor:GOA_RUNOFF_DISCHARGE:q,58.069320239858385,-154.46915010358515,1985-08-21T00:00:00Z,3.5981144855247993
urn:ioos:station:GOA_RUNOFF_DISCHARGE,urn:ioos:sensor:GOA_RUNOFF_DISCHARGE:q,58.069320239858385,-154.46915010358515,1985-08-22T00:00:00Z,2.586452137412429
urn:ioos:station:GOA_RUNOFF_DISCHARGE,urn:ioos:sensor:GOA_RUNOFF_DISCHARGE:q,58.069320239858385,-154.46915010358515,1985-08-23T00:00:00Z,1.834646278199521
urn:ioos:station:GOA_RUNOFF_DISCHARGE,urn:ioos:sensor:GOA_RUNOFF_DISCHARGE:q,58.069320239858385,-154.46915010358515,1985-08-24T00:00:00Z,1.862795875053561
urn:ioos:station:GOA_RUNOFF_DISCHARGE,urn:ioos:sensor:GOA_RUNOFF_DISCHARGE:q,58.069320239858385,-154.46915010358515,1985-08-25T00:00:00Z,1.4976444069845882
urn:ioos:station:GOA_RUNOFF_DISCHARGE,urn:ioos:sensor:GOA_RUNOFF_DISCHARGE:q,58.069320239858385,-154.46915010358515,1985-08-26T00:00:00Z,1.0699054337461007
urn:ioos:station:GOA_RUNOFF_DISCHARGE,urn:ioos:sensor:GOA_RUNOFF_DISCHARGE:q,58.069320239858385,-154.46915010358515,1985-08-27T00:00:00Z,0.7582607881028651
urn:ioos:station:GOA_RUNOFF_DISCHARGE,urn:ioos:sensor:GOA_RUNOFF_DISCHARGE:q,58.069320239858385,-154.46915010358515,1985-08-28T00:00:00Z,0.7640803606003662
urn:ioos:station:GOA_RUNOFF_DISCHARGE,urn:ioos:sensor:GOA_RUNOFF_DISCHARGE:q,58.069320239858385,-154.46915010358515,1985-08-29T00:00:00Z,0.761974389975988
urn:ioos:station:GOA_RUNOFF_DISCHARGE,urn:ioos:sensor:GOA_RUNOFF_DISCHARGE:q,58.069320239858385,-154.46915010358515,1985-08-30T00:00:00Z,0.5503497656906856
urn:ioos:station:GOA_RUNOFF_DISCHARGE,urn:ioos:sensor:GOA_RUNOFF_DISCHARGE:q,58.069320239858385,-154.46915010358515,1985-08-31T00:00:00Z,3.6204063582395922
urn:ioos:station:GOA_RUNOFF_DISCHARGE,urn:ioos:sensor:GOA_RUNOFF_DISCHARGE:q,58.069320239858385,-154.46915010358515,1985-09-01T00:00:00Z,2.5552825092207314
urn:ioos:station:GOA_RUNOFF_DISCHARGE,urn:ioos:sensor:GOA_RUNOFF_DISCHARGE:q,58.069320239858385,-154.46915010358515,1985-09-02T00:00:00Z,1.818715994409793
urn:ioos:station:GOA_RUNOFF_DISCHARGE,urn:ioos:sensor:GOA_RUNOFF_DISCHARGE:q,58.069320239858385,-154.46915010358515,1985-09-03T00:00:00Z,1.3048812637022271
urn:ioos:station:GOA_RUNOFF_DISCHARGE,urn:ioos:sensor:GOA_RUNOFF_DISCHARGE:q,58.069320239858385,-154.46915010358515,1985-09-04T00:00:00Z,0.9244749932385085
urn:ioos:station:GOA_RUNOFF_DISCHARGE,urn:ioos:sensor:GOA_RUNOFF_DISCHARGE:q,58.069320239858385,-154.46915010358515,1985-09-05T00:00:00Z,0.6544276745991526
urn:ioos:station:GOA_RUNOFF_DISCHARGE,urn:ioos:sensor:GOA_RUNOFF_DISCHARGE:q,58.069320239858385,-154.46915010358515,1985-09-06T00:00:00Z,0.4632098372542355
urn:ioos:station:GOA_RUNOFF_DISCHARGE,urn:ioos:sensor:GOA_RUNOFF_DISCHARGE:q,58.069320239858385,-154.46915010358515,1985-09-07T00:00:00Z,0.32785869871312245
urn:ioos:station:GOA_RUNOFF_DISCHARGE,urn:ioos:sensor:GOA_RUNOFF_DISCHARGE:q,58.069320239858385,-154.46915010358515,1985-09-08T00:00:00Z,0.8984167641390751
urn:ioos:station:GOA_RUNOFF_DISCHARGE,urn:ioos:sensor:GOA_RUNOFF_DISCHARGE:q,58.069320239858385,-154.46915010358515,1985-09-09T00:00:00Z,0.6674178481628114
urn:ioos:station:GOA_RUNOFF_DISCHARGE,urn:ioos:sensor:GOA_RUNOFF_DISCHARGE:q,58.069320239858385,-154.46915010358515,1985-09-10T00:00:00Z,0.47554317768228294
urn:ioos:station:GOA_RUNOFF_DISCHARGE,urn:ioos:sensor:GOA_RUNOFF_DISCHARGE:q,58.069320239858385,-154.46915010358515,1985-09-11T00:00:00Z,0.33690165737665684
urn:ioos:station:GOA_RUNOFF_DISCHARGE,urn:ioos:sensor:GOA_RUNOFF_DISCHARGE:q,58.069320239858385,-154.46915010358515,1985-09-12T00:00:00Z,0.23848888903998544
urn:ioos:station:GOA_RUNOFF_DISCHARGE,urn:ioos:sensor:GOA_RUNOFF_DISCHARGE:q,58.069320239858385,-154.46915010358515,1985-09-13T00:00:00Z,0.5013990715230772
urn:ioos:station:GOA_RUNOFF_DISCHARGE,urn:ioos:sensor:GOA_RUNOFF_DISCHARGE:q,58.069320239858385,-154.46915010358515,1985-09-14T00:00:00Z,2.4730733515864864
urn:ioos:station:GOA_RUNOFF_DISCHARGE,urn:ioos:sensor:GOA_RUNOFF_DISCHARGE:q,58.069320239858385,-154.46915010358515,1985-09-15T00:00:00Z,1.8514586542578932
urn:ioos:station:GOA_RUNOFF_DISCHARGE,urn:ioos:sensor:GOA_RUNOFF_DISCHARGE:q,58.069320239858385,-154.46915010358515,1985-09-16T00:00:00Z,1.320542775753724
urn:ioos:station:GOA_RUNOFF_DISCHARGE,urn:ioos:sensor:GOA_RUNOFF_DISCHARGE:q,58.069320239858385,-154.46915010358515,1985-09-17T00:00:00Z,0.9356816433292351
urn:ioos:station:GOA_RUNOFF_DISCHARGE,urn:ioos:sensor:GOA_RUNOFF_DISCHARGE:q,58.069320239858385,-154.46915010358515,1985-09-18T00:00:00Z,5.235661357464065
urn:ioos:station:GOA_RUNOFF_DISCHARGE,urn:ioos:sensor:GOA_RUNOFF_DISCHARGE:q,58.069320239858385,-154.46915010358515,1985-09-19T00:00:00Z,4.659587880215496
urn:ioos:station:GOA_RUNOFF_DISCHARGE,urn:ioos:sensor:GOA_RUNOFF_DISCHARGE:q,58.069320239858385,-154.46915010358515,1985-09-20T00:00:00Z,3.3545257251084393
urn:ioos:station:GOA_RUNOFF_DISCHARGE,urn:ioos:sensor:GOA_RUNOFF_DISCHARGE:q,58.069320239858385,-154.46915010358515,1985-09-21T00:00:00Z,2.3799594022821564
urn:ioos:station:GOA_RUNOFF_DISCHARGE,urn:ioos:sensor:GOA_RUNOFF_DISCHARGE:q,58.069320239858385,-154.46915010358515,1985-09-22T00:00:00Z,3.5677834041072014
urn:ioos:station:GOA_RUNOFF_DISCHARGE,urn:ioos:sensor:GOA_RUNOFF_DISCHARGE:q,58.069320239858385,-154.46915010358515,1985-09-23T00:00:00Z,2.6484496077087347
urn:ioos:station:GOA_RUNOFF_DISCHARGE,urn:ioos:sensor:GOA_RUNOFF_DISCHARGE:q,58.069320239858385,-154.46915010358515,1985-09-24T00:00:00Z,1.8850716977673434
urn:ioos:station:GOA_RUNOFF_DISCHARGE,urn:ioos:sensor:GOA_RUNOFF_DISCHARGE:q,58.069320239858385,-154.46915010358515,1985-09-25T00:00:00Z,1.335294963157813
urn:ioos:station:GOA_RUNOFF_DISCHARGE,urn:ioos:sensor:GOA_RUNOFF_DISCHARGE:q,58.069320239858385,-154.46915010358515,1985-09-26T00:00:00Z,6.003541292688868
urn:ioos:station:GOA_RUNOFF_DISCHARGE,urn:ioos:sensor:GOA_RUNOFF_DISCHARGE:q,58.069320239858385,-154.46915010358515,1985-09-27T00:00:00Z,11.426500899648644
urn:ioos:station:GOA_RUNOFF_DISCHARGE,urn:ioos:sensor:GOA_RUNOFF_DISCHARGE:q,58.069320239858385,-154.46915010358515,1985-09-28T00:00:00Z,8.43972305916607
urn:ioos:station:GOA_RUNOFF_DISCHARGE,urn:ioos:sensor:GOA_RUNOFF_DISCHARGE:q,58.069320239858385,-154.46915010358515,1985-09-29T00:00:00Z,13.018830445790572
urn:ioos:station:GOA_RUNOFF_DISCHARGE,urn:ioos:sensor:GOA_RUNOFF_DISCHARGE:q,58.069320239858385,-154.46915010358515,1985-09-30T00:00:00Z,9.549795856916196
urn:ioos:station:GOA_RUNOFF_DISCHARGE,urn:ioos:sensor:GOA_RUNOFF_DISCHARGE:q,58.069320239858385,-154.46915010358515,1985-10-01T00:00:00Z,6.792767729257475
urn:ioos:station:GOA_RUNOFF_DISCHARGE,urn:ioos:sensor:GOA_RUNOFF_DISCHARGE:q,58.069320239858385,-154.46915010358515,1985-10-02T00:00:00Z,4.811233025827431
urn:ioos:station:GOA_RUNOFF_DISCHARGE,urn:ioos:sensor:GOA_RUNOFF_DISCHARGE:q,58.069320239858385,-154.46915010358515,1985-10-03T00:00:00Z,3.4057028635760425
urn:ioos:station:GOA_RUNOFF_DISCHARGE,urn:ioos:sensor:GOA_RUNOFF_DISCHARGE:q,58.069320239858385,-154.46915010358515,1985-10-04T00:00:00Z,2.41057491076684
urn:ioos:station:GOA_RUNOFF_DISCHARGE,urn:ioos:sensor:GOA_RUNOFF_DISCHARGE:q,58.069320239858385,-154.46915010358515,1985-10-05T00:00:00Z,1.706197330769144
urn:ioos:station:GOA_RUNOFF_DISCHARGE,urn:ioos:sensor:GOA_RUNOFF_DISCHARGE:q,58.069320239858385,-154.46915010358515,1985-10-06T00:00:00Z,3.5665012458297656
urn:ioos:station:GOA_RUNOFF_DISCHARGE,urn:ioos:sensor:GOA_RUNOFF_DISCHARGE:q,58.069320239858385,-154.46915010358515,1985-10-07T00:00:00Z,4.597449643516886
urn:ioos:station:GOA_RUNOFF_DISCHARGE,urn:ioos:sensor:GOA_RUNOFF_DISCHARGE:q,58.069320239858385,-154.46915010358515,1985-10-08T00:00:00Z,6.117100575247485
urn:ioos:station:GOA_RUNOFF_DISCHARGE,urn:ioos:sensor:GOA_RUNOFF_DISCHARGE:q,58.069320239858385,-154.46915010358515,1985-10-09T00:00:00Z,5.085149710284142
urn:ioos:station:GOA_RUNOFF_DISCHARGE,urn:ioos:sensor:GOA_RUNOFF_DISCHARGE:q,58.069320239858385,-154.46915010358515,1985-10-10T00:00:00Z,3.6514191700279754
urn:ioos:station:GOA_RUNOFF_DISCHARGE,urn:ioos:sensor:GOA_RUNOFF_DISCHARGE:q,58.069320239858385,-154.46915010358515,1985-10-11T00:00:00Z,2.589193267093185
urn:ioos:station:GOA_RUNOFF_DISCHARGE,urn:ioos:sensor:GOA_RUNOFF_DISCHARGE:q,58.069320239858385,-154.46915010358515,1985-10-12T00:00:00Z,2.272905106198615
urn:ioos:station:GOA_RUNOFF_DISCHARGE,urn:ioos:sensor:GOA_RUNOFF_DISCHARGE:q,58.069320239858385,-154.46915010358515,1985-10-13T00:00:00Z,1.630585907566633
urn:ioos:station:GOA_RUNOFF_DISCHARGE,urn:ioos:sensor:GOA_RUNOFF_DISCHARGE:q,58.069320239858385,-154.46915010358515,1985-10-14T00:00:00Z,1.1562502293456103
urn:ioos:station:GOA_RUNOFF_DISCHARGE,urn:ioos:sensor:GOA_RUNOFF_DISCHARGE:q,58.069320239858385,-154.46915010358515,1985-10-15T00:00:00Z,2.397115800903169
urn:ioos:station:GOA_RUNOFF_DISCHARGE,urn:ioos:sensor:GOA_RUNOFF_DISCHARGE:q,58.069320239858385,-154.46915010358515,1985-10-16T00:00:00Z,2.018734001263616
urn:ioos:station:GOA_RUNOFF_DISCHARGE,urn:ioos:sensor:GOA_RUNOFF_DISCHARGE:q,58.069320239858385,-154.46915010358515,1985-10-17T00:00:00Z,1.3831212034636513
urn:ioos:station:GOA_RUNOFF_DISCHARGE,urn:ioos:sensor:GOA_RUNOFF_DISCHARGE:q,58.069320239858385,-154.46915010358515,1985-10-18T00:00:00Z,0.9001985773659978
urn:ioos:station:GOA_RUNOFF_DISCHARGE,urn:ioos:sensor:GOA_RUNOFF_DISCHARGE:q,58.069320239858385,-154.46915010358515,1985-10-19T00:00:00Z,0.6412698969265823
urn:ioos:station:GOA_RUNOFF_DISCHARGE,urn:ioos:sensor:GOA_RUNOFF_DISCHARGE:q,58.069320239858385,-154.46915010358515,1985-10-20T00:00:00Z,0.41396889460524067
urn:ioos:station:GOA_RUNOFF_DISCHARGE,urn:ioos:sensor:GOA_RUNOFF_DISCHARGE:q,58.069320239858385,-154.46915010358515,1985-10-21T00:00:00Z,0.6430072437572631
urn:ioos:station:GOA_RUNOFF_DISCHARGE,urn:ioos:sensor:GOA_RUNOFF_DISCHARGE:q,58.069320239858385,-154.46915010358515,1985-10-22T00:00:00Z,0.42764352835543007
urn:ioos:station:GOA_RUNOFF_DISCHARGE,urn:ioos:sensor:GOA_RUNOFF_DISCHARGE:q,58.069320239858385,-154.46915010358515,1985-10-23T00:00:00Z,0.2782025938453694
urn:ioos:station:GOA_RUNOFF_DISCHARGE,urn:ioos:sensor:GOA_RUNOFF_DISCHARGE:q,58.069320239858385,-154.46915010358515,1985-10-24T00:00:00Z,0.1806438631649204
urn:ioos:station:GOA_RUNOFF_DISCHARGE,urn:ioos:sensor:GOA_RUNOFF_DISCHARGE:q,58.069320239858385,-154.46915010358515,1985-10-25T00:00:00Z,0.11727748071788978
urn:ioos:station:GOA_RUNOFF_DISCHARGE,urn:ioos:sensor:GOA_RUNOFF_DISCHARGE:q,58.069320239858385,-154.46915010358515,1985-10-26T00:00:00Z,0.07613774318953755
urn:ioos:station:GOA_RUNOFF_DISCHARGE,urn:ioos:sensor:GOA_RUNOFF_DISCHARGE:q,58.069320239858385,-154.46915010358515,1985-10-27T00:00:00Z,0.049429345158293655
urn:ioos:station:GOA_RUNOFF_DISCHARGE,urn:ioos:sensor:GOA_RUNOFF_DISCHARGE:q,58.069320239858385,-154.46915010358515,1985-10-28T00:00:00Z,0.032089995437136726
urn:ioos:station:GOA_RUNOFF_DISCHARGE,urn:ioos:sensor:GOA_RUNOFF_DISCHARGE:q,58.069320239858385,-154.46915010358515,1985-10-29T00:00:00Z,0.02083312742572828
urn:ioos:station:GOA_RUNOFF_DISCHARGE,urn:ioos:sensor:GOA_RUNOFF_DISCHARGE:q,58.069320239858385,-154.46915010358515,1985-10-30T00:00:00Z,0.013525059169820554
urn:ioos:station:GOA_RUNOFF_DISCHARGE,urn:ioos:sensor:GOA_RUNOFF_DISCHARGE:q,58.069320239858385,-154.46915010358515,1985-10-31T00:00:00Z,0.008780596236669791
urn:ioos:station:GOA_RUNOFF_DISCHARGE,urn:ioos:sensor:GOA_RUNOFF_DISCHARGE:q,58.069320239858385,-154.46915010358515,1985-11-01T00:00:00Z,0.0057004457433958025
urn:ioos:station:GOA_RUNOFF_DISCHARGE,urn:ioos:sensor:GOA_RUNOFF_DISCHARGE:q,58.069320239858385,-154.46915010358515,1985-11-02T00:00:00Z,0.003700782993441622
urn:ioos:station:GOA_RUNOFF_DISCHARGE,urn:ioos:sensor:GOA_RUNOFF_DISCHARGE:q,58.069320239858385,-154.46915010358515,1985-11-03T00:00:00Z,0.002402582937332121
urn:ioos:station:GOA_RUNOFF_DISCHARGE,urn:ioos:sensor:GOA_RUNOFF_DISCHARGE:q,58.069320239858385,-154.46915010358515,1985-11-04T00:00:00Z,0.0015597793054145455
urn:ioos:station:GOA_RUNOFF_DISCHARGE,urn:ioos:sensor:GOA_RUNOFF_DISCHARGE:q,58.069320239858385,-154.46915010358515,1985-11-05T00:00:00Z,0.0010126233393533866
urn:ioos:station:GOA_RUNOFF_DISCHARGE,urn:ioos:sensor:GOA_RUNOFF_DISCHARGE:q,58.069320239858385,-154.46915010358515,1985-11-06T00:00:00Z,6.574045237667638E-4
urn:ioos:station:GOA_RUNOFF_DISCHARGE,urn:ioos:sensor:GOA_RUNOFF_DISCHARGE:q,58.069320239858385,-154.46915010358515,1985-11-07T00:00:00Z,4.267931956326825E-4
urn:ioos:station:GOA_RUNOFF_DISCHARGE,urn:ioos:sensor:GOA_RUNOFF_DISCHARGE:q,58.069320239858385,-154.46915010358515,1985-11-08T00:00:00Z,2.770781610533367E-4
urn:ioos:station:GOA_RUNOFF_DISCHARGE,urn:ioos:sensor:GOA_RUNOFF_DISCHARGE:q,58.069320239858385,-154.46915010358515,1985-11-09T00:00:00Z,1.798817436517315E-4
urn:ioos:station:GOA_RUNOFF_DISCHARGE,urn:ioos:sensor:GOA_RUNOFF_DISCHARGE:q,58.069320239858385,-154.46915010358515,1985-11-10T00:00:00Z,1.1678092308405142E-4
urn:ioos:station:GOA_RUNOFF_DISCHARGE,urn:ioos:sensor:GOA_RUNOFF_DISCHARGE:q,58.069320239858385,-154.46915010358515,1985-11-11T00:00:00Z,0.010885219425640507
urn:ioos:station:GOA_RUNOFF_DISCHARGE,urn:ioos:sensor:GOA_RUNOFF_DISCHARGE:q,58.069320239858385,-154.46915010358515,1985-11-12T00:00:00Z,0.43614075409526526
urn:ioos:station:GOA_RUNOFF_DISCHARGE,urn:ioos:sensor:GOA_RUNOFF_DISCHARGE:q,58.069320239858385,-154.46915010358515,1985-11-13T00:00:00Z,0.29485039161469256
urn:ioos:station:GOA_RUNOFF_DISCHARGE,urn:ioos:sensor:GOA_RUNOFF_DISCHARGE:q,58.069320239858385,-154.46915010358515,1985-11-14T00:00:00Z,0.19207662751168464
urn:ioos:station:GOA_RUNOFF_DISCHARGE,urn:ioos:sensor:GOA_RUNOFF_DISCHARGE:q,58.069320239858385,-154.46915010358515,1985-11-15T00:00:00Z,0.1247348275500494
urn:ioos:station:GOA_RUNOFF_DISCHARGE,urn:ioos:sensor:GOA_RUNOFF_DISCHARGE:q,58.069320239858385,-154.46915010358515,1985-11-16T00:00:00Z,0.08098109410919015
urn:ioos:station:GOA_RUNOFF_DISCHARGE,urn:ioos:sensor:GOA_RUNOFF_DISCHARGE:q,58.069320239858385,-154.46915010358515,1985-11-17T00:00:00Z,0.052573801004296636
urn:ioos:station:GOA_RUNOFF_DISCHARGE,urn:ioos:sensor:GOA_RUNOFF_DISCHARGE:q,58.069320239858385,-154.46915010358515,1985-11-18T00:00:00Z,0.03413141249700041
urn:ioos:station:GOA_RUNOFF_DISCHARGE,urn:ioos:sensor:GOA_RUNOFF_DISCHARGE:q,58.069320239858385,-154.46915010358515,1985-11-19T00:00:00Z,0.02215843241438425
urn:ioos:station:GOA_RUNOFF_DISCHARGE,urn:ioos:sensor:GOA_RUNOFF_DISCHARGE:q,58.069320239858385,-154.46915010358515,1985-11-20T00:00:00Z,0.014385462970142458
urn:ioos:station:GOA_RUNOFF_DISCHARGE,urn:ioos:sensor:GOA_RUNOFF_DISCHARGE:q,58.069320239858385,-154.46915010358515,1985-11-21T00:00:00Z,2.4925159544497806
urn:ioos:station:GOA_RUNOFF_DISCHARGE,urn:ioos:sensor:GOA_RUNOFF_DISCHARGE:q,58.069320239858385,-154.46915010358515,1985-11-22T00:00:00Z,4.45231448356067
urn:ioos:station:GOA_RUNOFF_DISCHARGE,urn:ioos:sensor:GOA_RUNOFF_DISCHARGE:q,58.069320239858385,-154.46915010358515,1985-11-23T00:00:00Z,3.1093756416429708
urn:ioos:station:GOA_RUNOFF_DISCHARGE,urn:ioos:sensor:GOA_RUNOFF_DISCHARGE:q,58.069320239858385,-154.46915010358515,1985-11-24T00:00:00Z,2.0268892435802837
urn:ioos:station:GOA_RUNOFF_DISCHARGE,urn:ioos:sensor:GOA_RUNOFF_DISCHARGE:q,58.069320239858385,-154.46915010358515,1985-11-25T00:00:00Z,1.316338991062858
urn:ioos:station:GOA_RUNOFF_DISCHARGE,urn:ioos:sensor:GOA_RUNOFF_DISCHARGE:q,58.069320239858385,-154.46915010358515,1985-11-26T00:00:00Z,6.149731542875439
urn:ioos:station:GOA_RUNOFF_DISCHARGE,urn:ioos:sensor:GOA_RUNOFF_DISCHARGE:q,58.069320239858385,-154.46915010358515,1985-11-27T00:00:00Z,5.276685160046594
urn:ioos:station:GOA_RUNOFF_DISCHARGE,urn:ioos:sensor:GOA_RUNOFF_DISCHARGE:q,58.069320239858385,-154.46915010358515,1985-11-28T00:00:00Z,4.95588773821242
urn:ioos:station:GOA_RUNOFF_DISCHARGE,urn:ioos:sensor:GOA_RUNOFF_DISCHARGE:q,58.069320239858385,-154.46915010358515,1985-11-29T00:00:00Z,8.15794029552565
urn:ioos:station:GOA_RUNOFF_DISCHARGE,urn:ioos:sensor:GOA_RUNOFF_DISCHARGE:q,58.069320239858385,-154.46915010358515,1985-11-30T00:00:00Z,9.501785830943051
urn:ioos:station:GOA_RUNOFF_DISCHARGE,urn:ioos:sensor:GOA_RUNOFF_DISCHARGE:q,58.069320239858385,-154.46915010358515,1985-12-01T00:00:00Z,19.539100731664288
urn:ioos:station:GOA_RUNOFF_DISCHARGE,urn:ioos:sensor:GOA_RUNOFF_DISCHARGE:q,58.069320239858385,-154.46915010358515,1985-12-02T00:00:00Z,15.248340822208222
urn:ioos:station:GOA_RUNOFF_DISCHARGE,urn:ioos:sensor:GOA_RUNOFF_DISCHARGE:q,58.069320239858385,-154.46915010358515,1985-12-03T00:00:00Z,9.997979242507274
urn:ioos:station:GOA_RUNOFF_DISCHARGE,urn:ioos:sensor:GOA_RUNOFF_DISCHARGE:q,58.069320239858385,-154.46915010358515,1985-12-04T00:00:00Z,6.495794297447658
urn:ioos:station:GOA_RUNOFF_DISCHARGE,urn:ioos:sensor:GOA_RUNOFF_DISCHARGE:q,58.069320239858385,-154.46915010358515,1985-12-05T00:00:00Z,4.217411931068172
urn:ioos:station:GOA_RUNOFF_DISCHARGE,urn:ioos:sensor:GOA_RUNOFF_DISCHARGE:q,58.069320239858385,-154.46915010358515,1985-12-06T00:00:00Z,2.737999141214907
urn:ioos:station:GOA_RUNOFF_DISCHARGE,urn:ioos:sensor:GOA_RUNOFF_DISCHARGE:q,58.069320239858385,-154.46915010358515,1985-12-07T00:00:00Z,1.7775357700961052
urn:ioos:station:GOA_RUNOFF_DISCHARGE,urn:ioos:sensor:GOA_RUNOFF_DISCHARGE:q,58.069320239858385,-154.46915010358515,1985-12-08T00:00:00Z,15.55229416265416
urn:ioos:station:GOA_RUNOFF_DISCHARGE,urn:ioos:sensor:GOA_RUNOFF_DISCHARGE:q,58.069320239858385,-154.46915010358515,1985-12-09T00:00:00Z,17.053246053863354
urn:ioos:station:GOA_RUNOFF_DISCHARGE,urn:ioos:sensor:GOA_RUNOFF_DISCHARGE:q,58.069320239858385,-154.46915010358515,1985-12-10T00:00:00Z,14.875019903624967
urn:ioos:station:GOA_RUNOFF_DISCHARGE,urn:ioos:sensor:GOA_RUNOFF_DISCHARGE:q,58.069320239858385,-154.46915010358515,1985-12-11T00:00:00Z,17.856079733911514
urn:ioos:station:GOA_RUNOFF_DISCHARGE,urn:ioos:sensor:GOA_RUNOFF_DISCHARGE:q,58.069320239858385,-154.46915010358515,1985-12-12T00:00:00Z,12.054794765430492
urn:ioos:station:GOA_RUNOFF_DISCHARGE,urn:ioos:sensor:GOA_RUNOFF_DISCHARGE:q,58.069320239858385,-154.46915010358515,1985-12-13T00:00:00Z,8.885922559386357
urn:ioos:station:GOA_RUNOFF_DISCHARGE,urn:ioos:sensor:GOA_RUNOFF_DISCHARGE:q,58.069320239858385,-154.46915010358515,1985-12-14T00:00:00Z,7.621018296151581
urn:ioos:station:GOA_RUNOFF_DISCHARGE,urn:ioos:sensor:GOA_RUNOFF_DISCHARGE:q,58.069320239858385,-154.46915010358515,1985-12-15T00:00:00Z,6.390352631793503
urn:ioos:station:GOA_RUNOFF_DISCHARGE,urn:ioos:sensor:GOA_RUNOFF_DISCHARGE:q,58.069320239858385,-154.46915010358515,1985-12-16T00:00:00Z,4.188850033368506
urn:ioos:station:GOA_RUNOFF_DISCHARGE,urn:ioos:sensor:GOA_RUNOFF_DISCHARGE:q,58.069320239858385,-154.46915010358515,1985-12-17T00:00:00Z,2.721696023795151
urn:ioos:station:GOA_RUNOFF_DISCHARGE,urn:ioos:sensor:GOA_RUNOFF_DISCHARGE:q,58.069320239858385,-154.46915010358515,1985-12-18T00:00:00Z,4.846740364128262
urn:ioos:station:GOA_RUNOFF_DISCHARGE,urn:ioos:sensor:GOA_RUNOFF_DISCHARGE:q,58.069320239858385,-154.46915010358515,1985-12-19T00:00:00Z,5.084210390552879
urn:ioos:station:GOA_RUNOFF_DISCHARGE,urn:ioos:sensor:GOA_RUNOFF_DISCHARGE:q,58.069320239858385,-154.46915010358515,1985-12-20T00:00:00Z,4.4833783396145614
urn:ioos:station:GOA_RUNOFF_DISCHARGE,urn:ioos:sensor:GOA_RUNOFF_DISCHARGE:q,58.069320239858385,-154.46915010358515,1985-12-21T00:00:00Z,5.543807694895272
urn:ioos:station:GOA_RUNOFF_DISCHARGE,urn:ioos:sensor:GOA_RUNOFF_DISCHARGE:q,58.069320239858385,-154.46915010358515,1985-12-22T00:00:00Z,5.205926757231557
urn:ioos:station:GOA_RUNOFF_DISCHARGE,urn:ioos:sensor:GOA_RUNOFF_DISCHARGE:q,58.069320239858385,-154.46915010358515,1985-12-23T00:00:00Z,4.646303741674315
urn:ioos:station:GOA_RUNOFF_DISCHARGE,urn:ioos:sensor:GOA_RUNOFF_DISCHARGE:q,58.069320239858385,-154.46915010358515,1985-12-24T00:00:00Z,3.337624021585427
urn:ioos:station:GOA_RUNOFF_DISCHARGE,urn:ioos:sensor:GOA_RUNOFF_DISCHARGE:q,58.069320239858385,-154.46915010358515,1985-12-25T00:00:00Z,2.3805119433005464
urn:ioos:station:GOA_RUNOFF_DISCHARGE,urn:ioos:sensor:GOA_RUNOFF_DISCHARGE:q,58.069320239858385,-154.46915010358515,1985-12-26T00:00:00Z,4.91969735396695
urn:ioos:station:GOA_RUNOFF_DISCHARGE,urn:ioos:sensor:GOA_RUNOFF_DISCHARGE:q,58.069320239858385,-154.46915010358515,1985-12-27T00:00:00Z,6.165963093077575
urn:ioos:station:GOA_RUNOFF_DISCHARGE,urn:ioos:sensor:GOA_RUNOFF_DISCHARGE:q,58.069320239858385,-154.46915010358515,1985-12-28T00:00:00Z,4.637884069013133
urn:ioos:station:GOA_RUNOFF_DISCHARGE,urn:ioos:sensor:GOA_RUNOFF_DISCHARGE:q,58.069320239858385,-154.46915010358515,1985-12-29T00:00:00Z,5.107106637895882
urn:ioos:station:GOA_RUNOFF_DISCHARGE,urn:ioos:sensor:GOA_RUNOFF_DISCHARGE:q,58.069320239858385,-154.46915010358515,1985-12-30T00:00:00Z,5.079827424703192
urn:ioos:station:GOA_RUNOFF_DISCHARGE,urn:ioos:sensor:GOA_RUNOFF_DISCHARGE:q,58.069320239858385,-154.46915010358515,1985-12-31T00:00:00Z,3.3704875826706466
urn:ioos:station:GOA_RUNOFF_DISCHARGE,urn:ioos:sensor:GOA_RUNOFF_DISCHARGE:q,58.069320239858385,-154.46915010358515,1986-01-01T00:00:00Z,2.19157251542283
urn:ioos:station:GOA_RUNOFF_DISCHARGE,urn:ioos:sensor:GOA_RUNOFF_DISCHARGE:q,58.069320239858385,-154.46915010358515,1986-01-02T00:00:00Z,1.4229812494155427
urn:ioos:station:GOA_RUNOFF_DISCHARGE,urn:ioos:sensor:GOA_RUNOFF_DISCHARGE:q,58.069320239858385,-154.46915010358515,1986-01-03T00:00:00Z,2.668387918799956
urn:ioos:station:GOA_RUNOFF_DISCHARGE,urn:ioos:sensor:GOA_RUNOFF_DISCHARGE:q,58.069320239858385,-154.46915010358515,1986-01-04T00:00:00Z,3.3977115417614976
urn:ioos:station:GOA_RUNOFF_DISCHARGE,urn:ioos:sensor:GOA_RUNOFF_DISCHARGE:q,58.069320239858385,-154.46915010358515,1986-01-05T00:00:00Z,2.473433818822293
urn:ioos:station:GOA_RUNOFF_DISCHARGE,urn:ioos:sensor:GOA_RUNOFF_DISCHARGE:q,58.069320239858385,-154.46915010358515,1986-01-06T00:00:00Z,1.6144210569588597
urn:ioos:station:GOA_RUNOFF_DISCHARGE,urn:ioos:sensor:GOA_RUNOFF_DISCHARGE:q,58.069320239858385,-154.46915010358515,1986-01-07T00:00:00Z,1.0485826127316558
urn:ioos:station:GOA_RUNOFF_DISCHARGE,urn:ioos:sensor:GOA_RUNOFF_DISCHARGE:q,58.069320239858385,-154.46915010358515,1986-01-08T00:00:00Z,0.6807768428562454
urn:ioos:station:GOA_RUNOFF_DISCHARGE,urn:ioos:sensor:GOA_RUNOFF_DISCHARGE:q,58.069320239858385,-154.46915010358515,1986-01-09T00:00:00Z,0.44196828581457887
urn:ioos:station:GOA_RUNOFF_DISCHARGE,urn:ioos:sensor:GOA_RUNOFF_DISCHARGE:q,58.069320239858385,-154.46915010358515,1986-01-10T00:00:00Z,0.2869300121201874
urn:ioos:station:GOA_RUNOFF_DISCHARGE,urn:ioos:sensor:GOA_RUNOFF_DISCHARGE:q,58.069320239858385,-154.46915010358515,1986-01-11T00:00:00Z,0.18627769307900732
urn:ioos:station:GOA_RUNOFF_DISCHARGE,urn:ioos:sensor:GOA_RUNOFF_DISCHARGE:q,58.069320239858385,-154.46915010358515,1986-01-12T00:00:00Z,3.4408536813626265
urn:ioos:station:GOA_RUNOFF_DISCHARGE,urn:ioos:sensor:GOA_RUNOFF_DISCHARGE:q,58.069320239858385,-154.46915010358515,1986-01-13T00:00:00Z,6.045652285503772
urn:ioos:station:GOA_RUNOFF_DISCHARGE,urn:ioos:sensor:GOA_RUNOFF_DISCHARGE:q,58.069320239858385,-154.46915010358515,1986-01-14T00:00:00Z,4.069927419324715
urn:ioos:station:GOA_RUNOFF_DISCHARGE,urn:ioos:sensor:GOA_RUNOFF_DISCHARGE:q,58.069320239858385,-154.46915010358515,1986-01-15T00:00:00Z,2.650376397174292
urn:ioos:station:GOA_RUNOFF_DISCHARGE,urn:ioos:sensor:GOA_RUNOFF_DISCHARGE:q,58.069320239858385,-154.46915010358515,1986-01-16T00:00:00Z,1.7211062030191624
urn:ioos:station:GOA_RUNOFF_DISCHARGE,urn:ioos:sensor:GOA_RUNOFF_DISCHARGE:q,58.069320239858385,-154.46915010358515,1986-01-17T00:00:00Z,1.117383967882509
urn:ioos:station:GOA_RUNOFF_DISCHARGE,urn:ioos:sensor:GOA_RUNOFF_DISCHARGE:q,58.069320239858385,-154.46915010358515,1986-01-18T00:00:00Z,0.725417618412372
urn:ioos:station:GOA_RUNOFF_DISCHARGE,urn:ioos:sensor:GOA_RUNOFF_DISCHARGE:q,58.069320239858385,-154.46915010358515,1986-01-19T00:00:00Z,0.47094804265940354
urn:ioos:station:GOA_RUNOFF_DISCHARGE,urn:ioos:sensor:GOA_RUNOFF_DISCHARGE:q,58.069320239858385,-154.46915010358515,1986-01-20T00:00:00Z,0.3057438693496388
urn:ioos:station:GOA_RUNOFF_DISCHARGE,urn:ioos:sensor:GOA_RUNOFF_DISCHARGE:q,58.069320239858385,-154.46915010358515,1986-01-21T00:00:00Z,0.19849179318192542
urn:ioos:station:GOA_RUNOFF_DISCHARGE,urn:ioos:sensor:GOA_RUNOFF_DISCHARGE:q,58.069320239858385,-154.46915010358515,1986-01-22T00:00:00Z,0.12886272829658924
urn:ioos:station:GOA_RUNOFF_DISCHARGE,urn:ioos:sensor:GOA_RUNOFF_DISCHARGE:q,58.069320239858385,-154.46915010358515,1986-01-23T00:00:00Z,0.08365889535358269
urn:ioos:station:GOA_RUNOFF_DISCHARGE,urn:ioos:sensor:GOA_RUNOFF_DISCHARGE:q,58.069320239858385,-154.46915010358515,1986-01-24T00:00:00Z,0.05431213862653579
urn:ioos:station:GOA_RUNOFF_DISCHARGE,urn:ioos:sensor:GOA_RUNOFF_DISCHARGE:q,58.069320239858385,-154.46915010358515,1986-01-25T00:00:00Z,0.03525994874888416
urn:ioos:station:GOA_RUNOFF_DISCHARGE,urn:ioos:sensor:GOA_RUNOFF_DISCHARGE:q,58.069320239858385,-154.46915010358515,1986-01-26T00:00:00Z,0.022891089882381487
urn:ioos:station:GOA_RUNOFF_DISCHARGE,urn:ioos:sensor:GOA_RUNOFF_DISCHARGE:q,58.069320239858385,-154.46915010358515,1986-01-27T00:00:00Z,0.014861108696806605
urn:ioos:station:GOA_RUNOFF_DISCHARGE,urn:ioos:sensor:GOA_RUNOFF_DISCHARGE:q,58.069320239858385,-154.46915010358515,1986-01-28T00:00:00Z,0.009647971550622164
urn:ioos:station:GOA_RUNOFF_DISCHARGE,urn:ioos:sensor:GOA_RUNOFF_DISCHARGE:q,58.069320239858385,-154.46915010358515,1986-01-29T00:00:00Z,0.006263554005983411
urn:ioos:station:GOA_RUNOFF_DISCHARGE,urn:ioos:sensor:GOA_RUNOFF_DISCHARGE:q,58.069320239858385,-154.46915010358515,1986-01-30T00:00:00Z,0.004066358098902786
urn:ioos:station:GOA_RUNOFF_DISCHARGE,urn:ioos:sensor:GOA_RUNOFF_DISCHARGE:q,58.069320239858385,-154.46915010358515,1986-01-31T00:00:00Z,0.0026399178563775868
urn:ioos:station:GOA_RUNOFF_DISCHARGE,urn:ioos:sensor:GOA_RUNOFF_DISCHARGE:q,58.069320239858385,-154.46915010358515,1986-02-01T00:00:00Z,0.0017138594692829969
urn:ioos:station:GOA_RUNOFF_DISCHARGE,urn:ioos:sensor:GOA_RUNOFF_DISCHARGE:q,58.069320239858385,-154.46915010358515,1986-02-02T00:00:00Z,1.2197448226869825
urn:ioos:station:GOA_RUNOFF_DISCHARGE,urn:ioos:sensor:GOA_RUNOFF_DISCHARGE:q,58.069320239858385,-154.46915010358515,1986-02-03T00:00:00Z,0.8250857566538911
urn:ioos:station:GOA_RUNOFF_DISCHARGE,urn:ioos:sensor:GOA_RUNOFF_DISCHARGE:q,58.069320239858385,-154.46915010358515,1986-02-04T00:00:00Z,0.5375179872189654
urn:ioos:station:GOA_RUNOFF_DISCHARGE,urn:ioos:sensor:GOA_RUNOFF_DISCHARGE:q,58.069320239858385,-154.46915010358515,1986-02-05T00:00:00Z,2.017659177425462
urn:ioos:station:GOA_RUNOFF_DISCHARGE,urn:ioos:sensor:GOA_RUNOFF_DISCHARGE:q,58.069320239858385,-154.46915010358515,1986-02-06T00:00:00Z,16.020453221633893
urn:ioos:station:GOA_RUNOFF_DISCHARGE,urn:ioos:sensor:GOA_RUNOFF_DISCHARGE:q,58.069320239858385,-154.46915010358515,1986-02-07T00:00:00Z,14.281230908867729
urn:ioos:station:GOA_RUNOFF_DISCHARGE,urn:ioos:sensor:GOA_RUNOFF_DISCHARGE:q,58.069320239858385,-154.46915010358515,1986-02-08T00:00:00Z,11.216376391338926
urn:ioos:station:GOA_RUNOFF_DISCHARGE,urn:ioos:sensor:GOA_RUNOFF_DISCHARGE:q,58.069320239858385,-154.46915010358515,1986-02-09T00:00:00Z,12.220489713566234
urn:ioos:station:GOA_RUNOFF_DISCHARGE,urn:ioos:sensor:GOA_RUNOFF_DISCHARGE:q,58.069320239858385,-154.46915010358515,1986-02-10T00:00:00Z,15.08656838907351
urn:ioos:station:GOA_RUNOFF_DISCHARGE,urn:ioos:sensor:GOA_RUNOFF_DISCHARGE:q,58.069320239858385,-154.46915010358515,1986-02-11T00:00:00Z,11.43785903806858
urn:ioos:station:GOA_RUNOFF_DISCHARGE,urn:ioos:sensor:GOA_RUNOFF_DISCHARGE:q,58.069320239858385,-154.46915010358515,1986-02-12T00:00:00Z,8.148141375236658
urn:ioos:station:GOA_RUNOFF_DISCHARGE,urn:ioos:sensor:GOA_RUNOFF_DISCHARGE:q,58.069320239858385,-154.46915010358515,1986-02-13T00:00:00Z,5.772458640436841
urn:ioos:station:GOA_RUNOFF_DISCHARGE,urn:ioos:sensor:GOA_RUNOFF_DISCHARGE:q,58.069320239858385,-154.46915010358515,1986-02-14T00:00:00Z,4.086243692483004
urn:ioos:station:GOA_RUNOFF_DISCHARGE,urn:ioos:sensor:GOA_RUNOFF_DISCHARGE:q,58.069320239858385,-154.46915010358515,1986-02-15T00:00:00Z,2.892277276336856
urn:ioos:station:GOA_RUNOFF_DISCHARGE,urn:ioos:sensor:GOA_RUNOFF_DISCHARGE:q,58.069320239858385,-154.46915010358515,1986-02-16T00:00:00Z,2.047146318216162
urn:ioos:station:GOA_RUNOFF_DISCHARGE,urn:ioos:sensor:GOA_RUNOFF_DISCHARGE:q,58.069320239858385,-154.46915010358515,1986-02-17T00:00:00Z,1.448961464985475
urn:ioos:station:GOA_RUNOFF_DISCHARGE,urn:ioos:sensor:GOA_RUNOFF_DISCHARGE:q,58.069320239858385,-154.46915010358515,1986-02-18T00:00:00Z,0.9344715784989608
urn:ioos:station:GOA_RUNOFF_DISCHARGE,urn:ioos:sensor:GOA_RUNOFF_DISCHARGE:q,58.069320239858385,-154.46915010358515,1986-02-19T00:00:00Z,0.6063193094804722
urn:ioos:station:GOA_RUNOFF_DISCHARGE,urn:ioos:sensor:GOA_RUNOFF_DISCHARGE:q,58.069320239858385,-154.46915010358515,1986-02-20T00:00:00Z,0.3936086460899163
urn:ioos:station:GOA_RUNOFF_DISCHARGE,urn:ioos:sensor:GOA_RUNOFF_DISCHARGE:q,58.069320239858385,-154.46915010358515,1986-02-21T00:00:00Z,0.25553334877075473
urn:ioos:station:GOA_RUNOFF_DISCHARGE,urn:ioos:sensor:GOA_RUNOFF_DISCHARGE:q,58.069320239858385,-154.46915010358515,1986-02-22T00:00:00Z,0.16589457002330854
urn:ioos:station:GOA_RUNOFF_DISCHARGE,urn:ioos:sensor:GOA_RUNOFF_DISCHARGE:q,58.069320239858385,-154.46915010358515,1986-02-23T00:00:00Z,0.10770030862420922
urn:ioos:station:GOA_RUNOFF_DISCHARGE,urn:ioos:sensor:GOA_RUNOFF_DISCHARGE:q,58.069320239858385,-154.46915010358515,1986-02-24T00:00:00Z,0.06992005337701515
urn:ioos:station:GOA_RUNOFF_DISCHARGE,urn:ioos:sensor:GOA_RUNOFF_DISCHARGE:q,58.069320239858385,-154.46915010358515,1986-02-25T00:00:00Z,0.04539275345951011
urn:ioos:station:GOA_RUNOFF_DISCHARGE,urn:ioos:sensor:GOA_RUNOFF_DISCHARGE:q,58.069320239858385,-154.46915010358515,1986-02-26T00:00:00Z,0.029469403155105843
urn:ioos:station:GOA_RUNOFF_DISCHARGE,urn:ioos:sensor:GOA_RUNOFF_DISCHARGE:q,58.069320239858385,-154.46915010358515,1986-02-27T00:00:00Z,0.019131810873954914
urn:ioos:station:GOA_RUNOFF_DISCHARGE,urn:ioos:sensor:GOA_RUNOFF_DISCHARGE:q,58.069320239858385,-154.46915010358515,1986-02-28T00:00:00Z,0.012420552696601167
urn:ioos:station:GOA_RUNOFF_DISCHARGE,urn:ioos:sensor:GOA_RUNOFF_DISCHARGE:q,58.069320239858385,-154.46915010358515,1986-03-01T00:00:00Z,0.008063539110651045
urn:ioos:station:GOA_RUNOFF_DISCHARGE,urn:ioos:sensor:GOA_RUNOFF_DISCHARGE:q,58.069320239858385,-154.46915010358515,1986-03-02T00:00:00Z,0.005234924796441775
urn:ioos:station:GOA_RUNOFF_DISCHARGE,urn:ioos:sensor:GOA_RUNOFF_DISCHARGE:q,58.069320239858385,-154.46915010358515,1986-03-03T00:00:00Z,0.0033985627899900343
urn:ioos:station:GOA_RUNOFF_DISCHARGE,urn:ioos:sensor:GOA_RUNOFF_DISCHARGE:q,58.069320239858385,-154.46915010358515,1986-03-04T00:00:00Z,0.0022063787153559344
urn:ioos:station:GOA_RUNOFF_DISCHARGE,urn:ioos:sensor:GOA_RUNOFF_DISCHARGE:q,58.069320239858385,-154.46915010358515,1986-03-05T00:00:00Z,0.0014324016934960271
urn:ioos:station:GOA_RUNOFF_DISCHARGE,urn:ioos:sensor:GOA_RUNOFF_DISCHARGE:q,58.069320239858385,-154.46915010358515,1986-03-06T00:00:00Z,9.299286666190974E-4
urn:ioos:station:GOA_RUNOFF_DISCHARGE,urn:ioos:sensor:GOA_RUNOFF_DISCHARGE:q,58.069320239858385,-154.46915010358515,1986-03-07T00:00:00Z,6.037183829719642E-4
urn:ioos:station:GOA_RUNOFF_DISCHARGE,urn:ioos:sensor:GOA_RUNOFF_DISCHARGE:q,58.069320239858385,-154.46915010358515,1986-03-08T00:00:00Z,3.91939674411625E-4
urn:ioos:station:GOA_RUNOFF_DISCHARGE,urn:ioos:sensor:GOA_RUNOFF_DISCHARGE:q,58.069320239858385,-154.46915010358515,1986-03-09T00:00:00Z,2.5445088496870073E-4
urn:ioos:station:GOA_RUNOFF_DISCHARGE,urn:ioos:sensor:GOA_RUNOFF_DISCHARGE:q,58.069320239858385,-154.46915010358515,1986-03-10T00:00:00Z,0.4200841423262731
urn:ioos:station:GOA_RUNOFF_DISCHARGE,urn:ioos:sensor:GOA_RUNOFF_DISCHARGE:q,58.069320239858385,-154.46915010358515,1986-03-11T00:00:00Z,3.074135891063903
urn:ioos:station:GOA_RUNOFF_DISCHARGE,urn:ioos:sensor:GOA_RUNOFF_DISCHARGE:q,58.069320239858385,-154.46915010358515,1986-03-12T00:00:00Z,2.6877881601851743
urn:ioos:station:GOA_RUNOFF_DISCHARGE,urn:ioos:sensor:GOA_RUNOFF_DISCHARGE:q,58.069320239858385,-154.46915010358515,1986-03-13T00:00:00Z,2.2902267408956036
urn:ioos:station:GOA_RUNOFF_DISCHARGE,urn:ioos:sensor:GOA_RUNOFF_DISCHARGE:q,58.069320239858385,-154.46915010358515,1986-03-14T00:00:00Z,1.640887508624975
urn:ioos:station:GOA_RUNOFF_DISCHARGE,urn:ioos:sensor:GOA_RUNOFF_DISCHARGE:q,58.069320239858385,-154.46915010358515,1986-03-15T00:00:00Z,1.1633974789758716
urn:ioos:station:GOA_RUNOFF_DISCHARGE,urn:ioos:sensor:GOA_RUNOFF_DISCHARGE:q,58.069320239858385,-154.46915010358515,1986-03-16T00:00:00Z,1.5488689061109109
urn:ioos:station:GOA_RUNOFF_DISCHARGE,urn:ioos:sensor:GOA_RUNOFF_DISCHARGE:q,58.069320239858385,-154.46915010358515,1986-03-17T00:00:00Z,3.1700280692316527
urn:ioos:station:GOA_RUNOFF_DISCHARGE,urn:ioos:sensor:GOA_RUNOFF_DISCHARGE:q,58.069320239858385,-154.46915010358515,1986-03-18T00:00:00Z,2.343357506535372
urn:ioos:station:GOA_RUNOFF_DISCHARGE,urn:ioos:sensor:GOA_RUNOFF_DISCHARGE:q,58.069320239858385,-154.46915010358515,1986-03-19T00:00:00Z,1.668566524711686
urn:ioos:station:GOA_RUNOFF_DISCHARGE,urn:ioos:sensor:GOA_RUNOFF_DISCHARGE:q,58.069320239858385,-154.46915010358515,1986-03-20T00:00:00Z,1.1819974567861211
urn:ioos:station:GOA_RUNOFF_DISCHARGE,urn:ioos:sensor:GOA_RUNOFF_DISCHARGE:q,58.069320239858385,-154.46915010358515,1986-03-21T00:00:00Z,0.8367116801316675
urn:ioos:station:GOA_RUNOFF_DISCHARGE,urn:ioos:sensor:GOA_RUNOFF_DISCHARGE:q,58.069320239858385,-154.46915010358515,1986-03-22T00:00:00Z,0.5922307633066852
urn:ioos:station:GOA_RUNOFF_DISCHARGE,urn:ioos:sensor:GOA_RUNOFF_DISCHARGE:q,58.069320239858385,-154.46915010358515,1986-03-23T00:00:00Z,0.4191792577406203
urn:ioos:station:GOA_RUNOFF_DISCHARGE,urn:ioos:sensor:GOA_RUNOFF_DISCHARGE:q,58.069320239858385,-154.46915010358515,1986-03-24T00:00:00Z,0.4503598380846469
urn:ioos:station:GOA_RUNOFF_DISCHARGE,urn:ioos:sensor:GOA_RUNOFF_DISCHARGE:q,58.069320239858385,-154.46915010358515,1986-03-25T00:00:00Z,0.5256274031712493
urn:ioos:station:GOA_RUNOFF_DISCHARGE,urn:ioos:sensor:GOA_RUNOFF_DISCHARGE:q,58.069320239858385,-154.46915010358515,1986-03-26T00:00:00Z,0.381078726038838
urn:ioos:station:GOA_RUNOFF_DISCHARGE,urn:ioos:sensor:GOA_RUNOFF_DISCHARGE:q,58.069320239858385,-154.46915010358515,1986-03-27T00:00:00Z,0.270628736503826
urn:ioos:station:GOA_RUNOFF_DISCHARGE,urn:ioos:sensor:GOA_RUNOFF_DISCHARGE:q,58.069320239858385,-154.46915010358515,1986-03-28T00:00:00Z,0.19163998854977113
urn:ioos:station:GOA_RUNOFF_DISCHARGE,urn:ioos:sensor:GOA_RUNOFF_DISCHARGE:q,58.069320239858385,-154.46915010358515,1986-03-29T00:00:00Z,0.12360214312935944
urn:ioos:station:GOA_RUNOFF_DISCHARGE,urn:ioos:sensor:GOA_RUNOFF_DISCHARGE:q,58.069320239858385,-154.46915010358515,1986-03-30T00:00:00Z,0.08798474063102613
urn:ioos:station:GOA_RUNOFF_DISCHARGE,urn:ioos:sensor:GOA_RUNOFF_DISCHARGE:q,58.069320239858385,-154.46915010358515,1986-03-31T00:00:00Z,0.062325105742135914
urn:ioos:station:GOA_RUNOFF_DISCHARGE,urn:ioos:sensor:GOA_RUNOFF_DISCHARGE:q,58.069320239858385,-154.46915010358515,1986-04-01T00:00:00Z,0.04019985045586482
urn:ioos:station:GOA_RUNOFF_DISCHARGE,urn:ioos:sensor:GOA_RUNOFF_DISCHARGE:q,58.069320239858385,-154.46915010358515,1986-04-02T00:00:00Z,1.547530967502095
urn:ioos:station:GOA_RUNOFF_DISCHARGE,urn:ioos:sensor:GOA_RUNOFF_DISCHARGE:q,58.069320239858385,-154.46915010358515,1986-04-03T00:00:00Z,1.1449987839651785
urn:ioos:station:GOA_RUNOFF_DISCHARGE,urn:ioos:sensor:GOA_RUNOFF_DISCHARGE:q,58.069320239858385,-154.46915010358515,1986-04-04T00:00:00Z,1.6374328116861836
urn:ioos:station:GOA_RUNOFF_DISCHARGE,urn:ioos:sensor:GOA_RUNOFF_DISCHARGE:q,58.069320239858385,-154.46915010358515,1986-04-05T00:00:00Z,1.0874038157902812
urn:ioos:station:GOA_RUNOFF_DISCHARGE,urn:ioos:sensor:GOA_RUNOFF_DISCHARGE:q,58.069320239858385,-154.46915010358515,1986-04-06T00:00:00Z,0.7073206502649354
urn:ioos:station:GOA_RUNOFF_DISCHARGE,urn:ioos:sensor:GOA_RUNOFF_DISCHARGE:q,58.069320239858385,-154.46915010358515,1986-04-07T00:00:00Z,0.4592759425393759
urn:ioos:station:GOA_RUNOFF_DISCHARGE,urn:ioos:sensor:GOA_RUNOFF_DISCHARGE:q,58.069320239858385,-154.46915010358515,1986-04-08T00:00:00Z,0.29817057112698314
urn:ioos:station:GOA_RUNOFF_DISCHARGE,urn:ioos:sensor:GOA_RUNOFF_DISCHARGE:q,58.069320239858385,-154.46915010358515,1986-04-09T00:00:00Z,0.19357537857939464
urn:ioos:station:GOA_RUNOFF_DISCHARGE,urn:ioos:sensor:GOA_RUNOFF_DISCHARGE:q,58.069320239858385,-154.46915010358515,1986-04-10T00:00:00Z,2.1497647623811136
urn:ioos:station:GOA_RUNOFF_DISCHARGE,urn:ioos:sensor:GOA_RUNOFF_DISCHARGE:q,58.069320239858385,-154.46915010358515,1986-04-11T00:00:00Z,1.9071662344041396
urn:ioos:station:GOA_RUNOFF_DISCHARGE,urn:ioos:sensor:GOA_RUNOFF_DISCHARGE:q,58.069320239858385,-154.46915010358515,1986-04-12T00:00:00Z,1.4822356166703123
urn:ioos:station:GOA_RUNOFF_DISCHARGE,urn:ioos:sensor:GOA_RUNOFF_DISCHARGE:q,58.069320239858385,-154.46915010358515,1986-04-13T00:00:00Z,1.0565228902806922
urn:ioos:station:GOA_RUNOFF_DISCHARGE,urn:ioos:sensor:GOA_RUNOFF_DISCHARGE:q,58.069320239858385,-154.46915010358515,1986-04-14T00:00:00Z,0.7485414600319978
urn:ioos:station:GOA_RUNOFF_DISCHARGE,urn:ioos:sensor:GOA_RUNOFF_DISCHARGE:q,58.069320239858385,-154.46915010358515,1986-04-15T00:00:00Z,0.5298881522099637
urn:ioos:station:GOA_RUNOFF_DISCHARGE,urn:ioos:sensor:GOA_RUNOFF_DISCHARGE:q,58.069320239858385,-154.46915010358515,1986-04-16T00:00:00Z,0.3750598769919068
urn:ioos:station:GOA_RUNOFF_DISCHARGE,urn:ioos:sensor:GOA_RUNOFF_DISCHARGE:q,58.069320239858385,-154.46915010358515,1986-04-17T00:00:00Z,0.265466474037458
urn:ioos:station:GOA_RUNOFF_DISCHARGE,urn:ioos:sensor:GOA_RUNOFF_DISCHARGE:q,58.069320239858385,-154.46915010358515,1986-04-18T00:00:00Z,0.18789604625465633
urn:ioos:station:GOA_RUNOFF_DISCHARGE,urn:ioos:sensor:GOA_RUNOFF_DISCHARGE:q,58.069320239858385,-154.46915010358515,1986-04-19T00:00:00Z,0.13299199395100186
urn:ioos:station:GOA_RUNOFF_DISCHARGE,urn:ioos:sensor:GOA_RUNOFF_DISCHARGE:q,58.069320239858385,-154.46915010358515,1986-04-20T00:00:00Z,0.09413115100770889
urn:ioos:station:GOA_RUNOFF_DISCHARGE,urn:ioos:sensor:GOA_RUNOFF_DISCHARGE:q,58.069320239858385,-154.46915010358515,1986-04-21T00:00:00Z,0.06070753779963059
urn:ioos:station:GOA_RUNOFF_DISCHARGE,urn:ioos:sensor:GOA_RUNOFF_DISCHARGE:q,58.069320239858385,-154.46915010358515,1986-04-22T00:00:00Z,0.03938926784848459
urn:ioos:station:GOA_RUNOFF_DISCHARGE,urn:ioos:sensor:GOA_RUNOFF_DISCHARGE:q,58.069320239858385,-154.46915010358515,1986-04-23T00:00:00Z,0.0942537460461642
urn:ioos:station:GOA_RUNOFF_DISCHARGE,urn:ioos:sensor:GOA_RUNOFF_DISCHARGE:q,58.069320239858385,-154.46915010358515,1986-04-24T00:00:00Z,0.06906220877895476
urn:ioos:station:GOA_RUNOFF_DISCHARGE,urn:ioos:sensor:GOA_RUNOFF_DISCHARGE:q,58.069320239858385,-154.46915010358515,1986-04-25T00:00:00Z,0.04911657980817413
urn:ioos:station:GOA_RUNOFF_DISCHARGE,urn:ioos:sensor:GOA_RUNOFF_DISCHARGE:q,58.069320239858385,-154.46915010358515,1986-04-26T00:00:00Z,0.032149410041286824
urn:ioos:station:GOA_RUNOFF_DISCHARGE,urn:ioos:sensor:GOA_RUNOFF_DISCHARGE:q,58.069320239858385,-154.46915010358515,1986-04-27T00:00:00Z,0.020873429208490765
urn:ioos:station:GOA_RUNOFF_DISCHARGE,urn:ioos:sensor:GOA_RUNOFF_DISCHARGE:q,58.069320239858385,-154.46915010358515,1986-04-28T00:00:00Z,0.014866558050377112
urn:ioos:station:GOA_RUNOFF_DISCHARGE,urn:ioos:sensor:GOA_RUNOFF_DISCHARGE:q,58.069320239858385,-154.46915010358515,1986-04-29T00:00:00Z,0.010531714453335441
urn:ioos:station:GOA_RUNOFF_DISCHARGE,urn:ioos:sensor:GOA_RUNOFF_DISCHARGE:q,58.069320239858385,-154.46915010358515,1986-04-30T00:00:00Z,0.007455222385944934
urn:ioos:station:GOA_RUNOFF_DISCHARGE,urn:ioos:sensor:GOA_RUNOFF_DISCHARGE:q,58.069320239858385,-154.46915010358515,1986-05-01T00:00:00Z,0.005276865393664498
urn:ioos:station:GOA_RUNOFF_DISCHARGE,urn:ioos:sensor:GOA_RUNOFF_DISCHARGE:q,58.069320239858385,-154.46915010358515,1986-05-02T00:00:00Z,0.00373495117006107
urn:ioos:station:GOA_RUNOFF_DISCHARGE,urn:ioos:sensor:GOA_RUNOFF_DISCHARGE:q,58.069320239858385,-154.46915010358515,1986-05-03T00:00:00Z,1.1767202953883398
urn:ioos:station:GOA_RUNOFF_DISCHARGE,urn:ioos:sensor:GOA_RUNOFF_DISCHARGE:q,58.069320239858385,-154.46915010358515,1986-05-04T00:00:00Z,0.8884175477309162
urn:ioos:station:GOA_RUNOFF_DISCHARGE,urn:ioos:sensor:GOA_RUNOFF_DISCHARGE:q,58.069320239858385,-154.46915010358515,1986-05-05T00:00:00Z,0.6343641208770959
urn:ioos:station:GOA_RUNOFF_DISCHARGE,urn:ioos:sensor:GOA_RUNOFF_DISCHARGE:q,58.069320239858385,-154.46915010358515,1986-05-06T00:00:00Z,0.4495539504314557
urn:ioos:station:GOA_RUNOFF_DISCHARGE,urn:ioos:sensor:GOA_RUNOFF_DISCHARGE:q,58.069320239858385,-154.46915010358515,1986-05-07T00:00:00Z,0.5002132790303965
urn:ioos:station:GOA_RUNOFF_DISCHARGE,urn:ioos:sensor:GOA_RUNOFF_DISCHARGE:q,58.069320239858385,-154.46915010358515,1986-05-08T00:00:00Z,0.3626622050024325
urn:ioos:station:GOA_RUNOFF_DISCHARGE,urn:ioos:sensor:GOA_RUNOFF_DISCHARGE:q,58.069320239858385,-154.46915010358515,1986-05-09T00:00:00Z,0.9619897656821046
urn:ioos:station:GOA_RUNOFF_DISCHARGE,urn:ioos:sensor:GOA_RUNOFF_DISCHARGE:q,58.069320239858385,-154.46915010358515,1986-05-10T00:00:00Z,0.7143016771388311
urn:ioos:station:GOA_RUNOFF_DISCHARGE,urn:ioos:sensor:GOA_RUNOFF_DISCHARGE:q,58.069320239858385,-154.46915010358515,1986-05-11T00:00:00Z,0.5089158000700406
urn:ioos:station:GOA_RUNOFF_DISCHARGE,urn:ioos:sensor:GOA_RUNOFF_DISCHARGE:q,58.069320239858385,-154.46915010358515,1986-05-12T00:00:00Z,0.3605414999508971
urn:ioos:station:GOA_RUNOFF_DISCHARGE,urn:ioos:sensor:GOA_RUNOFF_DISCHARGE:q,58.069320239858385,-154.46915010358515,1986-05-13T00:00:00Z,0.25522295556473945
urn:ioos:station:GOA_RUNOFF_DISCHARGE,urn:ioos:sensor:GOA_RUNOFF_DISCHARGE:q,58.069320239858385,-154.46915010358515,1986-05-14T00:00:00Z,0.18064897745827513
urn:ioos:station:GOA_RUNOFF_DISCHARGE,urn:ioos:sensor:GOA_RUNOFF_DISCHARGE:q,58.069320239858385,-154.46915010358515,1986-05-15T00:00:00Z,0.12786286750106404
urn:ioos:station:GOA_RUNOFF_DISCHARGE,urn:ioos:sensor:GOA_RUNOFF_DISCHARGE:q,58.069320239858385,-154.46915010358515,1986-05-16T00:00:00Z,0.09050080029249083
urn:ioos:station:GOA_RUNOFF_DISCHARGE,urn:ioos:sensor:GOA_RUNOFF_DISCHARGE:q,58.069320239858385,-154.46915010358515,1986-05-17T00:00:00Z,0.06405607203962825
urn:ioos:station:GOA_RUNOFF_DISCHARGE,urn:ioos:sensor:GOA_RUNOFF_DISCHARGE:q,58.069320239858385,-154.46915010358515,1986-05-18T00:00:00Z,0.04533860115077325
urn:ioos:station:GOA_RUNOFF_DISCHARGE,urn:ioos:sensor:GOA_RUNOFF_DISCHARGE:q,58.069320239858385,-154.46915010358515,1986-05-19T00:00:00Z,0.03209046205473782
urn:ioos:station:GOA_RUNOFF_DISCHARGE,urn:ioos:sensor:GOA_RUNOFF_DISCHARGE:q,58.069320239858385,-154.46915010358515,1986-05-20T00:00:00Z,0.022713485356600522
urn:ioos:station:GOA_RUNOFF_DISCHARGE,urn:ioos:sensor:GOA_RUNOFF_DISCHARGE:q,58.069320239858385,-154.46915010358515,1986-05-21T00:00:00Z,0.016076504684563057
urn:ioos:station:GOA_RUNOFF_DISCHARGE,urn:ioos:sensor:GOA_RUNOFF_DISCHARGE:q,58.069320239858385,-154.46915010358515,1986-05-22T00:00:00Z,0.011378879263966343
urn:ioos:station:GOA_RUNOFF_DISCHARGE,urn:ioos:sensor:GOA_RUNOFF_DISCHARGE:q,58.069320239858385,-154.46915010358515,1986-05-23T00:00:00Z,0.008053919490744754
urn:ioos:station:GOA_RUNOFF_DISCHARGE,urn:ioos:sensor:GOA_RUNOFF_DISCHARGE:q,58.069320239858385,-154.46915010358515,1986-05-24T00:00:00Z,0.005700528480657671
urn:ioos:station:GOA_RUNOFF_DISCHARGE,urn:ioos:sensor:GOA_RUNOFF_DISCHARGE:q,58.069320239858385,-154.46915010358515,1986-05-25T00:00:00Z,0.0040348089934331005
urn:ioos:station:GOA_RUNOFF_DISCHARGE,urn:ioos:sensor:GOA_RUNOFF_DISCHARGE:q,58.069320239858385,-154.46915010358515,1986-05-26T00:00:00Z,0.0028558197134308685
urn:ioos:station:GOA_RUNOFF_DISCHARGE,urn:ioos:sensor:GOA_RUNOFF_DISCHARGE:q,58.069320239858385,-154.46915010358515,1986-05-27T00:00:00Z,0.002021336572239441
urn:ioos:station:GOA_RUNOFF_DISCHARGE,urn:ioos:sensor:GOA_RUNOFF_DISCHARGE:q,58.069320239858385,-154.46915010358515,1986-05-28T00:00:00Z,0.0014306929891748337
urn:ioos:station:GOA_RUNOFF_DISCHARGE,urn:ioos:sensor:GOA_RUNOFF_DISCHARGE:q,58.069320239858385,-154.46915010358515,1986-05-29T00:00:00Z,0.0010126382423384437
urn:ioos:station:GOA_RUNOFF_DISCHARGE,urn:ioos:sensor:GOA_RUNOFF_DISCHARGE:q,58.069320239858385,-154.46915010358515,1986-05-30T00:00:00Z,7.167408230083124E-4
urn:ioos:station:GOA_RUNOFF_DISCHARGE,urn:ioos:sensor:GOA_RUNOFF_DISCHARGE:q,58.069320239858385,-154.46915010358515,1986-05-31T00:00:00Z,5.073059300332133E-4
urn:ioos:station:GOA_RUNOFF_DISCHARGE,urn:ioos:sensor:GOA_RUNOFF_DISCHARGE:q,58.069320239858385,-154.46915010358515,1986-06-01T00:00:00Z,0.6539331503876935
urn:ioos:station:GOA_RUNOFF_DISCHARGE,urn:ioos:sensor:GOA_RUNOFF_DISCHARGE:q,58.069320239858385,-154.46915010358515,1986-06-02T00:00:00Z,1.3433139120232775
urn:ioos:station:GOA_RUNOFF_DISCHARGE,urn:ioos:sensor:GOA_RUNOFF_DISCHARGE:q,58.069320239858385,-154.46915010358515,1986-06-03T00:00:00Z,5.299964502495682
urn:ioos:station:GOA_RUNOFF_DISCHARGE,urn:ioos:sensor:GOA_RUNOFF_DISCHARGE:q,58.069320239858385,-154.46915010358515,1986-06-04T00:00:00Z,6.878328969069954
urn:ioos:station:GOA_RUNOFF_DISCHARGE,urn:ioos:sensor:GOA_RUNOFF_DISCHARGE:q,58.069320239858385,-154.46915010358515,1986-06-05T00:00:00Z,5.027308137790442
urn:ioos:station:GOA_RUNOFF_DISCHARGE,urn:ioos:sensor:GOA_RUNOFF_DISCHARGE:q,58.069320239858385,-154.46915010358515,1986-06-06T00:00:00Z,3.5741697258207084
urn:ioos:station:GOA_RUNOFF_DISCHARGE,urn:ioos:sensor:GOA_RUNOFF_DISCHARGE:q,58.069320239858385,-154.46915010358515,1986-06-07T00:00:00Z,3.155867495389397
urn:ioos:station:GOA_RUNOFF_DISCHARGE,urn:ioos:sensor:GOA_RUNOFF_DISCHARGE:q,58.069320239858385,-154.46915010358515,1986-06-08T00:00:00Z,3.20322078689497
urn:ioos:station:GOA_RUNOFF_DISCHARGE,urn:ioos:sensor:GOA_RUNOFF_DISCHARGE:q,58.069320239858385,-154.46915010358515,1986-06-09T00:00:00Z,2.3146495801379876
urn:ioos:station:GOA_RUNOFF_DISCHARGE,urn:ioos:sensor:GOA_RUNOFF_DISCHARGE:q,58.069320239858385,-154.46915010358515,1986-06-10T00:00:00Z,1.6430343935961913
urn:ioos:station:GOA_RUNOFF_DISCHARGE,urn:ioos:sensor:GOA_RUNOFF_DISCHARGE:q,58.069320239858385,-154.46915010358515,1986-06-11T00:00:00Z,1.1634052408616062
urn:ioos:station:GOA_RUNOFF_DISCHARGE,urn:ioos:sensor:GOA_RUNOFF_DISCHARGE:q,58.069320239858385,-154.46915010358515,1986-06-12T00:00:00Z,1.4272406828804038
urn:ioos:station:GOA_RUNOFF_DISCHARGE,urn:ioos:sensor:GOA_RUNOFF_DISCHARGE:q,58.069320239858385,-154.46915010358515,1986-06-13T00:00:00Z,1.0387594201050698
urn:ioos:station:GOA_RUNOFF_DISCHARGE,urn:ioos:sensor:GOA_RUNOFF_DISCHARGE:q,58.069320239858385,-154.46915010358515,1986-06-14T00:00:00Z,0.7380817269964879
urn:ioos:station:GOA_RUNOFF_DISCHARGE,urn:ioos:sensor:GOA_RUNOFF_DISCHARGE:q,58.069320239858385,-154.46915010358515,1986-06-15T00:00:00Z,0.5226958112858802
urn:ioos:station:GOA_RUNOFF_DISCHARGE,urn:ioos:sensor:GOA_RUNOFF_DISCHARGE:q,58.069320239858385,-154.46915010358515,1986-06-16T00:00:00Z,0.36999024736948494
urn:ioos:station:GOA_RUNOFF_DISCHARGE,urn:ioos:sensor:GOA_RUNOFF_DISCHARGE:q,58.069320239858385,-154.46915010358515,1986-06-17T00:00:00Z,0.2618802854920282
urn:ioos:station:GOA_RUNOFF_DISCHARGE,urn:ioos:sensor:GOA_RUNOFF_DISCHARGE:q,58.069320239858385,-154.46915010358515,1986-06-18T00:00:00Z,0.18535797539815846
urn:ioos:station:GOA_RUNOFF_DISCHARGE,urn:ioos:sensor:GOA_RUNOFF_DISCHARGE:q,58.069320239858385,-154.46915010358515,1986-06-19T00:00:00Z,0.13119558607664394
urn:ioos:station:GOA_RUNOFF_DISCHARGE,urn:ioos:sensor:GOA_RUNOFF_DISCHARGE:q,58.069320239858385,-154.46915010358515,1986-06-20T00:00:00Z,0.09285965710082159
urn:ioos:station:GOA_RUNOFF_DISCHARGE,urn:ioos:sensor:GOA_RUNOFF_DISCHARGE:q,58.069320239858385,-154.46915010358515,1986-06-21T00:00:00Z,2.5290807510139017
urn:ioos:station:GOA_RUNOFF_DISCHARGE,urn:ioos:sensor:GOA_RUNOFF_DISCHARGE:q,58.069320239858385,-154.46915010358515,1986-06-22T00:00:00Z,3.3538171570310467
urn:ioos:station:GOA_RUNOFF_DISCHARGE,urn:ioos:sensor:GOA_RUNOFF_DISCHARGE:q,58.069320239858385,-154.46915010358515,1986-06-23T00:00:00Z,2.453914386445965
urn:ioos:station:GOA_RUNOFF_DISCHARGE,urn:ioos:sensor:GOA_RUNOFF_DISCHARGE:q,58.069320239858385,-154.46915010358515,1986-06-24T00:00:00Z,2.5518746467111177
urn:ioos:station:GOA_RUNOFF_DISCHARGE,urn:ioos:sensor:GOA_RUNOFF_DISCHARGE:q,58.069320239858385,-154.46915010358515,1986-06-25T00:00:00Z,1.8451799464855871
urn:ioos:station:GOA_RUNOFF_DISCHARGE,urn:ioos:sensor:GOA_RUNOFF_DISCHARGE:q,58.069320239858385,-154.46915010358515,1986-06-26T00:00:00Z,1.309902151313384
urn:ioos:station:GOA_RUNOFF_DISCHARGE,urn:ioos:sensor:GOA_RUNOFF_DISCHARGE:q,58.069320239858385,-154.46915010358515,1986-06-27T00:00:00Z,0.9275314659719031
urn:ioos:station:GOA_RUNOFF_DISCHARGE,urn:ioos:sensor:GOA_RUNOFF_DISCHARGE:q,58.069320239858385,-154.46915010358515,1986-06-28T00:00:00Z,0.7413967757707505
urn:ioos:station:GOA_RUNOFF_DISCHARGE,urn:ioos:sensor:GOA_RUNOFF_DISCHARGE:q,58.069320239858385,-154.46915010358515,1986-06-29T00:00:00Z,0.5287753411767953
urn:ioos:station:GOA_RUNOFF_DISCHARGE,urn:ioos:sensor:GOA_RUNOFF_DISCHARGE:q,58.069320239858385,-154.46915010358515,1986-06-30T00:00:00Z,0.37466609284826485
urn:ioos:station:GOA_RUNOFF_DISCHARGE,urn:ioos:sensor:GOA_RUNOFF_DISCHARGE:q,58.069320239858385,-154.46915010358515,1986-07-01T00:00:00Z,0.2652270724855019
urn:ioos:station:GOA_RUNOFF_DISCHARGE,urn:ioos:sensor:GOA_RUNOFF_DISCHARGE:q,58.069320239858385,-154.46915010358515,1986-07-02T00:00:00Z,0.1877305306192368
urn:ioos:station:GOA_RUNOFF_DISCHARGE,urn:ioos:sensor:GOA_RUNOFF_DISCHARGE:q,58.069320239858385,-154.46915010358515,1986-07-03T00:00:00Z,0.1328752449938572
urn:ioos:station:GOA_RUNOFF_DISCHARGE,urn:ioos:sensor:GOA_RUNOFF_DISCHARGE:q,58.069320239858385,-154.46915010358515,1986-07-04T00:00:00Z,0.09404854119205762
urn:ioos:station:GOA_RUNOFF_DISCHARGE,urn:ioos:sensor:GOA_RUNOFF_DISCHARGE:q,58.069320239858385,-154.46915010358515,1986-07-05T00:00:00Z,0.06656714074278694
urn:ioos:station:GOA_RUNOFF_DISCHARGE,urn:ioos:sensor:GOA_RUNOFF_DISCHARGE:q,58.069320239858385,-154.46915010358515,1986-07-06T00:00:00Z,1.8183540800427476
urn:ioos:station:GOA_RUNOFF_DISCHARGE,urn:ioos:sensor:GOA_RUNOFF_DISCHARGE:q,58.069320239858385,-154.46915010358515,1986-07-07T00:00:00Z,1.3708121682625438
urn:ioos:station:GOA_RUNOFF_DISCHARGE,urn:ioos:sensor:GOA_RUNOFF_DISCHARGE:q,58.069320239858385,-154.46915010358515,1986-07-08T00:00:00Z,0.9786217107864954
urn:ioos:station:GOA_RUNOFF_DISCHARGE,urn:ioos:sensor:GOA_RUNOFF_DISCHARGE:q,58.069320239858385,-154.46915010358515,1986-07-09T00:00:00Z,0.6934996918129116
urn:ioos:station:GOA_RUNOFF_DISCHARGE,urn:ioos:sensor:GOA_RUNOFF_DISCHARGE:q,58.069320239858385,-154.46915010358515,1986-07-10T00:00:00Z,0.49093940426625987
urn:ioos:station:GOA_RUNOFF_DISCHARGE,urn:ioos:sensor:GOA_RUNOFF_DISCHARGE:q,58.069320239858385,-154.46915010358515,1986-07-11T00:00:00Z,0.34749307935488316
urn:ioos:station:GOA_RUNOFF_DISCHARGE,urn:ioos:sensor:GOA_RUNOFF_DISCHARGE:q,58.069320239858385,-154.46915010358515,1986-07-12T00:00:00Z,0.24595488577023059
urn:ioos:station:GOA_RUNOFF_DISCHARGE,urn:ioos:sensor:GOA_RUNOFF_DISCHARGE:q,58.069320239858385,-154.46915010358515,1986-07-13T00:00:00Z,0.17408584261888332
urn:ioos:station:GOA_RUNOFF_DISCHARGE,urn:ioos:sensor:GOA_RUNOFF_DISCHARGE:q,58.069320239858385,-154.46915010358515,1986-07-14T00:00:00Z,0.123217206219881
urn:ioos:station:GOA_RUNOFF_DISCHARGE,urn:ioos:sensor:GOA_RUNOFF_DISCHARGE:q,58.069320239858385,-154.46915010358515,1986-07-15T00:00:00Z,1.9654377364331015
urn:ioos:station:GOA_RUNOFF_DISCHARGE,urn:ioos:sensor:GOA_RUNOFF_DISCHARGE:q,58.069320239858385,-154.46915010358515,1986-07-16T00:00:00Z,1.479978223495418
urn:ioos:station:GOA_RUNOFF_DISCHARGE,urn:ioos:sensor:GOA_RUNOFF_DISCHARGE:q,58.069320239858385,-154.46915010358515,1986-07-17T00:00:00Z,1.0563944244939165
urn:ioos:station:GOA_RUNOFF_DISCHARGE,urn:ioos:sensor:GOA_RUNOFF_DISCHARGE:q,58.069320239858385,-154.46915010358515,1986-07-18T00:00:00Z,0.7485973061420709
urn:ioos:station:GOA_RUNOFF_DISCHARGE,urn:ioos:sensor:GOA_RUNOFF_DISCHARGE:q,58.069320239858385,-154.46915010358515,1986-07-19T00:00:00Z,0.5299423209633737
urn:ioos:station:GOA_RUNOFF_DISCHARGE,urn:ioos:sensor:GOA_RUNOFF_DISCHARGE:q,58.069320239858385,-154.46915010358515,1986-07-20T00:00:00Z,0.37509964021162306
urn:ioos:station:GOA_RUNOFF_DISCHARGE,urn:ioos:sensor:GOA_RUNOFF_DISCHARGE:q,58.069320239858385,-154.46915010358515,1986-07-21T00:00:00Z,0.26549475887530416
urn:ioos:station:GOA_RUNOFF_DISCHARGE,urn:ioos:sensor:GOA_RUNOFF_DISCHARGE:q,58.069320239858385,-154.46915010358515,1986-07-22T00:00:00Z,6.540309633036871
urn:ioos:station:GOA_RUNOFF_DISCHARGE,urn:ioos:sensor:GOA_RUNOFF_DISCHARGE:q,58.069320239858385,-154.46915010358515,1986-07-23T00:00:00Z,5.024571217946016
urn:ioos:station:GOA_RUNOFF_DISCHARGE,urn:ioos:sensor:GOA_RUNOFF_DISCHARGE:q,58.069320239858385,-154.46915010358515,1986-07-24T00:00:00Z,3.5908648842487505
urn:ioos:station:GOA_RUNOFF_DISCHARGE,urn:ioos:sensor:GOA_RUNOFF_DISCHARGE:q,58.069320239858385,-154.46915010358515,1986-07-25T00:00:00Z,2.54504287169088
urn:ioos:station:GOA_RUNOFF_DISCHARGE,urn:ioos:sensor:GOA_RUNOFF_DISCHARGE:q,58.069320239858385,-154.46915010358515,1986-07-26T00:00:00Z,1.8017141757165442
urn:ioos:station:GOA_RUNOFF_DISCHARGE,urn:ioos:sensor:GOA_RUNOFF_DISCHARGE:q,58.069320239858385,-154.46915010358515,1986-07-27T00:00:00Z,1.275279536428904
urn:ioos:station:GOA_RUNOFF_DISCHARGE,urn:ioos:sensor:GOA_RUNOFF_DISCHARGE:q,58.069320239858385,-154.46915010358515,1986-07-28T00:00:00Z,0.9026406113312041
urn:ioos:station:GOA_RUNOFF_DISCHARGE,urn:ioos:sensor:GOA_RUNOFF_DISCHARGE:q,58.069320239858385,-154.46915010358515,1986-07-29T00:00:00Z,0.6388854193174583
urn:ioos:station:GOA_RUNOFF_DISCHARGE,urn:ioos:sensor:GOA_RUNOFF_DISCHARGE:q,58.069320239858385,-154.46915010358515,1986-07-30T00:00:00Z,0.4522003259054273
urn:ioos:station:GOA_RUNOFF_DISCHARGE,urn:ioos:sensor:GOA_RUNOFF_DISCHARGE:q,58.069320239858385,-154.46915010358515,1986-07-31T00:00:00Z,0.32006537076350067
urn:ioos:station:GOA_RUNOFF_DISCHARGE,urn:ioos:sensor:GOA_RUNOFF_DISCHARGE:q,58.069320239858385,-154.46915010358515,1986-08-01T00:00:00Z,0.22654083085955293
urn:ioos:station:GOA_RUNOFF_DISCHARGE,urn:ioos:sensor:GOA_RUNOFF_DISCHARGE:q,58.069320239858385,-154.46915010358515,1986-08-02T00:00:00Z,0.1603446079423701
urn:ioos:station:GOA_RUNOFF_DISCHARGE,urn:ioos:sensor:GOA_RUNOFF_DISCHARGE:q,58.069320239858385,-154.46915010358515,1986-08-03T00:00:00Z,2.296474138010201
urn:ioos:station:GOA_RUNOFF_DISCHARGE,urn:ioos:sensor:GOA_RUNOFF_DISCHARGE:q,58.069320239858385,-154.46915010358515,1986-08-04T00:00:00Z,1.7287010108743197
urn:ioos:station:GOA_RUNOFF_DISCHARGE,urn:ioos:sensor:GOA_RUNOFF_DISCHARGE:q,58.069320239858385,-154.46915010358515,1986-08-05T00:00:00Z,1.2338790850521721
urn:ioos:station:GOA_RUNOFF_DISCHARGE,urn:ioos:sensor:GOA_RUNOFF_DISCHARGE:q,58.069320239858385,-154.46915010358515,1986-08-06T00:00:00Z,0.8743638642642418
urn:ioos:station:GOA_RUNOFF_DISCHARGE,urn:ioos:sensor:GOA_RUNOFF_DISCHARGE:q,58.069320239858385,-154.46915010358515,1986-08-07T00:00:00Z,0.6189737485967662
urn:ioos:station:GOA_RUNOFF_DISCHARGE,urn:ioos:sensor:GOA_RUNOFF_DISCHARGE:q,58.069320239858385,-154.46915010358515,1986-08-08T00:00:00Z,4.841378085102171
urn:ioos:station:GOA_RUNOFF_DISCHARGE,urn:ioos:sensor:GOA_RUNOFF_DISCHARGE:q,58.069320239858385,-154.46915010358515,1986-08-09T00:00:00Z,3.6350047550602294
urn:ioos:station:GOA_RUNOFF_DISCHARGE,urn:ioos:sensor:GOA_RUNOFF_DISCHARGE:q,58.069320239858385,-154.46915010358515,1986-08-10T00:00:00Z,2.5936404329469136
urn:ioos:station:GOA_RUNOFF_DISCHARGE,urn:ioos:sensor:GOA_RUNOFF_DISCHARGE:q,58.069320239858385,-154.46915010358515,1986-08-11T00:00:00Z,1.8378443066795318
urn:ioos:station:GOA_RUNOFF_DISCHARGE,urn:ioos:sensor:GOA_RUNOFF_DISCHARGE:q,58.069320239858385,-154.46915010358515,1986-08-12T00:00:00Z,1.3010254482955614
urn:ioos:station:GOA_RUNOFF_DISCHARGE,urn:ioos:sensor:GOA_RUNOFF_DISCHARGE:q,58.069320239858385,-154.46915010358515,1986-08-13T00:00:00Z,0.9208807796925734
urn:ioos:station:GOA_RUNOFF_DISCHARGE,urn:ioos:sensor:GOA_RUNOFF_DISCHARGE:q,58.069320239858385,-154.46915010358515,1986-08-14T00:00:00Z,0.6517974477942304
urn:ioos:station:GOA_RUNOFF_DISCHARGE,urn:ioos:sensor:GOA_RUNOFF_DISCHARGE:q,58.069320239858385,-154.46915010358515,1986-08-15T00:00:00Z,0.461339485906985
urn:ioos:station:GOA_RUNOFF_DISCHARGE,urn:ioos:sensor:GOA_RUNOFF_DISCHARGE:q,58.069320239858385,-154.46915010358515,1986-08-16T00:00:00Z,0.32653408028957115
urn:ioos:station:GOA_RUNOFF_DISCHARGE,urn:ioos:sensor:GOA_RUNOFF_DISCHARGE:q,58.069320239858385,-154.46915010358515,1986-08-17T00:00:00Z,0.23111938965188059
urn:ioos:station:GOA_RUNOFF_DISCHARGE,urn:ioos:sensor:GOA_RUNOFF_DISCHARGE:q,58.069320239858385,-154.46915010358515,1986-08-18T00:00:00Z,0.8299907422085712
urn:ioos:station:GOA_RUNOFF_DISCHARGE,urn:ioos:sensor:GOA_RUNOFF_DISCHARGE:q,58.069320239858385,-154.46915010358515,1986-08-19T00:00:00Z,0.6189884172452307
urn:ioos:station:GOA_RUNOFF_DISCHARGE,urn:ioos:sensor:GOA_RUNOFF_DISCHARGE:q,58.069320239858385,-154.46915010358515,1986-08-20T00:00:00Z,0.4412651773686775
urn:ioos:station:GOA_RUNOFF_DISCHARGE,urn:ioos:sensor:GOA_RUNOFF_DISCHARGE:q,58.069320239858385,-154.46915010358515,1986-08-21T00:00:00Z,0.31263991015261067
urn:ioos:station:GOA_RUNOFF_DISCHARGE,urn:ioos:sensor:GOA_RUNOFF_DISCHARGE:q,58.069320239858385,-154.46915010358515,1986-08-22T00:00:00Z,0.22131653908600132
urn:ioos:station:GOA_RUNOFF_DISCHARGE,urn:ioos:sensor:GOA_RUNOFF_DISCHARGE:q,58.069320239858385,-154.46915010358515,1986-08-23T00:00:00Z,1.2753432102034041
urn:ioos:station:GOA_RUNOFF_DISCHARGE,urn:ioos:sensor:GOA_RUNOFF_DISCHARGE:q,58.069320239858385,-154.46915010358515,1986-08-24T00:00:00Z,1.131669915912985
urn:ioos:station:GOA_RUNOFF_DISCHARGE,urn:ioos:sensor:GOA_RUNOFF_DISCHARGE:q,58.069320239858385,-154.46915010358515,1986-08-25T00:00:00Z,1.0654364951451
urn:ioos:station:GOA_RUNOFF_DISCHARGE,urn:ioos:sensor:GOA_RUNOFF_DISCHARGE:q,58.069320239858385,-154.46915010358515,1986-08-26T00:00:00Z,4.6582107375058515
urn:ioos:station:GOA_RUNOFF_DISCHARGE,urn:ioos:sensor:GOA_RUNOFF_DISCHARGE:q,58.069320239858385,-154.46915010358515,1986-08-27T00:00:00Z,5.240872082382254
urn:ioos:station:GOA_RUNOFF_DISCHARGE,urn:ioos:sensor:GOA_RUNOFF_DISCHARGE:q,58.069320239858385,-154.46915010358515,1986-08-28T00:00:00Z,3.811161146477491
urn:ioos:station:GOA_RUNOFF_DISCHARGE,urn:ioos:sensor:GOA_RUNOFF_DISCHARGE:q,58.069320239858385,-154.46915010358515,1986-08-29T00:00:00Z,2.713868359367958
urn:ioos:station:GOA_RUNOFF_DISCHARGE,urn:ioos:sensor:GOA_RUNOFF_DISCHARGE:q,58.069320239858385,-154.46915010358515,1986-08-30T00:00:00Z,3.9602851263569425
urn:ioos:station:GOA_RUNOFF_DISCHARGE,urn:ioos:sensor:GOA_RUNOFF_DISCHARGE:q,58.069320239858385,-154.46915010358515,1986-08-31T00:00:00Z,3.3577433556388643
urn:ioos:station:GOA_RUNOFF_DISCHARGE,urn:ioos:sensor:GOA_RUNOFF_DISCHARGE:q,58.069320239858385,-154.46915010358515,1986-09-01T00:00:00Z,9.877501288192033E-4
urn:ioos:station:GOA_RUNOFF_DISCHARGE,urn:ioos:sensor:GOA_RUNOFF_DISCHARGE:q,58.069320239858385,-154.46915010358515,1986-09-02T00:00:00Z,6.991251734858864E-4
urn:ioos:station:GOA_RUNOFF_DISCHARGE,urn:ioos:sensor:GOA_RUNOFF_DISCHARGE:q,58.069320239858385,-154.46915010358515,1986-09-03T00:00:00Z,4.948377201598799E-4
urn:ioos:station:GOA_RUNOFF_DISCHARGE,urn:ioos:sensor:GOA_RUNOFF_DISCHARGE:q,58.069320239858385,-154.46915010358515,1986-09-04T00:00:00Z,3.5024391653176793E-4
urn:ioos:station:GOA_RUNOFF_DISCHARGE,urn:ioos:sensor:GOA_RUNOFF_DISCHARGE:q,58.069320239858385,-154.46915010358515,1986-09-05T00:00:00Z,2.479010872731429E-4
urn:ioos:station:GOA_RUNOFF_DISCHARGE,urn:ioos:sensor:GOA_RUNOFF_DISCHARGE:q,58.069320239858385,-154.46915010358515,1986-09-06T00:00:00Z,0.46694590255090357
urn:ioos:station:GOA_RUNOFF_DISCHARGE,urn:ioos:sensor:GOA_RUNOFF_DISCHARGE:q,58.069320239858385,-154.46915010358515,1986-09-07T00:00:00Z,2.8821470945516
urn:ioos:station:GOA_RUNOFF_DISCHARGE,urn:ioos:sensor:GOA_RUNOFF_DISCHARGE:q,58.069320239858385,-154.46915010358515,1986-09-08T00:00:00Z,2.7246742198842737
urn:ioos:station:GOA_RUNOFF_DISCHARGE,urn:ioos:sensor:GOA_RUNOFF_DISCHARGE:q,58.069320239858385,-154.46915010358515,1986-09-09T00:00:00Z,1.9673071668786546
urn:ioos:station:GOA_RUNOFF_DISCHARGE,urn:ioos:sensor:GOA_RUNOFF_DISCHARGE:q,58.069320239858385,-154.46915010358515,1986-09-10T00:00:00Z,1.3963252235571655
urn:ioos:station:GOA_RUNOFF_DISCHARGE,urn:ioos:sensor:GOA_RUNOFF_DISCHARGE:q,58.069320239858385,-154.46915010358515,1986-09-11T00:00:00Z,0.988699664289775
urn:ioos:station:GOA_RUNOFF_DISCHARGE,urn:ioos:sensor:GOA_RUNOFF_DISCHARGE:q,58.069320239858385,-154.46915010358515,1986-09-12T00:00:00Z,0.6998358243839148
urn:ioos:station:GOA_RUNOFF_DISCHARGE,urn:ioos:sensor:GOA_RUNOFF_DISCHARGE:q,58.069320239858385,-154.46915010358515,1986-09-13T00:00:00Z,0.4953445704247213
urn:ioos:station:GOA_RUNOFF_DISCHARGE,urn:ioos:sensor:GOA_RUNOFF_DISCHARGE:q,58.069320239858385,-154.46915010358515,1986-09-14T00:00:00Z,0.35060306305476113
urn:ioos:station:GOA_RUNOFF_DISCHARGE,urn:ioos:sensor:GOA_RUNOFF_DISCHARGE:q,58.069320239858385,-154.46915010358515,1986-09-15T00:00:00Z,0.8554723552880988
urn:ioos:station:GOA_RUNOFF_DISCHARGE,urn:ioos:sensor:GOA_RUNOFF_DISCHARGE:q,58.069320239858385,-154.46915010358515,1986-09-16T00:00:00Z,1.296276489799884
urn:ioos:station:GOA_RUNOFF_DISCHARGE,urn:ioos:sensor:GOA_RUNOFF_DISCHARGE:q,58.069320239858385,-154.46915010358515,1986-09-17T00:00:00Z,0.9516861254842898
urn:ioos:station:GOA_RUNOFF_DISCHARGE,urn:ioos:sensor:GOA_RUNOFF_DISCHARGE:q,58.069320239858385,-154.46915010358515,1986-09-18T00:00:00Z,0.6770131176193115
urn:ioos:station:GOA_RUNOFF_DISCHARGE,urn:ioos:sensor:GOA_RUNOFF_DISCHARGE:q,58.069320239858385,-154.46915010358515,1986-09-19T00:00:00Z,3.7776684779756184
urn:ioos:station:GOA_RUNOFF_DISCHARGE,urn:ioos:sensor:GOA_RUNOFF_DISCHARGE:q,58.069320239858385,-154.46915010358515,1986-09-20T00:00:00Z,3.7136497600110876
urn:ioos:station:GOA_RUNOFF_DISCHARGE,urn:ioos:sensor:GOA_RUNOFF_DISCHARGE:q,58.069320239858385,-154.46915010358515,1986-09-21T00:00:00Z,2.6858958387545737
urn:ioos:station:GOA_RUNOFF_DISCHARGE,urn:ioos:sensor:GOA_RUNOFF_DISCHARGE:q,58.069320239858385,-154.46915010358515,1986-09-22T00:00:00Z,1.9067962950365889
urn:ioos:station:GOA_RUNOFF_DISCHARGE,urn:ioos:sensor:GOA_RUNOFF_DISCHARGE:q,58.069320239858385,-154.46915010358515,1986-09-23T00:00:00Z,1.3501942317187023
urn:ioos:station:GOA_RUNOFF_DISCHARGE,urn:ioos:sensor:GOA_RUNOFF_DISCHARGE:q,58.069320239858385,-154.46915010358515,1986-09-24T00:00:00Z,0.9557186224594549
urn:ioos:station:GOA_RUNOFF_DISCHARGE,urn:ioos:sensor:GOA_RUNOFF_DISCHARGE:q,58.069320239858385,-154.46915010358515,1986-09-25T00:00:00Z,0.6764591294696828
urn:ioos:station:GOA_RUNOFF_DISCHARGE,urn:ioos:sensor:GOA_RUNOFF_DISCHARGE:q,58.069320239858385,-154.46915010358515,1986-09-26T00:00:00Z,2.391013643141977
urn:ioos:station:GOA_RUNOFF_DISCHARGE,urn:ioos:sensor:GOA_RUNOFF_DISCHARGE:q,58.069320239858385,-154.46915010358515,1986-09-27T00:00:00Z,2.5046431773443607
urn:ioos:station:GOA_RUNOFF_DISCHARGE,urn:ioos:sensor:GOA_RUNOFF_DISCHARGE:q,58.069320239858385,-154.46915010358515,1986-09-28T00:00:00Z,2.7150992102651146
urn:ioos:station:GOA_RUNOFF_DISCHARGE,urn:ioos:sensor:GOA_RUNOFF_DISCHARGE:q,58.069320239858385,-154.46915010358515,1986-09-29T00:00:00Z,1.9685814317129704
urn:ioos:station:GOA_RUNOFF_DISCHARGE,urn:ioos:sensor:GOA_RUNOFF_DISCHARGE:q,58.069320239858385,-154.46915010358515,1986-09-30T00:00:00Z,1.3980311281727522
urn:ioos:station:GOA_RUNOFF_DISCHARGE,urn:ioos:sensor:GOA_RUNOFF_DISCHARGE:q,58.069320239858385,-154.46915010358515,1986-10-01T00:00:00Z,0.9899874795347798
urn:ioos:station:GOA_RUNOFF_DISCHARGE,urn:ioos:sensor:GOA_RUNOFF_DISCHARGE:q,58.069320239858385,-154.46915010358515,1986-10-02T00:00:00Z,0.700755278949993
urn:ioos:station:GOA_RUNOFF_DISCHARGE,urn:ioos:sensor:GOA_RUNOFF_DISCHARGE:q,58.069320239858385,-154.46915010358515,1986-10-03T00:00:00Z,0.6424961433152523
urn:ioos:station:GOA_RUNOFF_DISCHARGE,urn:ioos:sensor:GOA_RUNOFF_DISCHARGE:q,58.069320239858385,-154.46915010358515,1986-10-04T00:00:00Z,0.4616866658468734
urn:ioos:station:GOA_RUNOFF_DISCHARGE,urn:ioos:sensor:GOA_RUNOFF_DISCHARGE:q,58.069320239858385,-154.46915010358515,1986-10-05T00:00:00Z,0.32747182133221037
urn:ioos:station:GOA_RUNOFF_DISCHARGE,urn:ioos:sensor:GOA_RUNOFF_DISCHARGE:q,58.069320239858385,-154.46915010358515,1986-10-06T00:00:00Z,0.23185221362219363
urn:ioos:station:GOA_RUNOFF_DISCHARGE,urn:ioos:sensor:GOA_RUNOFF_DISCHARGE:q,58.069320239858385,-154.46915010358515,1986-10-07T00:00:00Z,0.7019169964411581
urn:ioos:station:GOA_RUNOFF_DISCHARGE,urn:ioos:sensor:GOA_RUNOFF_DISCHARGE:q,58.069320239858385,-154.46915010358515,1986-10-08T00:00:00Z,0.670305006541285
urn:ioos:station:GOA_RUNOFF_DISCHARGE,urn:ioos:sensor:GOA_RUNOFF_DISCHARGE:q,58.069320239858385,-154.46915010358515,1986-10-09T00:00:00Z,8.909084026418189
urn:ioos:station:GOA_RUNOFF_DISCHARGE,urn:ioos:sensor:GOA_RUNOFF_DISCHARGE:q,58.069320239858385,-154.46915010358515,1986-10-10T00:00:00Z,11.43048550973555
urn:ioos:station:GOA_RUNOFF_DISCHARGE,urn:ioos:sensor:GOA_RUNOFF_DISCHARGE:q,58.069320239858385,-154.46915010358515,1986-10-11T00:00:00Z,8.42625158290818
urn:ioos:station:GOA_RUNOFF_DISCHARGE,urn:ioos:sensor:GOA_RUNOFF_DISCHARGE:q,58.069320239858385,-154.46915010358515,1986-10-12T00:00:00Z,6.790775424214023
urn:ioos:station:GOA_RUNOFF_DISCHARGE,urn:ioos:sensor:GOA_RUNOFF_DISCHARGE:q,58.069320239858385,-154.46915010358515,1986-10-13T00:00:00Z,7.659483044474652
urn:ioos:station:GOA_RUNOFF_DISCHARGE,urn:ioos:sensor:GOA_RUNOFF_DISCHARGE:q,58.069320239858385,-154.46915010358515,1986-10-14T00:00:00Z,6.071349652695242
urn:ioos:station:GOA_RUNOFF_DISCHARGE,urn:ioos:sensor:GOA_RUNOFF_DISCHARGE:q,58.069320239858385,-154.46915010358515,1986-10-15T00:00:00Z,4.938093286272552
urn:ioos:station:GOA_RUNOFF_DISCHARGE,urn:ioos:sensor:GOA_RUNOFF_DISCHARGE:q,58.069320239858385,-154.46915010358515,1986-10-16T00:00:00Z,3.527469485175918
urn:ioos:station:GOA_RUNOFF_DISCHARGE,urn:ioos:sensor:GOA_RUNOFF_DISCHARGE:q,58.069320239858385,-154.46915010358515,1986-10-17T00:00:00Z,2.8601556989049035
urn:ioos:station:GOA_RUNOFF_DISCHARGE,urn:ioos:sensor:GOA_RUNOFF_DISCHARGE:q,58.069320239858385,-154.46915010358515,1986-10-18T00:00:00Z,2.5052428159066995
urn:ioos:station:GOA_RUNOFF_DISCHARGE,urn:ioos:sensor:GOA_RUNOFF_DISCHARGE:q,58.069320239858385,-154.46915010358515,1986-10-19T00:00:00Z,2.1115698382553565
urn:ioos:station:GOA_RUNOFF_DISCHARGE,urn:ioos:sensor:GOA_RUNOFF_DISCHARGE:q,58.069320239858385,-154.46915010358515,1986-10-20T00:00:00Z,2.238840952414865
urn:ioos:station:GOA_RUNOFF_DISCHARGE,urn:ioos:sensor:GOA_RUNOFF_DISCHARGE:q,58.069320239858385,-154.46915010358515,1986-10-21T00:00:00Z,4.309260561440389
urn:ioos:station:GOA_RUNOFF_DISCHARGE,urn:ioos:sensor:GOA_RUNOFF_DISCHARGE:q,58.069320239858385,-154.46915010358515,1986-10-22T00:00:00Z,4.534552583819687
urn:ioos:station:GOA_RUNOFF_DISCHARGE,urn:ioos:sensor:GOA_RUNOFF_DISCHARGE:q,58.069320239858385,-154.46915010358515,1986-10-23T00:00:00Z,3.291278459651489
urn:ioos:station:GOA_RUNOFF_DISCHARGE,urn:ioos:sensor:GOA_RUNOFF_DISCHARGE:q,58.069320239858385,-154.46915010358515,1986-10-24T00:00:00Z,2.337470839771352
urn:ioos:station:GOA_RUNOFF_DISCHARGE,urn:ioos:sensor:GOA_RUNOFF_DISCHARGE:q,58.069320239858385,-154.46915010358515,1986-10-25T00:00:00Z,1.655242129610594
urn:ioos:station:GOA_RUNOFF_DISCHARGE,urn:ioos:sensor:GOA_RUNOFF_DISCHARGE:q,58.069320239858385,-154.46915010358515,1986-10-26T00:00:00Z,1.1716520471184637
urn:ioos:station:GOA_RUNOFF_DISCHARGE,urn:ioos:sensor:GOA_RUNOFF_DISCHARGE:q,58.069320239858385,-154.46915010358515,1986-10-27T00:00:00Z,0.8292979610174183
urn:ioos:station:GOA_RUNOFF_DISCHARGE,urn:ioos:sensor:GOA_RUNOFF_DISCHARGE:q,58.069320239858385,-154.46915010358515,1986-10-28T00:00:00Z,0.5869742564184006
urn:ioos:station:GOA_RUNOFF_DISCHARGE,urn:ioos:sensor:GOA_RUNOFF_DISCHARGE:q,58.069320239858385,-154.46915010358515,1986-10-29T00:00:00Z,0.534413397371886
urn:ioos:station:GOA_RUNOFF_DISCHARGE,urn:ioos:sensor:GOA_RUNOFF_DISCHARGE:q,58.069320239858385,-154.46915010358515,1986-10-30T00:00:00Z,0.3838826743710898
urn:ioos:station:GOA_RUNOFF_DISCHARGE,urn:ioos:sensor:GOA_RUNOFF_DISCHARGE:q,58.069320239858385,-154.46915010358515,1986-10-31T00:00:00Z,0.36887717322154584
urn:ioos:station:GOA_RUNOFF_DISCHARGE,urn:ioos:sensor:GOA_RUNOFF_DISCHARGE:q,58.069320239858385,-154.46915010358515,1986-11-01T00:00:00Z,3.9181893941987367
urn:ioos:station:GOA_RUNOFF_DISCHARGE,urn:ioos:sensor:GOA_RUNOFF_DISCHARGE:q,58.069320239858385,-154.46915010358515,1986-11-02T00:00:00Z,6.012586126045143
urn:ioos:station:GOA_RUNOFF_DISCHARGE,urn:ioos:sensor:GOA_RUNOFF_DISCHARGE:q,58.069320239858385,-154.46915010358515,1986-11-03T00:00:00Z,7.666035654723217
urn:ioos:station:GOA_RUNOFF_DISCHARGE,urn:ioos:sensor:GOA_RUNOFF_DISCHARGE:q,58.069320239858385,-154.46915010358515,1986-11-04T00:00:00Z,5.847163764811807
urn:ioos:station:GOA_RUNOFF_DISCHARGE,urn:ioos:sensor:GOA_RUNOFF_DISCHARGE:q,58.069320239858385,-154.46915010358515,1986-11-05T00:00:00Z,5.554353334903403
urn:ioos:station:GOA_RUNOFF_DISCHARGE,urn:ioos:sensor:GOA_RUNOFF_DISCHARGE:q,58.069320239858385,-154.46915010358515,1986-11-06T00:00:00Z,3.9998357493385357
urn:ioos:station:GOA_RUNOFF_DISCHARGE,urn:ioos:sensor:GOA_RUNOFF_DISCHARGE:q,58.069320239858385,-154.46915010358515,1986-11-07T00:00:00Z,3.057564922807613
urn:ioos:station:GOA_RUNOFF_DISCHARGE,urn:ioos:sensor:GOA_RUNOFF_DISCHARGE:q,58.069320239858385,-154.46915010358515,1986-11-08T00:00:00Z,6.607144994621338
urn:ioos:station:GOA_RUNOFF_DISCHARGE,urn:ioos:sensor:GOA_RUNOFF_DISCHARGE:q,58.069320239858385,-154.46915010358515,1986-11-09T00:00:00Z,9.166035596692156
urn:ioos:station:GOA_RUNOFF_DISCHARGE,urn:ioos:sensor:GOA_RUNOFF_DISCHARGE:q,58.069320239858385,-154.46915010358515,1986-11-10T00:00:00Z,7.181553481601158
urn:ioos:station:GOA_RUNOFF_DISCHARGE,urn:ioos:sensor:GOA_RUNOFF_DISCHARGE:q,58.069320239858385,-154.46915010358515,1986-11-11T00:00:00Z,5.530467776022711
urn:ioos:station:GOA_RUNOFF_DISCHARGE,urn:ioos:sensor:GOA_RUNOFF_DISCHARGE:q,58.069320239858385,-154.46915010358515,1986-11-12T00:00:00Z,4.935803661538251
urn:ioos:station:GOA_RUNOFF_DISCHARGE,urn:ioos:sensor:GOA_RUNOFF_DISCHARGE:q,58.069320239858385,-154.46915010358515,1986-11-13T00:00:00Z,4.8907663062440445
urn:ioos:station:GOA_RUNOFF_DISCHARGE,urn:ioos:sensor:GOA_RUNOFF_DISCHARGE:q,58.069320239858385,-154.46915010358515,1986-11-14T00:00:00Z,4.854471728549393
urn:ioos:station:GOA_RUNOFF_DISCHARGE,urn:ioos:sensor:GOA_RUNOFF_DISCHARGE:q,58.069320239858385,-154.46915010358515,1986-11-15T00:00:00Z,3.71423098053948
urn:ioos:station:GOA_RUNOFF_DISCHARGE,urn:ioos:sensor:GOA_RUNOFF_DISCHARGE:q,58.069320239858385,-154.46915010358515,1986-11-16T00:00:00Z,3.0196121958282505
urn:ioos:station:GOA_RUNOFF_DISCHARGE,urn:ioos:sensor:GOA_RUNOFF_DISCHARGE:q,58.069320239858385,-154.46915010358515,1986-11-17T00:00:00Z,2.16171767174013
urn:ioos:station:GOA_RUNOFF_DISCHARGE,urn:ioos:sensor:GOA_RUNOFF_DISCHARGE:q,58.069320239858385,-154.46915010358515,1986-11-18T00:00:00Z,1.5623082823667822
urn:ioos:station:GOA_RUNOFF_DISCHARGE,urn:ioos:sensor:GOA_RUNOFF_DISCHARGE:q,58.069320239858385,-154.46915010358515,1986-11-19T00:00:00Z,1.1074349406168538
urn:ioos:station:GOA_RUNOFF_DISCHARGE,urn:ioos:sensor:GOA_RUNOFF_DISCHARGE:q,58.069320239858385,-154.46915010358515,1986-11-20T00:00:00Z,0.7143711394382858
urn:ioos:station:GOA_RUNOFF_DISCHARGE,urn:ioos:sensor:GOA_RUNOFF_DISCHARGE:q,58.069320239858385,-154.46915010358515,1986-11-21T00:00:00Z,0.46351896422041694
urn:ioos:station:GOA_RUNOFF_DISCHARGE,urn:ioos:sensor:GOA_RUNOFF_DISCHARGE:q,58.069320239858385,-154.46915010358515,1986-11-22T00:00:00Z,0.3009064385123261
urn:ioos:station:GOA_RUNOFF_DISCHARGE,urn:ioos:sensor:GOA_RUNOFF_DISCHARGE:q,58.069320239858385,-154.46915010358515,1986-11-23T00:00:00Z,0.19535044949031918
urn:ioos:station:GOA_RUNOFF_DISCHARGE,urn:ioos:sensor:GOA_RUNOFF_DISCHARGE:q,58.069320239858385,-154.46915010358515,1986-11-24T00:00:00Z,0.1268232928198421
urn:ioos:station:GOA_RUNOFF_DISCHARGE,urn:ioos:sensor:GOA_RUNOFF_DISCHARGE:q,58.069320239858385,-154.46915010358515,1986-11-25T00:00:00Z,0.08233487716060198
urn:ioos:station:GOA_RUNOFF_DISCHARGE,urn:ioos:sensor:GOA_RUNOFF_DISCHARGE:q,58.069320239858385,-154.46915010358515,1986-11-26T00:00:00Z,0.05345257144896123
urn:ioos:station:GOA_RUNOFF_DISCHARGE,urn:ioos:sensor:GOA_RUNOFF_DISCHARGE:q,58.069320239858385,-154.46915010358515,1986-11-27T00:00:00Z,2.4006478535845353
urn:ioos:station:GOA_RUNOFF_DISCHARGE,urn:ioos:sensor:GOA_RUNOFF_DISCHARGE:q,58.069320239858385,-154.46915010358515,1986-11-28T00:00:00Z,5.98625570471546
urn:ioos:station:GOA_RUNOFF_DISCHARGE,urn:ioos:sensor:GOA_RUNOFF_DISCHARGE:q,58.069320239858385,-154.46915010358515,1986-11-29T00:00:00Z,4.17841411221974
urn:ioos:station:GOA_RUNOFF_DISCHARGE,urn:ioos:sensor:GOA_RUNOFF_DISCHARGE:q,58.069320239858385,-154.46915010358515,1986-11-30T00:00:00Z,2.725722469130591
urn:ioos:station:GOA_RUNOFF_DISCHARGE,urn:ioos:sensor:GOA_RUNOFF_DISCHARGE:q,58.069320239858385,-154.46915010358515,1986-12-01T00:00:00Z,3.93236496558292
urn:ioos:station:GOA_RUNOFF_DISCHARGE,urn:ioos:sensor:GOA_RUNOFF_DISCHARGE:q,58.069320239858385,-154.46915010358515,1986-12-02T00:00:00Z,2.6996430592921192
urn:ioos:station:GOA_RUNOFF_DISCHARGE,urn:ioos:sensor:GOA_RUNOFF_DISCHARGE:q,58.069320239858385,-154.46915010358515,1986-12-03T00:00:00Z,2.0297006249048066
urn:ioos:station:GOA_RUNOFF_DISCHARGE,urn:ioos:sensor:GOA_RUNOFF_DISCHARGE:q,58.069320239858385,-154.46915010358515,1986-12-04T00:00:00Z,5.377778064771248
urn:ioos:station:GOA_RUNOFF_DISCHARGE,urn:ioos:sensor:GOA_RUNOFF_DISCHARGE:q,58.069320239858385,-154.46915010358515,1986-12-05T00:00:00Z,3.6491642764434027
urn:ioos:station:GOA_RUNOFF_DISCHARGE,urn:ioos:sensor:GOA_RUNOFF_DISCHARGE:q,58.069320239858385,-154.46915010358515,1986-12-06T00:00:00Z,2.3779331554332885
urn:ioos:station:GOA_RUNOFF_DISCHARGE,urn:ioos:sensor:GOA_RUNOFF_DISCHARGE:q,58.069320239858385,-154.46915010358515,1986-12-07T00:00:00Z,1.9070240208705969
urn:ioos:station:GOA_RUNOFF_DISCHARGE,urn:ioos:sensor:GOA_RUNOFF_DISCHARGE:q,58.069320239858385,-154.46915010358515,1986-12-08T00:00:00Z,5.931776212761278
urn:ioos:station:GOA_RUNOFF_DISCHARGE,urn:ioos:sensor:GOA_RUNOFF_DISCHARGE:q,58.069320239858385,-154.46915010358515,1986-12-09T00:00:00Z,6.283344907024369
urn:ioos:station:GOA_RUNOFF_DISCHARGE,urn:ioos:sensor:GOA_RUNOFF_DISCHARGE:q,58.069320239858385,-154.46915010358515,1986-12-10T00:00:00Z,6.913888930324917
urn:ioos:station:GOA_RUNOFF_DISCHARGE,urn:ioos:sensor:GOA_RUNOFF_DISCHARGE:q,58.069320239858385,-154.46915010358515,1986-12-11T00:00:00Z,5.818749474498481
urn:ioos:station:GOA_RUNOFF_DISCHARGE,urn:ioos:sensor:GOA_RUNOFF_DISCHARGE:q,58.069320239858385,-154.46915010358515,1986-12-12T00:00:00Z,6.51072869183043
urn:ioos:station:GOA_RUNOFF_DISCHARGE,urn:ioos:sensor:GOA_RUNOFF_DISCHARGE:q,58.069320239858385,-154.46915010358515,1986-12-13T00:00:00Z,5.1484493355804535
urn:ioos:station:GOA_RUNOFF_DISCHARGE,urn:ioos:sensor:GOA_RUNOFF_DISCHARGE:q,58.069320239858385,-154.46915010358515,1986-12-14T00:00:00Z,5.008939043191448
urn:ioos:station:GOA_RUNOFF_DISCHARGE,urn:ioos:sensor:GOA_RUNOFF_DISCHARGE:q,58.069320239858385,-154.46915010358515,1986-12-15T00:00:00Z,6.150767688842306
urn:ioos:station:GOA_RUNOFF_DISCHARGE,urn:ioos:sensor:GOA_RUNOFF_DISCHARGE:q,58.069320239858385,-154.46915010358515,1986-12-16T00:00:00Z,6.082869869813906
urn:ioos:station:GOA_RUNOFF_DISCHARGE,urn:ioos:sensor:GOA_RUNOFF_DISCHARGE:q,58.069320239858385,-154.46915010358515,1986-12-17T00:00:00Z,6.664869217927323
urn:ioos:station:GOA_RUNOFF_DISCHARGE,urn:ioos:sensor:GOA_RUNOFF_DISCHARGE:q,58.069320239858385,-154.46915010358515,1986-12-18T00:00:00Z,6.328649586925568
urn:ioos:station:GOA_RUNOFF_DISCHARGE,urn:ioos:sensor:GOA_RUNOFF_DISCHARGE:q,58.069320239858385,-154.46915010358515,1986-12-19T00:00:00Z,7.711467155943875
urn:ioos:station:GOA_RUNOFF_DISCHARGE,urn:ioos:sensor:GOA_RUNOFF_DISCHARGE:q,58.069320239858385,-154.46915010358515,1986-12-20T00:00:00Z,10.23592234928954
urn:ioos:station:GOA_RUNOFF_DISCHARGE,urn:ioos:sensor:GOA_RUNOFF_DISCHARGE:q,58.069320239858385,-154.46915010358515,1986-12-21T00:00:00Z,6.869801419352799
urn:ioos:station:GOA_RUNOFF_DISCHARGE,urn:ioos:sensor:GOA_RUNOFF_DISCHARGE:q,58.069320239858385,-154.46915010358515,1986-12-22T00:00:00Z,5.128859388445588
urn:ioos:station:GOA_RUNOFF_DISCHARGE,urn:ioos:sensor:GOA_RUNOFF_DISCHARGE:q,58.069320239858385,-154.46915010358515,1986-12-23T00:00:00Z,4.313102037092054
urn:ioos:station:GOA_RUNOFF_DISCHARGE,urn:ioos:sensor:GOA_RUNOFF_DISCHARGE:q,58.069320239858385,-154.46915010358515,1986-12-24T00:00:00Z,3.1524456877969382
urn:ioos:station:GOA_RUNOFF_DISCHARGE,urn:ioos:sensor:GOA_RUNOFF_DISCHARGE:q,58.069320239858385,-154.46915010358515,1986-12-25T00:00:00Z,2.071056478327911
urn:ioos:station:GOA_RUNOFF_DISCHARGE,urn:ioos:sensor:GOA_RUNOFF_DISCHARGE:q,58.069320239858385,-154.46915010358515,1986-12-26T00:00:00Z,1.3455160510963327
urn:ioos:station:GOA_RUNOFF_DISCHARGE,urn:ioos:sensor:GOA_RUNOFF_DISCHARGE:q,58.069320239858385,-154.46915010358515,1986-12-27T00:00:00Z,0.8735759670834946
urn:ioos:station:GOA_RUNOFF_DISCHARGE,urn:ioos:sensor:GOA_RUNOFF_DISCHARGE:q,58.069320239858385,-154.46915010358515,1986-12-28T00:00:00Z,0.7599034136161077
urn:ioos:station:GOA_RUNOFF_DISCHARGE,urn:ioos:sensor:GOA_RUNOFF_DISCHARGE:q,58.069320239858385,-154.46915010358515,1986-12-29T00:00:00Z,0.49859081468645583
urn:ioos:station:GOA_RUNOFF_DISCHARGE,urn:ioos:sensor:GOA_RUNOFF_DISCHARGE:q,58.069320239858385,-154.46915010358515,1986-12-30T00:00:00Z,0.5828162536976298
urn:ioos:station:GOA_RUNOFF_DISCHARGE,urn:ioos:sensor:GOA_RUNOFF_DISCHARGE:q,58.069320239858385,-154.46915010358515,1986-12-31T00:00:00Z,2.3278111071960397
urn:ioos:station:GOA_RUNOFF_DISCHARGE,urn:ioos:sensor:GOA_RUNOFF_DISCHARGE:q,58.069320239858385,-154.46915010358515,1987-01-01T00:00:00Z,1.6328088327065704
urn:ioos:station:GOA_RUNOFF_DISCHARGE,urn:ioos:sensor:GOA_RUNOFF_DISCHARGE:q,58.069320239858385,-154.46915010358515,1987-01-02T00:00:00Z,1.0648887559712745
urn:ioos:station:GOA_RUNOFF_DISCHARGE,urn:ioos:sensor:GOA_RUNOFF_DISCHARGE:q,58.069320239858385,-154.46915010358515,1987-01-03T00:00:00Z,0.6916082912840081
urn:ioos:station:GOA_RUNOFF_DISCHARGE,urn:ioos:sensor:GOA_RUNOFF_DISCHARGE:q,58.069320239858385,-154.46915010358515,1987-01-04T00:00:00Z,1.5150924683288798
urn:ioos:station:GOA_RUNOFF_DISCHARGE,urn:ioos:sensor:GOA_RUNOFF_DISCHARGE:q,58.069320239858385,-154.46915010358515,1987-01-05T00:00:00Z,1.0144147259495724
urn:ioos:station:GOA_RUNOFF_DISCHARGE,urn:ioos:sensor:GOA_RUNOFF_DISCHARGE:q,58.069320239858385,-154.46915010358515,1987-01-06T00:00:00Z,2.423098384506037
urn:ioos:station:GOA_RUNOFF_DISCHARGE,urn:ioos:sensor:GOA_RUNOFF_DISCHARGE:q,58.069320239858385,-154.46915010358515,1987-01-07T00:00:00Z,2.1327547871299743
urn:ioos:station:GOA_RUNOFF_DISCHARGE,urn:ioos:sensor:GOA_RUNOFF_DISCHARGE:q,58.069320239858385,-154.46915010358515,1987-01-08T00:00:00Z,3.993474160413471
urn:ioos:station:GOA_RUNOFF_DISCHARGE,urn:ioos:sensor:GOA_RUNOFF_DISCHARGE:q,58.069320239858385,-154.46915010358515,1987-01-09T00:00:00Z,2.6904608800255585
urn:ioos:station:GOA_RUNOFF_DISCHARGE,urn:ioos:sensor:GOA_RUNOFF_DISCHARGE:q,58.069320239858385,-154.46915010358515,1987-01-10T00:00:00Z,1.7521658492367236
urn:ioos:station:GOA_RUNOFF_DISCHARGE,urn:ioos:sensor:GOA_RUNOFF_DISCHARGE:q,58.069320239858385,-154.46915010358515,1987-01-11T00:00:00Z,1.1378308798254202
urn:ioos:station:GOA_RUNOFF_DISCHARGE,urn:ioos:sensor:GOA_RUNOFF_DISCHARGE:q,58.069320239858385,-154.46915010358515,1987-01-12T00:00:00Z,0.738707808593278
urn:ioos:station:GOA_RUNOFF_DISCHARGE,urn:ioos:sensor:GOA_RUNOFF_DISCHARGE:q,58.069320239858385,-154.46915010358515,1987-01-13T00:00:00Z,0.47957695734195505
urn:ioos:station:GOA_RUNOFF_DISCHARGE,urn:ioos:sensor:GOA_RUNOFF_DISCHARGE:q,58.069320239858385,-154.46915010358515,1987-01-14T00:00:00Z,0.3113459117104952
urn:ioos:station:GOA_RUNOFF_DISCHARGE,urn:ioos:sensor:GOA_RUNOFF_DISCHARGE:q,58.069320239858385,-154.46915010358515,1987-01-15T00:00:00Z,0.955544374702584
urn:ioos:station:GOA_RUNOFF_DISCHARGE,urn:ioos:sensor:GOA_RUNOFF_DISCHARGE:q,58.069320239858385,-154.46915010358515,1987-01-16T00:00:00Z,2.698642170704521
urn:ioos:station:GOA_RUNOFF_DISCHARGE,urn:ioos:sensor:GOA_RUNOFF_DISCHARGE:q,58.069320239858385,-154.46915010358515,1987-01-17T00:00:00Z,2.553495696813166
urn:ioos:station:GOA_RUNOFF_DISCHARGE,urn:ioos:sensor:GOA_RUNOFF_DISCHARGE:q,58.069320239858385,-154.46915010358515,1987-01-18T00:00:00Z,4.437003835055851
urn:ioos:station:GOA_RUNOFF_DISCHARGE,urn:ioos:sensor:GOA_RUNOFF_DISCHARGE:q,58.069320239858385,-154.46915010358515,1987-01-19T00:00:00Z,6.914725635295621
urn:ioos:station:GOA_RUNOFF_DISCHARGE,urn:ioos:sensor:GOA_RUNOFF_DISCHARGE:q,58.069320239858385,-154.46915010358515,1987-01-20T00:00:00Z,7.9094105028310295
urn:ioos:station:GOA_RUNOFF_DISCHARGE,urn:ioos:sensor:GOA_RUNOFF_DISCHARGE:q,58.069320239858385,-154.46915010358515,1987-01-21T00:00:00Z,10.82301033706756
urn:ioos:station:GOA_RUNOFF_DISCHARGE,urn:ioos:sensor:GOA_RUNOFF_DISCHARGE:q,58.069320239858385,-154.46915010358515,1987-01-22T00:00:00Z,9.624930910826423
urn:ioos:station:GOA_RUNOFF_DISCHARGE,urn:ioos:sensor:GOA_RUNOFF_DISCHARGE:q,58.069320239858385,-154.46915010358515,1987-01-23T00:00:00Z,11.351260599830153
urn:ioos:station:GOA_RUNOFF_DISCHARGE,urn:ioos:sensor:GOA_RUNOFF_DISCHARGE:q,58.069320239858385,-154.46915010358515,1987-01-24T00:00:00Z,14.240778591567077
urn:ioos:station:GOA_RUNOFF_DISCHARGE,urn:ioos:sensor:GOA_RUNOFF_DISCHARGE:q,58.069320239858385,-154.46915010358515,1987-01-25T00:00:00Z,10.727685960574899
urn:ioos:station:GOA_RUNOFF_DISCHARGE,urn:ioos:sensor:GOA_RUNOFF_DISCHARGE:q,58.069320239858385,-154.46915010358515,1987-01-26T00:00:00Z,7.733439870441855
urn:ioos:station:GOA_RUNOFF_DISCHARGE,urn:ioos:sensor:GOA_RUNOFF_DISCHARGE:q,58.069320239858385,-154.46915010358515,1987-01-27T00:00:00Z,5.484146420647674
urn:ioos:station:GOA_RUNOFF_DISCHARGE,urn:ioos:sensor:GOA_RUNOFF_DISCHARGE:q,58.069320239858385,-154.46915010358515,1987-01-28T00:00:00Z,3.537805159597061
urn:ioos:station:GOA_RUNOFF_DISCHARGE,urn:ioos:sensor:GOA_RUNOFF_DISCHARGE:q,58.069320239858385,-154.46915010358515,1987-01-29T00:00:00Z,2.295510348605266
urn:ioos:station:GOA_RUNOFF_DISCHARGE,urn:ioos:sensor:GOA_RUNOFF_DISCHARGE:q,58.069320239858385,-154.46915010358515,1987-01-30T00:00:00Z,1.490195890941919
urn:ioos:station:GOA_RUNOFF_DISCHARGE,urn:ioos:sensor:GOA_RUNOFF_DISCHARGE:q,58.069320239858385,-154.46915010358515,1987-01-31T00:00:00Z,0.9674451873370096
urn:ioos:station:GOA_RUNOFF_DISCHARGE,urn:ioos:sensor:GOA_RUNOFF_DISCHARGE:q,58.069320239858385,-154.46915010358515,1987-02-01T00:00:00Z,0.6280742307270366
urn:ioos:station:GOA_RUNOFF_DISCHARGE,urn:ioos:sensor:GOA_RUNOFF_DISCHARGE:q,58.069320239858385,-154.46915010358515,1987-02-02T00:00:00Z,0.40775165702123034
urn:ioos:station:GOA_RUNOFF_DISCHARGE,urn:ioos:sensor:GOA_RUNOFF_DISCHARGE:q,58.069320239858385,-154.46915010358515,1987-02-03T00:00:00Z,0.2647162022689154
urn:ioos:station:GOA_RUNOFF_DISCHARGE,urn:ioos:sensor:GOA_RUNOFF_DISCHARGE:q,58.069320239858385,-154.46915010358515,1987-02-04T00:00:00Z,0.17185624094164026
urn:ioos:station:GOA_RUNOFF_DISCHARGE,urn:ioos:sensor:GOA_RUNOFF_DISCHARGE:q,58.069320239858385,-154.46915010358515,1987-02-05T00:00:00Z,6.757169353245995
urn:ioos:station:GOA_RUNOFF_DISCHARGE,urn:ioos:sensor:GOA_RUNOFF_DISCHARGE:q,58.069320239858385,-154.46915010358515,1987-02-06T00:00:00Z,7.038353267668389
urn:ioos:station:GOA_RUNOFF_DISCHARGE,urn:ioos:sensor:GOA_RUNOFF_DISCHARGE:q,58.069320239858385,-154.46915010358515,1987-02-07T00:00:00Z,11.038029832570674
urn:ioos:station:GOA_RUNOFF_DISCHARGE,urn:ioos:sensor:GOA_RUNOFF_DISCHARGE:q,58.069320239858385,-154.46915010358515,1987-02-08T00:00:00Z,8.423035794181148
urn:ioos:station:GOA_RUNOFF_DISCHARGE,urn:ioos:sensor:GOA_RUNOFF_DISCHARGE:q,58.069320239858385,-154.46915010358515,1987-02-09T00:00:00Z,6.549253430321212
urn:ioos:station:GOA_RUNOFF_DISCHARGE,urn:ioos:sensor:GOA_RUNOFF_DISCHARGE:q,58.069320239858385,-154.46915010358515,1987-02-10T00:00:00Z,5.141916195824917
urn:ioos:station:GOA_RUNOFF_DISCHARGE,urn:ioos:sensor:GOA_RUNOFF_DISCHARGE:q,58.069320239858385,-154.46915010358515,1987-02-11T00:00:00Z,4.708300422626309
urn:ioos:station:GOA_RUNOFF_DISCHARGE,urn:ioos:sensor:GOA_RUNOFF_DISCHARGE:q,58.069320239858385,-154.46915010358515,1987-02-12T00:00:00Z,4.401115769681872
urn:ioos:station:GOA_RUNOFF_DISCHARGE,urn:ioos:sensor:GOA_RUNOFF_DISCHARGE:q,58.069320239858385,-154.46915010358515,1987-02-13T00:00:00Z,6.00141164173513
urn:ioos:station:GOA_RUNOFF_DISCHARGE,urn:ioos:sensor:GOA_RUNOFF_DISCHARGE:q,58.069320239858385,-154.46915010358515,1987-02-14T00:00:00Z,4.530034903207422
urn:ioos:station:GOA_RUNOFF_DISCHARGE,urn:ioos:sensor:GOA_RUNOFF_DISCHARGE:q,58.069320239858385,-154.46915010358515,1987-02-15T00:00:00Z,3.2444345583419176
urn:ioos:station:GOA_RUNOFF_DISCHARGE,urn:ioos:sensor:GOA_RUNOFF_DISCHARGE:q,58.069320239858385,-154.46915010358515,1987-02-16T00:00:00Z,2.507501919327603
urn:ioos:station:GOA_RUNOFF_DISCHARGE,urn:ioos:sensor:GOA_RUNOFF_DISCHARGE:q,58.069320239858385,-154.46915010358515,1987-02-17T00:00:00Z,1.7903117024577524
urn:ioos:station:GOA_RUNOFF_DISCHARGE,urn:ioos:sensor:GOA_RUNOFF_DISCHARGE:q,58.069320239858385,-154.46915010358515,1987-02-18T00:00:00Z,2.3265744677739284
urn:ioos:station:GOA_RUNOFF_DISCHARGE,urn:ioos:sensor:GOA_RUNOFF_DISCHARGE:q,58.069320239858385,-154.46915010358515,1987-02-19T00:00:00Z,2.8469036603657436
urn:ioos:station:GOA_RUNOFF_DISCHARGE,urn:ioos:sensor:GOA_RUNOFF_DISCHARGE:q,58.069320239858385,-154.46915010358515,1987-02-20T00:00:00Z,2.0744372400161466
urn:ioos:station:GOA_RUNOFF_DISCHARGE,urn:ioos:sensor:GOA_RUNOFF_DISCHARGE:q,58.069320239858385,-154.46915010358515,1987-02-21T00:00:00Z,3.1130700361378354
urn:ioos:station:GOA_RUNOFF_DISCHARGE,urn:ioos:sensor:GOA_RUNOFF_DISCHARGE:q,58.069320239858385,-154.46915010358515,1987-02-22T00:00:00Z,3.027563524197655
urn:ioos:station:GOA_RUNOFF_DISCHARGE,urn:ioos:sensor:GOA_RUNOFF_DISCHARGE:q,58.069320239858385,-154.46915010358515,1987-02-23T00:00:00Z,7.72556379289686
urn:ioos:station:GOA_RUNOFF_DISCHARGE,urn:ioos:sensor:GOA_RUNOFF_DISCHARGE:q,58.069320239858385,-154.46915010358515,1987-02-24T00:00:00Z,5.173341571573698
urn:ioos:station:GOA_RUNOFF_DISCHARGE,urn:ioos:sensor:GOA_RUNOFF_DISCHARGE:q,58.069320239858385,-154.46915010358515,1987-02-25T00:00:00Z,3.3674420292002347
urn:ioos:station:GOA_RUNOFF_DISCHARGE,urn:ioos:sensor:GOA_RUNOFF_DISCHARGE:q,58.069320239858385,-154.46915010358515,1987-02-26T00:00:00Z,2.1866720028192512
urn:ioos:station:GOA_RUNOFF_DISCHARGE,urn:ioos:sensor:GOA_RUNOFF_DISCHARGE:q,58.069320239858385,-154.46915010358515,1987-02-27T00:00:00Z,1.4196360082213466
urn:ioos:station:GOA_RUNOFF_DISCHARGE,urn:ioos:sensor:GOA_RUNOFF_DISCHARGE:q,58.069320239858385,-154.46915010358515,1987-02-28T00:00:00Z,0.9216425627323325
urn:ioos:station:GOA_RUNOFF_DISCHARGE,urn:ioos:sensor:GOA_RUNOFF_DISCHARGE:q,58.069320239858385,-154.46915010358515,1987-03-01T00:00:00Z,0.5983390384862951
urn:ioos:station:GOA_RUNOFF_DISCHARGE,urn:ioos:sensor:GOA_RUNOFF_DISCHARGE:q,58.069320239858385,-154.46915010358515,1987-03-02T00:00:00Z,0.3884473209699187
urn:ioos:station:GOA_RUNOFF_DISCHARGE,urn:ioos:sensor:GOA_RUNOFF_DISCHARGE:q,58.069320239858385,-154.46915010358515,1987-03-03T00:00:00Z,0.25218363462545734
urn:ioos:station:GOA_RUNOFF_DISCHARGE,urn:ioos:sensor:GOA_RUNOFF_DISCHARGE:q,58.069320239858385,-154.46915010358515,1987-03-04T00:00:00Z,0.16371999222248013
urn:ioos:station:GOA_RUNOFF_DISCHARGE,urn:ioos:sensor:GOA_RUNOFF_DISCHARGE:q,58.069320239858385,-154.46915010358515,1987-03-05T00:00:00Z,0.10628854987754933
urn:ioos:station:GOA_RUNOFF_DISCHARGE,urn:ioos:sensor:GOA_RUNOFF_DISCHARGE:q,58.069320239858385,-154.46915010358515,1987-03-06T00:00:00Z,0.06900353418509715
urn:ioos:station:GOA_RUNOFF_DISCHARGE,urn:ioos:sensor:GOA_RUNOFF_DISCHARGE:q,58.069320239858385,-154.46915010358515,1987-03-07T00:00:00Z,2.5440925011392492
urn:ioos:station:GOA_RUNOFF_DISCHARGE,urn:ioos:sensor:GOA_RUNOFF_DISCHARGE:q,58.069320239858385,-154.46915010358515,1987-03-08T00:00:00Z,4.5373763315384315
urn:ioos:station:GOA_RUNOFF_DISCHARGE,urn:ioos:sensor:GOA_RUNOFF_DISCHARGE:q,58.069320239858385,-154.46915010358515,1987-03-09T00:00:00Z,3.4872092416578497
urn:ioos:station:GOA_RUNOFF_DISCHARGE,urn:ioos:sensor:GOA_RUNOFF_DISCHARGE:q,58.069320239858385,-154.46915010358515,1987-03-10T00:00:00Z,2.5410385279961756
urn:ioos:station:GOA_RUNOFF_DISCHARGE,urn:ioos:sensor:GOA_RUNOFF_DISCHARGE:q,58.069320239858385,-154.46915010358515,1987-03-11T00:00:00Z,1.8030347487504965
urn:ioos:station:GOA_RUNOFF_DISCHARGE,urn:ioos:sensor:GOA_RUNOFF_DISCHARGE:q,58.069320239858385,-154.46915010358515,1987-03-12T00:00:00Z,1.2766291836450145
urn:ioos:station:GOA_RUNOFF_DISCHARGE,urn:ioos:sensor:GOA_RUNOFF_DISCHARGE:q,58.069320239858385,-154.46915010358515,1987-03-13T00:00:00Z,0.8350311660914496
urn:ioos:station:GOA_RUNOFF_DISCHARGE,urn:ioos:sensor:GOA_RUNOFF_DISCHARGE:q,58.069320239858385,-154.46915010358515,1987-03-14T00:00:00Z,0.8478255822657358
urn:ioos:station:GOA_RUNOFF_DISCHARGE,urn:ioos:sensor:GOA_RUNOFF_DISCHARGE:q,58.069320239858385,-154.46915010358515,1987-03-15T00:00:00Z,2.6559683753951706
urn:ioos:station:GOA_RUNOFF_DISCHARGE,urn:ioos:sensor:GOA_RUNOFF_DISCHARGE:q,58.069320239858385,-154.46915010358515,1987-03-16T00:00:00Z,2.8726533873965754
urn:ioos:station:GOA_RUNOFF_DISCHARGE,urn:ioos:sensor:GOA_RUNOFF_DISCHARGE:q,58.069320239858385,-154.46915010358515,1987-03-17T00:00:00Z,2.381165520390871
urn:ioos:station:GOA_RUNOFF_DISCHARGE,urn:ioos:sensor:GOA_RUNOFF_DISCHARGE:q,58.069320239858385,-154.46915010358515,1987-03-18T00:00:00Z,1.7045749650932425
urn:ioos:station:GOA_RUNOFF_DISCHARGE,urn:ioos:sensor:GOA_RUNOFF_DISCHARGE:q,58.069320239858385,-154.46915010358515,1987-03-19T00:00:00Z,2.0394706025690263
urn:ioos:station:GOA_RUNOFF_DISCHARGE,urn:ioos:sensor:GOA_RUNOFF_DISCHARGE:q,58.069320239858385,-154.46915010358515,1987-03-20T00:00:00Z,1.6596222011978035
urn:ioos:station:GOA_RUNOFF_DISCHARGE,urn:ioos:sensor:GOA_RUNOFF_DISCHARGE:q,58.069320239858385,-154.46915010358515,1987-03-21T00:00:00Z,6.116125998136953
urn:ioos:station:GOA_RUNOFF_DISCHARGE,urn:ioos:sensor:GOA_RUNOFF_DISCHARGE:q,58.069320239858385,-154.46915010358515,1987-03-22T00:00:00Z,5.6970141635563145
urn:ioos:station:GOA_RUNOFF_DISCHARGE,urn:ioos:sensor:GOA_RUNOFF_DISCHARGE:q,58.069320239858385,-154.46915010358515,1987-03-23T00:00:00Z,4.52877037361962
urn:ioos:station:GOA_RUNOFF_DISCHARGE,urn:ioos:sensor:GOA_RUNOFF_DISCHARGE:q,58.069320239858385,-154.46915010358515,1987-03-24T00:00:00Z,5.937334249176741
urn:ioos:station:GOA_RUNOFF_DISCHARGE,urn:ioos:sensor:GOA_RUNOFF_DISCHARGE:q,58.069320239858385,-154.46915010358515,1987-03-25T00:00:00Z,4.61146629357959
urn:ioos:station:GOA_RUNOFF_DISCHARGE,urn:ioos:sensor:GOA_RUNOFF_DISCHARGE:q,58.069320239858385,-154.46915010358515,1987-03-26T00:00:00Z,3.650473798656987
urn:ioos:station:GOA_RUNOFF_DISCHARGE,urn:ioos:sensor:GOA_RUNOFF_DISCHARGE:q,58.069320239858385,-154.46915010358515,1987-03-27T00:00:00Z,2.6033956761839763
urn:ioos:station:GOA_RUNOFF_DISCHARGE,urn:ioos:sensor:GOA_RUNOFF_DISCHARGE:q,58.069320239858385,-154.46915010358515,1987-03-28T00:00:00Z,3.3238286510448503
urn:ioos:station:GOA_RUNOFF_DISCHARGE,urn:ioos:sensor:GOA_RUNOFF_DISCHARGE:q,58.069320239858385,-154.46915010358515,1987-03-29T00:00:00Z,4.037229357430242
urn:ioos:station:GOA_RUNOFF_DISCHARGE,urn:ioos:sensor:GOA_RUNOFF_DISCHARGE:q,58.069320239858385,-154.46915010358515,1987-03-30T00:00:00Z,3.176145487649543
urn:ioos:station:GOA_RUNOFF_DISCHARGE,urn:ioos:sensor:GOA_RUNOFF_DISCHARGE:q,58.069320239858385,-154.46915010358515,1987-03-31T00:00:00Z,2.279308793486986
urn:ioos:station:GOA_RUNOFF_DISCHARGE,urn:ioos:sensor:GOA_RUNOFF_DISCHARGE:q,58.069320239858385,-154.46915010358515,1987-04-01T00:00:00Z,1.608976028337396
urn:ioos:station:GOA_RUNOFF_DISCHARGE,urn:ioos:sensor:GOA_RUNOFF_DISCHARGE:q,58.069320239858385,-154.46915010358515,1987-04-02T00:00:00Z,1.1493793817819293
urn:ioos:station:GOA_RUNOFF_DISCHARGE,urn:ioos:sensor:GOA_RUNOFF_DISCHARGE:q,58.069320239858385,-154.46915010358515,1987-04-03T00:00:00Z,3.984578513132161
urn:ioos:station:GOA_RUNOFF_DISCHARGE,urn:ioos:sensor:GOA_RUNOFF_DISCHARGE:q,58.069320239858385,-154.46915010358515,1987-04-04T00:00:00Z,2.6749813118379744
urn:ioos:station:GOA_RUNOFF_DISCHARGE,urn:ioos:sensor:GOA_RUNOFF_DISCHARGE:q,58.069320239858385,-154.46915010358515,1987-04-05T00:00:00Z,3.369871630992527
urn:ioos:station:GOA_RUNOFF_DISCHARGE,urn:ioos:sensor:GOA_RUNOFF_DISCHARGE:q,58.069320239858385,-154.46915010358515,1987-04-06T00:00:00Z,6.584925478468477
urn:ioos:station:GOA_RUNOFF_DISCHARGE,urn:ioos:sensor:GOA_RUNOFF_DISCHARGE:q,58.069320239858385,-154.46915010358515,1987-04-07T00:00:00Z,4.862658281523769
urn:ioos:station:GOA_RUNOFF_DISCHARGE,urn:ioos:sensor:GOA_RUNOFF_DISCHARGE:q,58.069320239858385,-154.46915010358515,1987-04-08T00:00:00Z,3.4619270695744837
urn:ioos:station:GOA_RUNOFF_DISCHARGE,urn:ioos:sensor:GOA_RUNOFF_DISCHARGE:q,58.069320239858385,-154.46915010358515,1987-04-09T00:00:00Z,2.4523496429048386
urn:ioos:station:GOA_RUNOFF_DISCHARGE,urn:ioos:sensor:GOA_RUNOFF_DISCHARGE:q,58.069320239858385,-154.46915010358515,1987-04-10T00:00:00Z,1.735963110101975
urn:ioos:station:GOA_RUNOFF_DISCHARGE,urn:ioos:sensor:GOA_RUNOFF_DISCHARGE:q,58.069320239858385,-154.46915010358515,1987-04-11T00:00:00Z,1.228726903170455
urn:ioos:station:GOA_RUNOFF_DISCHARGE,urn:ioos:sensor:GOA_RUNOFF_DISCHARGE:q,58.069320239858385,-154.46915010358515,1987-04-12T00:00:00Z,0.7924388048036191
urn:ioos:station:GOA_RUNOFF_DISCHARGE,urn:ioos:sensor:GOA_RUNOFF_DISCHARGE:q,58.069320239858385,-154.46915010358515,1987-04-13T00:00:00Z,0.51416329527743
urn:ioos:station:GOA_RUNOFF_DISCHARGE,urn:ioos:sensor:GOA_RUNOFF_DISCHARGE:q,58.069320239858385,-154.46915010358515,1987-04-14T00:00:00Z,2.572824897210305
urn:ioos:station:GOA_RUNOFF_DISCHARGE,urn:ioos:sensor:GOA_RUNOFF_DISCHARGE:q,58.069320239858385,-154.46915010358515,1987-04-15T00:00:00Z,1.7313301852201592
urn:ioos:station:GOA_RUNOFF_DISCHARGE,urn:ioos:sensor:GOA_RUNOFF_DISCHARGE:q,58.069320239858385,-154.46915010358515,1987-04-16T00:00:00Z,1.1274216648258772
urn:ioos:station:GOA_RUNOFF_DISCHARGE,urn:ioos:sensor:GOA_RUNOFF_DISCHARGE:q,58.069320239858385,-154.46915010358515,1987-04-17T00:00:00Z,0.8031698749463742
urn:ioos:station:GOA_RUNOFF_DISCHARGE,urn:ioos:sensor:GOA_RUNOFF_DISCHARGE:q,58.069320239858385,-154.46915010358515,1987-04-18T00:00:00Z,0.5689979263933126
urn:ioos:station:GOA_RUNOFF_DISCHARGE,urn:ioos:sensor:GOA_RUNOFF_DISCHARGE:q,58.069320239858385,-154.46915010358515,1987-04-19T00:00:00Z,0.7245263171267546
urn:ioos:station:GOA_RUNOFF_DISCHARGE,urn:ioos:sensor:GOA_RUNOFF_DISCHARGE:q,58.069320239858385,-154.46915010358515,1987-04-20T00:00:00Z,0.5280416456388044
urn:ioos:station:GOA_RUNOFF_DISCHARGE,urn:ioos:sensor:GOA_RUNOFF_DISCHARGE:q,58.069320239858385,-154.46915010358515,1987-04-21T00:00:00Z,0.37526592874668147
urn:ioos:station:GOA_RUNOFF_DISCHARGE,urn:ioos:sensor:GOA_RUNOFF_DISCHARGE:q,58.069320239858385,-154.46915010358515,1987-04-22T00:00:00Z,0.2657633826114768
urn:ioos:station:GOA_RUNOFF_DISCHARGE,urn:ioos:sensor:GOA_RUNOFF_DISCHARGE:q,58.069320239858385,-154.46915010358515,1987-04-23T00:00:00Z,0.8315325947646502
urn:ioos:station:GOA_RUNOFF_DISCHARGE,urn:ioos:sensor:GOA_RUNOFF_DISCHARGE:q,58.069320239858385,-154.46915010358515,1987-04-24T00:00:00Z,0.6189933506471805
urn:ioos:station:GOA_RUNOFF_DISCHARGE,urn:ioos:sensor:GOA_RUNOFF_DISCHARGE:q,58.069320239858385,-154.46915010358515,1987-04-25T00:00:00Z,0.44116032613256867
urn:ioos:station:GOA_RUNOFF_DISCHARGE,urn:ioos:sensor:GOA_RUNOFF_DISCHARGE:q,58.069320239858385,-154.46915010358515,1987-04-26T00:00:00Z,0.3125548254136479
urn:ioos:station:GOA_RUNOFF_DISCHARGE,urn:ioos:sensor:GOA_RUNOFF_DISCHARGE:q,58.069320239858385,-154.46915010358515,1987-04-27T00:00:00Z,0.22125523334443709
urn:ioos:station:GOA_RUNOFF_DISCHARGE,urn:ioos:sensor:GOA_RUNOFF_DISCHARGE:q,58.069320239858385,-154.46915010358515,1987-04-28T00:00:00Z,0.15660650350622937
urn:ioos:station:GOA_RUNOFF_DISCHARGE,urn:ioos:sensor:GOA_RUNOFF_DISCHARGE:q,58.069320239858385,-154.46915010358515,1987-04-29T00:00:00Z,0.1108456894830778
urn:ioos:station:GOA_RUNOFF_DISCHARGE,urn:ioos:sensor:GOA_RUNOFF_DISCHARGE:q,58.069320239858385,-154.46915010358515,1987-04-30T00:00:00Z,0.49030766570190054
urn:ioos:station:GOA_RUNOFF_DISCHARGE,urn:ioos:sensor:GOA_RUNOFF_DISCHARGE:q,58.069320239858385,-154.46915010358515,1987-05-01T00:00:00Z,0.36652038844203405
urn:ioos:station:GOA_RUNOFF_DISCHARGE,urn:ioos:sensor:GOA_RUNOFF_DISCHARGE:q,58.069320239858385,-154.46915010358515,1987-05-02T00:00:00Z,0.2613669979084862
urn:ioos:station:GOA_RUNOFF_DISCHARGE,urn:ioos:sensor:GOA_RUNOFF_DISCHARGE:q,58.069320239858385,-154.46915010358515,1987-05-03T00:00:00Z,0.18518869393258383
urn:ioos:station:GOA_RUNOFF_DISCHARGE,urn:ioos:sensor:GOA_RUNOFF_DISCHARGE:q,58.069320239858385,-154.46915010358515,1987-05-04T00:00:00Z,0.13109514201294376
urn:ioos:station:GOA_RUNOFF_DISCHARGE,urn:ioos:sensor:GOA_RUNOFF_DISCHARGE:q,58.069320239858385,-154.46915010358515,1987-05-05T00:00:00Z,0.09279049080548382
urn:ioos:station:GOA_RUNOFF_DISCHARGE,urn:ioos:sensor:GOA_RUNOFF_DISCHARGE:q,58.069320239858385,-154.46915010358515,1987-05-06T00:00:00Z,0.06567688780508393
urn:ioos:station:GOA_RUNOFF_DISCHARGE,urn:ioos:sensor:GOA_RUNOFF_DISCHARGE:q,58.069320239858385,-154.46915010358515,1987-05-07T00:00:00Z,0.04648583088487887
urn:ioos:station:GOA_RUNOFF_DISCHARGE,urn:ioos:sensor:GOA_RUNOFF_DISCHARGE:q,58.069320239858385,-154.46915010358515,1987-05-08T00:00:00Z,0.0329024650707628
urn:ioos:station:GOA_RUNOFF_DISCHARGE,urn:ioos:sensor:GOA_RUNOFF_DISCHARGE:q,58.069320239858385,-154.46915010358515,1987-05-09T00:00:00Z,0.02328822051701279
urn:ioos:station:GOA_RUNOFF_DISCHARGE,urn:ioos:sensor:GOA_RUNOFF_DISCHARGE:q,58.069320239858385,-154.46915010358515,1987-05-10T00:00:00Z,0.016483299648055824
urn:ioos:station:GOA_RUNOFF_DISCHARGE,urn:ioos:sensor:GOA_RUNOFF_DISCHARGE:q,58.069320239858385,-154.46915010358515,1987-05-11T00:00:00Z,0.011666804935268062
urn:ioos:station:GOA_RUNOFF_DISCHARGE,urn:ioos:sensor:GOA_RUNOFF_DISCHARGE:q,58.069320239858385,-154.46915010358515,1987-05-12T00:00:00Z,0.008257712672439204
urn:ioos:station:GOA_RUNOFF_DISCHARGE,urn:ioos:sensor:GOA_RUNOFF_DISCHARGE:q,58.069320239858385,-154.46915010358515,1987-05-13T00:00:00Z,0.005844772417440467
urn:ioos:station:GOA_RUNOFF_DISCHARGE,urn:ioos:sensor:GOA_RUNOFF_DISCHARGE:q,58.069320239858385,-154.46915010358515,1987-05-14T00:00:00Z,0.004136903948150395
urn:ioos:station:GOA_RUNOFF_DISCHARGE,urn:ioos:sensor:GOA_RUNOFF_DISCHARGE:q,58.069320239858385,-154.46915010358515,1987-05-15T00:00:00Z,0.0029280824893362545
urn:ioos:station:GOA_RUNOFF_DISCHARGE,urn:ioos:sensor:GOA_RUNOFF_DISCHARGE:q,58.069320239858385,-154.46915010358515,1987-05-16T00:00:00Z,0.002072483745429159
urn:ioos:station:GOA_RUNOFF_DISCHARGE,urn:ioos:sensor:GOA_RUNOFF_DISCHARGE:q,58.069320239858385,-154.46915010358515,1987-05-17T00:00:00Z,0.07010448038657602
urn:ioos:station:GOA_RUNOFF_DISCHARGE,urn:ioos:sensor:GOA_RUNOFF_DISCHARGE:q,58.069320239858385,-154.46915010358515,1987-05-18T00:00:00Z,0.1215174683567316
urn:ioos:station:GOA_RUNOFF_DISCHARGE,urn:ioos:sensor:GOA_RUNOFF_DISCHARGE:q,58.069320239858385,-154.46915010358515,1987-05-19T00:00:00Z,0.08958131283706629
urn:ioos:station:GOA_RUNOFF_DISCHARGE,urn:ioos:sensor:GOA_RUNOFF_DISCHARGE:q,58.069320239858385,-154.46915010358515,1987-05-20T00:00:00Z,3.682247538362125
urn:ioos:station:GOA_RUNOFF_DISCHARGE,urn:ioos:sensor:GOA_RUNOFF_DISCHARGE:q,58.069320239858385,-154.46915010358515,1987-05-21T00:00:00Z,3.382168036684643
urn:ioos:station:GOA_RUNOFF_DISCHARGE,urn:ioos:sensor:GOA_RUNOFF_DISCHARGE:q,58.069320239858385,-154.46915010358515,1987-05-22T00:00:00Z,3.4980327308638
urn:ioos:station:GOA_RUNOFF_DISCHARGE,urn:ioos:sensor:GOA_RUNOFF_DISCHARGE:q,58.069320239858385,-154.46915010358515,1987-05-23T00:00:00Z,3.383410201516938
urn:ioos:station:GOA_RUNOFF_DISCHARGE,urn:ioos:sensor:GOA_RUNOFF_DISCHARGE:q,58.069320239858385,-154.46915010358515,1987-05-24T00:00:00Z,2.440564469212119
urn:ioos:station:GOA_RUNOFF_DISCHARGE,urn:ioos:sensor:GOA_RUNOFF_DISCHARGE:q,58.069320239858385,-154.46915010358515,1987-05-25T00:00:00Z,3.566962749137507
urn:ioos:station:GOA_RUNOFF_DISCHARGE,urn:ioos:sensor:GOA_RUNOFF_DISCHARGE:q,58.069320239858385,-154.46915010358515,1987-05-26T00:00:00Z,3.1921228689832195
urn:ioos:station:GOA_RUNOFF_DISCHARGE,urn:ioos:sensor:GOA_RUNOFF_DISCHARGE:q,58.069320239858385,-154.46915010358515,1987-05-27T00:00:00Z,2.295530082213066
urn:ioos:station:GOA_RUNOFF_DISCHARGE,urn:ioos:sensor:GOA_RUNOFF_DISCHARGE:q,58.069320239858385,-154.46915010358515,1987-05-28T00:00:00Z,1.6283766643947697
urn:ioos:station:GOA_RUNOFF_DISCHARGE,urn:ioos:sensor:GOA_RUNOFF_DISCHARGE:q,58.069320239858385,-154.46915010358515,1987-05-29T00:00:00Z,1.152918407004718
urn:ioos:station:GOA_RUNOFF_DISCHARGE,urn:ioos:sensor:GOA_RUNOFF_DISCHARGE:q,58.069320239858385,-154.46915010358515,1987-05-30T00:00:00Z,1.108897332512193
urn:ioos:station:GOA_RUNOFF_DISCHARGE,urn:ioos:sensor:GOA_RUNOFF_DISCHARGE:q,58.069320239858385,-154.46915010358515,1987-05-31T00:00:00Z,0.7987286949536784
urn:ioos:station:GOA_RUNOFF_DISCHARGE,urn:ioos:sensor:GOA_RUNOFF_DISCHARGE:q,58.069320239858385,-154.46915010358515,1987-06-01T00:00:00Z,0.5667202733810774
urn:ioos:station:GOA_RUNOFF_DISCHARGE,urn:ioos:sensor:GOA_RUNOFF_DISCHARGE:q,58.069320239858385,-154.46915010358515,1987-06-02T00:00:00Z,0.4012602867355366
urn:ioos:station:GOA_RUNOFF_DISCHARGE,urn:ioos:sensor:GOA_RUNOFF_DISCHARGE:q,58.069320239858385,-154.46915010358515,1987-06-03T00:00:00Z,0.28402404103561146
urn:ioos:station:GOA_RUNOFF_DISCHARGE,urn:ioos:sensor:GOA_RUNOFF_DISCHARGE:q,58.069320239858385,-154.46915010358515,1987-06-04T00:00:00Z,0.20103234718407142
urn:ioos:station:GOA_RUNOFF_DISCHARGE,urn:ioos:sensor:GOA_RUNOFF_DISCHARGE:q,58.069320239858385,-154.46915010358515,1987-06-05T00:00:00Z,0.14228993549431743
urn:ioos:station:GOA_RUNOFF_DISCHARGE,urn:ioos:sensor:GOA_RUNOFF_DISCHARGE:q,58.069320239858385,-154.46915010358515,1987-06-06T00:00:00Z,0.10071219409617886
urn:ioos:station:GOA_RUNOFF_DISCHARGE,urn:ioos:sensor:GOA_RUNOFF_DISCHARGE:q,58.069320239858385,-154.46915010358515,1987-06-07T00:00:00Z,0.07128364567597073
urn:ioos:station:GOA_RUNOFF_DISCHARGE,urn:ioos:sensor:GOA_RUNOFF_DISCHARGE:q,58.069320239858385,-154.46915010358515,1987-06-08T00:00:00Z,0.050454251191051215
urn:ioos:station:GOA_RUNOFF_DISCHARGE,urn:ioos:sensor:GOA_RUNOFF_DISCHARGE:q,58.069320239858385,-154.46915010358515,1987-06-09T00:00:00Z,0.03571129335977671
urn:ioos:station:GOA_RUNOFF_DISCHARGE,urn:ioos:sensor:GOA_RUNOFF_DISCHARGE:q,58.069320239858385,-154.46915010358515,1987-06-10T00:00:00Z,0.025276293112708917
urn:ioos:station:GOA_RUNOFF_DISCHARGE,urn:ioos:sensor:GOA_RUNOFF_DISCHARGE:q,58.069320239858385,-154.46915010358515,1987-06-11T00:00:00Z,0.017890451830644978
urn:ioos:station:GOA_RUNOFF_DISCHARGE,urn:ioos:sensor:GOA_RUNOFF_DISCHARGE:q,58.069320239858385,-154.46915010358515,1987-06-12T00:00:00Z,0.012662780676757683
urn:ioos:station:GOA_RUNOFF_DISCHARGE,urn:ioos:sensor:GOA_RUNOFF_DISCHARGE:q,58.069320239858385,-154.46915010358515,1987-06-13T00:00:00Z,0.008962660352255063
urn:ioos:station:GOA_RUNOFF_DISCHARGE,urn:ioos:sensor:GOA_RUNOFF_DISCHARGE:q,58.069320239858385,-154.46915010358515,1987-06-14T00:00:00Z,0.006343731037798131
urn:ioos:station:GOA_RUNOFF_DISCHARGE,urn:ioos:sensor:GOA_RUNOFF_DISCHARGE:q,58.069320239858385,-154.46915010358515,1987-06-15T00:00:00Z,0.004490064867059057
urn:ioos:station:GOA_RUNOFF_DISCHARGE,urn:ioos:sensor:GOA_RUNOFF_DISCHARGE:q,58.069320239858385,-154.46915010358515,1987-06-16T00:00:00Z,5.317056964227423
urn:ioos:station:GOA_RUNOFF_DISCHARGE,urn:ioos:sensor:GOA_RUNOFF_DISCHARGE:q,58.069320239858385,-154.46915010358515,1987-06-17T00:00:00Z,5.681549329795888
urn:ioos:station:GOA_RUNOFF_DISCHARGE,urn:ioos:sensor:GOA_RUNOFF_DISCHARGE:q,58.069320239858385,-154.46915010358515,1987-06-18T00:00:00Z,4.125325181828507
urn:ioos:station:GOA_RUNOFF_DISCHARGE,urn:ioos:sensor:GOA_RUNOFF_DISCHARGE:q,58.069320239858385,-154.46915010358515,1987-06-19T00:00:00Z,2.9302671024988824
urn:ioos:station:GOA_RUNOFF_DISCHARGE,urn:ioos:sensor:GOA_RUNOFF_DISCHARGE:q,58.069320239858385,-154.46915010358515,1987-06-20T00:00:00Z,2.613124607943973
urn:ioos:station:GOA_RUNOFF_DISCHARGE,urn:ioos:sensor:GOA_RUNOFF_DISCHARGE:q,58.069320239858385,-154.46915010358515,1987-06-21T00:00:00Z,4.013423785439831
urn:ioos:station:GOA_RUNOFF_DISCHARGE,urn:ioos:sensor:GOA_RUNOFF_DISCHARGE:q,58.069320239858385,-154.46915010358515,1987-06-22T00:00:00Z,2.944388998469851
urn:ioos:station:GOA_RUNOFF_DISCHARGE,urn:ioos:sensor:GOA_RUNOFF_DISCHARGE:q,58.069320239858385,-154.46915010358515,1987-06-23T00:00:00Z,4.552662247254808
urn:ioos:station:GOA_RUNOFF_DISCHARGE,urn:ioos:sensor:GOA_RUNOFF_DISCHARGE:q,58.069320239858385,-154.46915010358515,1987-06-24T00:00:00Z,4.834257673178517
urn:ioos:station:GOA_RUNOFF_DISCHARGE,urn:ioos:sensor:GOA_RUNOFF_DISCHARGE:q,58.069320239858385,-154.46915010358515,1987-06-25T00:00:00Z,3.504083581244713
urn:ioos:station:GOA_RUNOFF_DISCHARGE,urn:ioos:sensor:GOA_RUNOFF_DISCHARGE:q,58.069320239858385,-154.46915010358515,1987-06-26T00:00:00Z,3.646982002535532
urn:ioos:station:GOA_RUNOFF_DISCHARGE,urn:ioos:sensor:GOA_RUNOFF_DISCHARGE:q,58.069320239858385,-154.46915010358515,1987-06-27T00:00:00Z,5.60507870530978
urn:ioos:station:GOA_RUNOFF_DISCHARGE,urn:ioos:sensor:GOA_RUNOFF_DISCHARGE:q,58.069320239858385,-154.46915010358515,1987-06-28T00:00:00Z,6.354932647596532
urn:ioos:station:GOA_RUNOFF_DISCHARGE,urn:ioos:sensor:GOA_RUNOFF_DISCHARGE:q,58.069320239858385,-154.46915010358515,1987-06-29T00:00:00Z,7.904884928775644
urn:ioos:station:GOA_RUNOFF_DISCHARGE,urn:ioos:sensor:GOA_RUNOFF_DISCHARGE:q,58.069320239858385,-154.46915010358515,1987-06-30T00:00:00Z,6.208434026898745
urn:ioos:station:GOA_RUNOFF_DISCHARGE,urn:ioos:sensor:GOA_RUNOFF_DISCHARGE:q,58.069320239858385,-154.46915010358515,1987-07-01T00:00:00Z,4.765029019640109
urn:ioos:station:GOA_RUNOFF_DISCHARGE,urn:ioos:sensor:GOA_RUNOFF_DISCHARGE:q,58.069320239858385,-154.46915010358515,1987-07-02T00:00:00Z,4.065343433790242
urn:ioos:station:GOA_RUNOFF_DISCHARGE,urn:ioos:sensor:GOA_RUNOFF_DISCHARGE:q,58.069320239858385,-154.46915010358515,1987-07-03T00:00:00Z,2.9112254865460767
urn:ioos:station:GOA_RUNOFF_DISCHARGE,urn:ioos:sensor:GOA_RUNOFF_DISCHARGE:q,58.069320239858385,-154.46915010358515,1987-07-04T00:00:00Z,2.063927120502055
urn:ioos:station:GOA_RUNOFF_DISCHARGE,urn:ioos:sensor:GOA_RUNOFF_DISCHARGE:q,58.069320239858385,-154.46915010358515,1987-07-05T00:00:00Z,1.4611753841969881
urn:ioos:station:GOA_RUNOFF_DISCHARGE,urn:ioos:sensor:GOA_RUNOFF_DISCHARGE:q,58.069320239858385,-154.46915010358515,1987-07-06T00:00:00Z,1.0342471333456025
urn:ioos:station:GOA_RUNOFF_DISCHARGE,urn:ioos:sensor:GOA_RUNOFF_DISCHARGE:q,58.069320239858385,-154.46915010358515,1987-07-07T00:00:00Z,0.7320389016160801
urn:ioos:station:GOA_RUNOFF_DISCHARGE,urn:ioos:sensor:GOA_RUNOFF_DISCHARGE:q,58.069320239858385,-154.46915010358515,1987-07-08T00:00:00Z,0.5181342233962601
urn:ioos:station:GOA_RUNOFF_DISCHARGE,urn:ioos:sensor:GOA_RUNOFF_DISCHARGE:q,58.069320239858385,-154.46915010358515,1987-07-09T00:00:00Z,0.36673311673411424
urn:ioos:station:GOA_RUNOFF_DISCHARGE,urn:ioos:sensor:GOA_RUNOFF_DISCHARGE:q,58.069320239858385,-154.46915010358515,1987-07-10T00:00:00Z,0.25957207827704987
urn:ioos:station:GOA_RUNOFF_DISCHARGE,urn:ioos:sensor:GOA_RUNOFF_DISCHARGE:q,58.069320239858385,-154.46915010358515,1987-07-11T00:00:00Z,0.18372396689365506
urn:ioos:station:GOA_RUNOFF_DISCHARGE,urn:ioos:sensor:GOA_RUNOFF_DISCHARGE:q,58.069320239858385,-154.46915010358515,1987-07-12T00:00:00Z,0.13003901576817983
urn:ioos:station:GOA_RUNOFF_DISCHARGE,urn:ioos:sensor:GOA_RUNOFF_DISCHARGE:q,58.069320239858385,-154.46915010358515,1987-07-13T00:00:00Z,0.6892903817118616
urn:ioos:station:GOA_RUNOFF_DISCHARGE,urn:ioos:sensor:GOA_RUNOFF_DISCHARGE:q,58.069320239858385,-154.46915010358515,1987-07-14T00:00:00Z,0.5161297821840111
urn:ioos:station:GOA_RUNOFF_DISCHARGE,urn:ioos:sensor:GOA_RUNOFF_DISCHARGE:q,58.069320239858385,-154.46915010358515,1987-07-15T00:00:00Z,0.3681356171297815
urn:ioos:station:GOA_RUNOFF_DISCHARGE,urn:ioos:sensor:GOA_RUNOFF_DISCHARGE:q,58.069320239858385,-154.46915010358515,1987-07-16T00:00:00Z,1.478132341821839
urn:ioos:station:GOA_RUNOFF_DISCHARGE,urn:ioos:sensor:GOA_RUNOFF_DISCHARGE:q,58.069320239858385,-154.46915010358515,1987-07-17T00:00:00Z,2.4351150991969392
urn:ioos:station:GOA_RUNOFF_DISCHARGE,urn:ioos:sensor:GOA_RUNOFF_DISCHARGE:q,58.069320239858385,-154.46915010358515,1987-07-18T00:00:00Z,1.792293746025149
urn:ioos:station:GOA_RUNOFF_DISCHARGE,urn:ioos:sensor:GOA_RUNOFF_DISCHARGE:q,58.069320239858385,-154.46915010358515,1987-07-19T00:00:00Z,1.2754406942259344
urn:ioos:station:GOA_RUNOFF_DISCHARGE,urn:ioos:sensor:GOA_RUNOFF_DISCHARGE:q,58.069320239858385,-154.46915010358515,1987-07-20T00:00:00Z,0.9034367308485345
urn:ioos:station:GOA_RUNOFF_DISCHARGE,urn:ioos:sensor:GOA_RUNOFF_DISCHARGE:q,58.069320239858385,-154.46915010358515,1987-07-21T00:00:00Z,0.639516894767047
urn:ioos:station:GOA_RUNOFF_DISCHARGE,urn:ioos:sensor:GOA_RUNOFF_DISCHARGE:q,58.069320239858385,-154.46915010358515,1987-07-22T00:00:00Z,0.45265406732743385
urn:ioos:station:GOA_RUNOFF_DISCHARGE,urn:ioos:sensor:GOA_RUNOFF_DISCHARGE:q,58.069320239858385,-154.46915010358515,1987-07-23T00:00:00Z,0.3203872259067129
urn:ioos:station:GOA_RUNOFF_DISCHARGE,urn:ioos:sensor:GOA_RUNOFF_DISCHARGE:q,58.069320239858385,-154.46915010358515,1987-07-24T00:00:00Z,0.2267687211402925
urn:ioos:station:GOA_RUNOFF_DISCHARGE,urn:ioos:sensor:GOA_RUNOFF_DISCHARGE:q,58.069320239858385,-154.46915010358515,1987-07-25T00:00:00Z,0.16050589729678585
urn:ioos:station:GOA_RUNOFF_DISCHARGE,urn:ioos:sensor:GOA_RUNOFF_DISCHARGE:q,58.069320239858385,-154.46915010358515,1987-07-26T00:00:00Z,0.11360536875516572
urn:ioos:station:GOA_RUNOFF_DISCHARGE,urn:ioos:sensor:GOA_RUNOFF_DISCHARGE:q,58.069320239858385,-154.46915010358515,1987-07-27T00:00:00Z,0.08040937860188804
urn:ioos:station:GOA_RUNOFF_DISCHARGE,urn:ioos:sensor:GOA_RUNOFF_DISCHARGE:q,58.069320239858385,-154.46915010358515,1987-07-28T00:00:00Z,0.05691340225084375
urn:ioos:station:GOA_RUNOFF_DISCHARGE,urn:ioos:sensor:GOA_RUNOFF_DISCHARGE:q,58.069320239858385,-154.46915010358515,1987-07-29T00:00:00Z,0.04028305227975008
urn:ioos:station:GOA_RUNOFF_DISCHARGE,urn:ioos:sensor:GOA_RUNOFF_DISCHARGE:q,58.069320239858385,-154.46915010358515,1987-07-30T00:00:00Z,0.028512166952427902
urn:ioos:station:GOA_RUNOFF_DISCHARGE,urn:ioos:sensor:GOA_RUNOFF_DISCHARGE:q,58.069320239858385,-154.46915010358515,1987-07-31T00:00:00Z,0.020180783685891462
urn:ioos:station:GOA_RUNOFF_DISCHARGE,urn:ioos:sensor:GOA_RUNOFF_DISCHARGE:q,58.069320239858385,-154.46915010358515,1987-08-01T00:00:00Z,0.014283868807112682
urn:ioos:station:GOA_RUNOFF_DISCHARGE,urn:ioos:sensor:GOA_RUNOFF_DISCHARGE:q,58.069320239858385,-154.46915010358515,1987-08-02T00:00:00Z,0.01011005864426064
urn:ioos:station:GOA_RUNOFF_DISCHARGE,urn:ioos:sensor:GOA_RUNOFF_DISCHARGE:q,58.069320239858385,-154.46915010358515,1987-08-03T00:00:00Z,0.007155854819391676
urn:ioos:station:GOA_RUNOFF_DISCHARGE,urn:ioos:sensor:GOA_RUNOFF_DISCHARGE:q,58.069320239858385,-154.46915010358515,1987-08-04T00:00:00Z,3.0659367085805354
urn:ioos:station:GOA_RUNOFF_DISCHARGE,urn:ioos:sensor:GOA_RUNOFF_DISCHARGE:q,58.069320239858385,-154.46915010358515,1987-08-05T00:00:00Z,3.6356864854310147
urn:ioos:station:GOA_RUNOFF_DISCHARGE,urn:ioos:sensor:GOA_RUNOFF_DISCHARGE:q,58.069320239858385,-154.46915010358515,1987-08-06T00:00:00Z,2.6502643102819903
urn:ioos:station:GOA_RUNOFF_DISCHARGE,urn:ioos:sensor:GOA_RUNOFF_DISCHARGE:q,58.069320239858385,-154.46915010358515,1987-08-07T00:00:00Z,1.8835286611947963
urn:ioos:station:GOA_RUNOFF_DISCHARGE,urn:ioos:sensor:GOA_RUNOFF_DISCHARGE:q,58.069320239858385,-154.46915010358515,1987-08-08T00:00:00Z,1.3727194872350723
urn:ioos:station:GOA_RUNOFF_DISCHARGE,urn:ioos:sensor:GOA_RUNOFF_DISCHARGE:q,58.069320239858385,-154.46915010358515,1987-08-09T00:00:00Z,0.9735167580061121
urn:ioos:station:GOA_RUNOFF_DISCHARGE,urn:ioos:sensor:GOA_RUNOFF_DISCHARGE:q,58.069320239858385,-154.46915010358515,1987-08-10T00:00:00Z,0.6892417712579818
urn:ioos:station:GOA_RUNOFF_DISCHARGE,urn:ioos:sensor:GOA_RUNOFF_DISCHARGE:q,58.069320239858385,-154.46915010358515,1987-08-11T00:00:00Z,1.335505191859572
urn:ioos:station:GOA_RUNOFF_DISCHARGE,urn:ioos:sensor:GOA_RUNOFF_DISCHARGE:q,58.069320239858385,-154.46915010358515,1987-08-12T00:00:00Z,0.985364618792942
urn:ioos:station:GOA_RUNOFF_DISCHARGE,urn:ioos:sensor:GOA_RUNOFF_DISCHARGE:q,58.069320239858385,-154.46915010358515,1987-08-13T00:00:00Z,0.7014410875997233
urn:ioos:station:GOA_RUNOFF_DISCHARGE,urn:ioos:sensor:GOA_RUNOFF_DISCHARGE:q,58.069320239858385,-154.46915010358515,1987-08-14T00:00:00Z,0.49687675351297855
urn:ioos:station:GOA_RUNOFF_DISCHARGE,urn:ioos:sensor:GOA_RUNOFF_DISCHARGE:q,58.069320239858385,-154.46915010358515,1987-08-15T00:00:00Z,0.351727089355029
urn:ioos:station:GOA_RUNOFF_DISCHARGE,urn:ioos:sensor:GOA_RUNOFF_DISCHARGE:q,58.069320239858385,-154.46915010358515,1987-08-16T00:00:00Z,0.24895487105129868
urn:ioos:station:GOA_RUNOFF_DISCHARGE,urn:ioos:sensor:GOA_RUNOFF_DISCHARGE:q,58.069320239858385,-154.46915010358515,1987-08-17T00:00:00Z,0.17620954060093497
urn:ioos:station:GOA_RUNOFF_DISCHARGE,urn:ioos:sensor:GOA_RUNOFF_DISCHARGE:q,58.069320239858385,-154.46915010358515,1987-08-18T00:00:00Z,0.12472037268233616
urn:ioos:station:GOA_RUNOFF_DISCHARGE,urn:ioos:sensor:GOA_RUNOFF_DISCHARGE:q,58.069320239858385,-154.46915010358515,1987-08-19T00:00:00Z,0.08827652668935365
urn:ioos:station:GOA_RUNOFF_DISCHARGE,urn:ioos:sensor:GOA_RUNOFF_DISCHARGE:q,58.069320239858385,-154.46915010358515,1987-08-20T00:00:00Z,0.06248173714287732
urn:ioos:station:GOA_RUNOFF_DISCHARGE,urn:ioos:sensor:GOA_RUNOFF_DISCHARGE:q,58.069320239858385,-154.46915010358515,1987-08-21T00:00:00Z,0.0442242936523467
urn:ioos:station:GOA_RUNOFF_DISCHARGE,urn:ioos:sensor:GOA_RUNOFF_DISCHARGE:q,58.069320239858385,-154.46915010358515,1987-08-22T00:00:00Z,0.03130176114058959
urn:ioos:station:GOA_RUNOFF_DISCHARGE,urn:ioos:sensor:GOA_RUNOFF_DISCHARGE:q,58.069320239858385,-154.46915010358515,1987-08-23T00:00:00Z,0.022155248314542415
urn:ioos:station:GOA_RUNOFF_DISCHARGE,urn:ioos:sensor:GOA_RUNOFF_DISCHARGE:q,58.069320239858385,-154.46915010358515,1987-08-24T00:00:00Z,0.01568138441122634
urn:ioos:station:GOA_RUNOFF_DISCHARGE,urn:ioos:sensor:GOA_RUNOFF_DISCHARGE:q,58.069320239858385,-154.46915010358515,1987-08-25T00:00:00Z,0.01109921498534658
urn:ioos:station:GOA_RUNOFF_DISCHARGE,urn:ioos:sensor:GOA_RUNOFF_DISCHARGE:q,58.069320239858385,-154.46915010358515,1987-08-26T00:00:00Z,0.007855974959841132
urn:ioos:station:GOA_RUNOFF_DISCHARGE,urn:ioos:sensor:GOA_RUNOFF_DISCHARGE:q,58.069320239858385,-154.46915010358515,1987-08-27T00:00:00Z,0.005560423976448472
urn:ioos:station:GOA_RUNOFF_DISCHARGE,urn:ioos:sensor:GOA_RUNOFF_DISCHARGE:q,58.069320239858385,-154.46915010358515,1987-08-28T00:00:00Z,0.003935643503071585
urn:ioos:station:GOA_RUNOFF_DISCHARGE,urn:ioos:sensor:GOA_RUNOFF_DISCHARGE:q,58.069320239858385,-154.46915010358515,1987-08-29T00:00:00Z,0.0027856307649805736
urn:ioos:station:GOA_RUNOFF_DISCHARGE,urn:ioos:sensor:GOA_RUNOFF_DISCHARGE:q,58.069320239858385,-154.46915010358515,1987-08-30T00:00:00Z,0.0019716572146038307
urn:ioos:station:GOA_RUNOFF_DISCHARGE,urn:ioos:sensor:GOA_RUNOFF_DISCHARGE:q,58.069320239858385,-154.46915010358515,1987-08-31T00:00:00Z,0.0013955301667768385
urn:ioos:station:GOA_RUNOFF_DISCHARGE,urn:ioos:sensor:GOA_RUNOFF_DISCHARGE:q,58.069320239858385,-154.46915010358515,1987-09-01T00:00:00Z,1.1472795943546616
urn:ioos:station:GOA_RUNOFF_DISCHARGE,urn:ioos:sensor:GOA_RUNOFF_DISCHARGE:q,58.069320239858385,-154.46915010358515,1987-09-02T00:00:00Z,0.8137952387300159
urn:ioos:station:GOA_RUNOFF_DISCHARGE,urn:ioos:sensor:GOA_RUNOFF_DISCHARGE:q,58.069320239858385,-154.46915010358515,1987-09-03T00:00:00Z,0.5761759604517414
urn:ioos:station:GOA_RUNOFF_DISCHARGE,urn:ioos:sensor:GOA_RUNOFF_DISCHARGE:q,58.069320239858385,-154.46915010358515,1987-09-04T00:00:00Z,1.5216808621862552
urn:ioos:station:GOA_RUNOFF_DISCHARGE,urn:ioos:sensor:GOA_RUNOFF_DISCHARGE:q,58.069320239858385,-154.46915010358515,1987-09-05T00:00:00Z,1.1297316809549038
urn:ioos:station:GOA_RUNOFF_DISCHARGE,urn:ioos:sensor:GOA_RUNOFF_DISCHARGE:q,58.069320239858385,-154.46915010358515,1987-09-06T00:00:00Z,0.8048809102999889
urn:ioos:station:GOA_RUNOFF_DISCHARGE,urn:ioos:sensor:GOA_RUNOFF_DISCHARGE:q,58.069320239858385,-154.46915010358515,1987-09-07T00:00:00Z,2.5740723243380135
urn:ioos:station:GOA_RUNOFF_DISCHARGE,urn:ioos:sensor:GOA_RUNOFF_DISCHARGE:q,58.069320239858385,-154.46915010358515,1987-09-08T00:00:00Z,4.478364424544827
urn:ioos:station:GOA_RUNOFF_DISCHARGE,urn:ioos:sensor:GOA_RUNOFF_DISCHARGE:q,58.069320239858385,-154.46915010358515,1987-09-09T00:00:00Z,3.300414856947955
urn:ioos:station:GOA_RUNOFF_DISCHARGE,urn:ioos:sensor:GOA_RUNOFF_DISCHARGE:q,58.069320239858385,-154.46915010358515,1987-09-10T00:00:00Z,3.580158481115745
urn:ioos:station:GOA_RUNOFF_DISCHARGE,urn:ioos:sensor:GOA_RUNOFF_DISCHARGE:q,58.069320239858385,-154.46915010358515,1987-09-11T00:00:00Z,2.5935601829418617
urn:ioos:station:GOA_RUNOFF_DISCHARGE,urn:ioos:sensor:GOA_RUNOFF_DISCHARGE:q,58.069320239858385,-154.46915010358515,1987-09-12T00:00:00Z,1.841655787247341
urn:ioos:station:GOA_RUNOFF_DISCHARGE,urn:ioos:sensor:GOA_RUNOFF_DISCHARGE:q,58.069320239858385,-154.46915010358515,1987-09-13T00:00:00Z,1.3041095480798757
urn:ioos:station:GOA_RUNOFF_DISCHARGE,urn:ioos:sensor:GOA_RUNOFF_DISCHARGE:q,58.069320239858385,-154.46915010358515,1987-09-14T00:00:00Z,0.9231022577012723
urn:ioos:station:GOA_RUNOFF_DISCHARGE,urn:ioos:sensor:GOA_RUNOFF_DISCHARGE:q,58.069320239858385,-154.46915010358515,1987-09-15T00:00:00Z,0.6533737026065736
urn:ioos:station:GOA_RUNOFF_DISCHARGE,urn:ioos:sensor:GOA_RUNOFF_DISCHARGE:q,58.069320239858385,-154.46915010358515,1987-09-16T00:00:00Z,1.3021836795160155
urn:ioos:station:GOA_RUNOFF_DISCHARGE,urn:ioos:sensor:GOA_RUNOFF_DISCHARGE:q,58.069320239858385,-154.46915010358515,1987-09-17T00:00:00Z,1.6715653753103057
urn:ioos:station:GOA_RUNOFF_DISCHARGE,urn:ioos:sensor:GOA_RUNOFF_DISCHARGE:q,58.069320239858385,-154.46915010358515,1987-09-18T00:00:00Z,1.2206876944676497
urn:ioos:station:GOA_RUNOFF_DISCHARGE,urn:ioos:sensor:GOA_RUNOFF_DISCHARGE:q,58.069320239858385,-154.46915010358515,1987-09-19T00:00:00Z,1.6962171244031654
urn:ioos:station:GOA_RUNOFF_DISCHARGE,urn:ioos:sensor:GOA_RUNOFF_DISCHARGE:q,58.069320239858385,-154.46915010358515,1987-09-20T00:00:00Z,1.2401405588069998
urn:ioos:station:GOA_RUNOFF_DISCHARGE,urn:ioos:sensor:GOA_RUNOFF_DISCHARGE:q,58.069320239858385,-154.46915010358515,1987-09-21T00:00:00Z,0.8817168696451608
urn:ioos:station:GOA_RUNOFF_DISCHARGE,urn:ioos:sensor:GOA_RUNOFF_DISCHARGE:q,58.069320239858385,-154.46915010358515,1987-09-22T00:00:00Z,0.6244698872624311
urn:ioos:station:GOA_RUNOFF_DISCHARGE,urn:ioos:sensor:GOA_RUNOFF_DISCHARGE:q,58.069320239858385,-154.46915010358515,1987-09-23T00:00:00Z,6.4026648243718585
urn:ioos:station:GOA_RUNOFF_DISCHARGE,urn:ioos:sensor:GOA_RUNOFF_DISCHARGE:q,58.069320239858385,-154.46915010358515,1987-09-24T00:00:00Z,5.053232309914223
urn:ioos:station:GOA_RUNOFF_DISCHARGE,urn:ioos:sensor:GOA_RUNOFF_DISCHARGE:q,58.069320239858385,-154.46915010358515,1987-09-25T00:00:00Z,3.6161417940367033
urn:ioos:station:GOA_RUNOFF_DISCHARGE,urn:ioos:sensor:GOA_RUNOFF_DISCHARGE:q,58.069320239858385,-154.46915010358515,1987-09-26T00:00:00Z,3.0444678588683733
urn:ioos:station:GOA_RUNOFF_DISCHARGE,urn:ioos:sensor:GOA_RUNOFF_DISCHARGE:q,58.069320239858385,-154.46915010358515,1987-09-27T00:00:00Z,3.6957603236390106
urn:ioos:station:GOA_RUNOFF_DISCHARGE,urn:ioos:sensor:GOA_RUNOFF_DISCHARGE:q,58.069320239858385,-154.46915010358515,1987-09-28T00:00:00Z,2.772043035161316
urn:ioos:station:GOA_RUNOFF_DISCHARGE,urn:ioos:sensor:GOA_RUNOFF_DISCHARGE:q,58.069320239858385,-154.46915010358515,1987-09-29T00:00:00Z,1.9733235492246108
urn:ioos:station:GOA_RUNOFF_DISCHARGE,urn:ioos:sensor:GOA_RUNOFF_DISCHARGE:q,58.069320239858385,-154.46915010358515,1987-09-30T00:00:00Z,1.3978365547998477
urn:ioos:station:GOA_RUNOFF_DISCHARGE,urn:ioos:sensor:GOA_RUNOFF_DISCHARGE:q,58.069320239858385,-154.46915010358515,1987-10-01T00:00:00Z,5.288008041087261
urn:ioos:station:GOA_RUNOFF_DISCHARGE,urn:ioos:sensor:GOA_RUNOFF_DISCHARGE:q,58.069320239858385,-154.46915010358515,1987-10-02T00:00:00Z,3.946182963993774
urn:ioos:station:GOA_RUNOFF_DISCHARGE,urn:ioos:sensor:GOA_RUNOFF_DISCHARGE:q,58.069320239858385,-154.46915010358515,1987-10-03T00:00:00Z,2.8133973098957967
urn:ioos:station:GOA_RUNOFF_DISCHARGE,urn:ioos:sensor:GOA_RUNOFF_DISCHARGE:q,58.069320239858385,-154.46915010358515,1987-10-04T00:00:00Z,1.9933377689271683
urn:ioos:station:GOA_RUNOFF_DISCHARGE,urn:ioos:sensor:GOA_RUNOFF_DISCHARGE:q,58.069320239858385,-154.46915010358515,1987-10-05T00:00:00Z,1.4110782003055666
urn:ioos:station:GOA_RUNOFF_DISCHARGE,urn:ioos:sensor:GOA_RUNOFF_DISCHARGE:q,58.069320239858385,-154.46915010358515,1987-10-06T00:00:00Z,0.9987750524240405
urn:ioos:station:GOA_RUNOFF_DISCHARGE,urn:ioos:sensor:GOA_RUNOFF_DISCHARGE:q,58.069320239858385,-154.46915010358515,1987-10-07T00:00:00Z,1.1122463888705636
urn:ioos:station:GOA_RUNOFF_DISCHARGE,urn:ioos:sensor:GOA_RUNOFF_DISCHARGE:q,58.069320239858385,-154.46915010358515,1987-10-08T00:00:00Z,2.715354694707427
urn:ioos:station:GOA_RUNOFF_DISCHARGE,urn:ioos:sensor:GOA_RUNOFF_DISCHARGE:q,58.069320239858385,-154.46915010358515,1987-10-09T00:00:00Z,3.2762569742796277
urn:ioos:station:GOA_RUNOFF_DISCHARGE,urn:ioos:sensor:GOA_RUNOFF_DISCHARGE:q,58.069320239858385,-154.46915010358515,1987-10-10T00:00:00Z,2.4600725876533085
urn:ioos:station:GOA_RUNOFF_DISCHARGE,urn:ioos:sensor:GOA_RUNOFF_DISCHARGE:q,58.069320239858385,-154.46915010358515,1987-10-11T00:00:00Z,1.7515274012457123
urn:ioos:station:GOA_RUNOFF_DISCHARGE,urn:ioos:sensor:GOA_RUNOFF_DISCHARGE:q,58.069320239858385,-154.46915010358515,1987-10-12T00:00:00Z,1.3035007005005639
urn:ioos:station:GOA_RUNOFF_DISCHARGE,urn:ioos:sensor:GOA_RUNOFF_DISCHARGE:q,58.069320239858385,-154.46915010358515,1987-10-13T00:00:00Z,1.9021014066262822
urn:ioos:station:GOA_RUNOFF_DISCHARGE,urn:ioos:sensor:GOA_RUNOFF_DISCHARGE:q,58.069320239858385,-154.46915010358515,1987-10-14T00:00:00Z,1.9162159353836723
urn:ioos:station:GOA_RUNOFF_DISCHARGE,urn:ioos:sensor:GOA_RUNOFF_DISCHARGE:q,58.069320239858385,-154.46915010358515,1987-10-15T00:00:00Z,4.419330942140029
urn:ioos:station:GOA_RUNOFF_DISCHARGE,urn:ioos:sensor:GOA_RUNOFF_DISCHARGE:q,58.069320239858385,-154.46915010358515,1987-10-16T00:00:00Z,3.274426484820132
urn:ioos:station:GOA_RUNOFF_DISCHARGE,urn:ioos:sensor:GOA_RUNOFF_DISCHARGE:q,58.069320239858385,-154.46915010358515,1987-10-17T00:00:00Z,3.134354179280993
urn:ioos:station:GOA_RUNOFF_DISCHARGE,urn:ioos:sensor:GOA_RUNOFF_DISCHARGE:q,58.069320239858385,-154.46915010358515,1987-10-18T00:00:00Z,6.032583901074535
urn:ioos:station:GOA_RUNOFF_DISCHARGE,urn:ioos:sensor:GOA_RUNOFF_DISCHARGE:q,58.069320239858385,-154.46915010358515,1987-10-19T00:00:00Z,5.895660026881136
urn:ioos:station:GOA_RUNOFF_DISCHARGE,urn:ioos:sensor:GOA_RUNOFF_DISCHARGE:q,58.069320239858385,-154.46915010358515,1987-10-20T00:00:00Z,4.692383031460344
urn:ioos:station:GOA_RUNOFF_DISCHARGE,urn:ioos:sensor:GOA_RUNOFF_DISCHARGE:q,58.069320239858385,-154.46915010358515,1987-10-21T00:00:00Z,3.4568510594188733
urn:ioos:station:GOA_RUNOFF_DISCHARGE,urn:ioos:sensor:GOA_RUNOFF_DISCHARGE:q,58.069320239858385,-154.46915010358515,1987-10-22T00:00:00Z,9.136347830888827
urn:ioos:station:GOA_RUNOFF_DISCHARGE,urn:ioos:sensor:GOA_RUNOFF_DISCHARGE:q,58.069320239858385,-154.46915010358515,1987-10-23T00:00:00Z,7.736149426350132
urn:ioos:station:GOA_RUNOFF_DISCHARGE,urn:ioos:sensor:GOA_RUNOFF_DISCHARGE:q,58.069320239858385,-154.46915010358515,1987-10-24T00:00:00Z,10.371362256176406
urn:ioos:station:GOA_RUNOFF_DISCHARGE,urn:ioos:sensor:GOA_RUNOFF_DISCHARGE:q,58.069320239858385,-154.46915010358515,1987-10-25T00:00:00Z,8.312599157720747
urn:ioos:station:GOA_RUNOFF_DISCHARGE,urn:ioos:sensor:GOA_RUNOFF_DISCHARGE:q,58.069320239858385,-154.46915010358515,1987-10-26T00:00:00Z,6.005450453464791
urn:ioos:station:GOA_RUNOFF_DISCHARGE,urn:ioos:sensor:GOA_RUNOFF_DISCHARGE:q,58.069320239858385,-154.46915010358515,1987-10-27T00:00:00Z,4.709257634161977
urn:ioos:station:GOA_RUNOFF_DISCHARGE,urn:ioos:sensor:GOA_RUNOFF_DISCHARGE:q,58.069320239858385,-154.46915010358515,1987-10-28T00:00:00Z,3.3558836604398254
urn:ioos:station:GOA_RUNOFF_DISCHARGE,urn:ioos:sensor:GOA_RUNOFF_DISCHARGE:q,58.069320239858385,-154.46915010358515,1987-10-29T00:00:00Z,2.3775174340956426
urn:ioos:station:GOA_RUNOFF_DISCHARGE,urn:ioos:sensor:GOA_RUNOFF_DISCHARGE:q,58.069320239858385,-154.46915010358515,1987-10-30T00:00:00Z,1.6830196821789178
urn:ioos:station:GOA_RUNOFF_DISCHARGE,urn:ioos:sensor:GOA_RUNOFF_DISCHARGE:q,58.069320239858385,-154.46915010358515,1987-10-31T00:00:00Z,1.19125633400833
urn:ioos:station:GOA_RUNOFF_DISCHARGE,urn:ioos:sensor:GOA_RUNOFF_DISCHARGE:q,58.069320239858385,-154.46915010358515,1987-11-01T00:00:00Z,1.835881207375623
urn:ioos:station:GOA_RUNOFF_DISCHARGE,urn:ioos:sensor:GOA_RUNOFF_DISCHARGE:q,58.069320239858385,-154.46915010358515,1987-11-02T00:00:00Z,4.431076911731919
urn:ioos:station:GOA_RUNOFF_DISCHARGE,urn:ioos:sensor:GOA_RUNOFF_DISCHARGE:q,58.069320239858385,-154.46915010358515,1987-11-03T00:00:00Z,3.3081735853052345
urn:ioos:station:GOA_RUNOFF_DISCHARGE,urn:ioos:sensor:GOA_RUNOFF_DISCHARGE:q,58.069320239858385,-154.46915010358515,1987-11-04T00:00:00Z,2.4637556682130346
urn:ioos:station:GOA_RUNOFF_DISCHARGE,urn:ioos:sensor:GOA_RUNOFF_DISCHARGE:q,58.069320239858385,-154.46915010358515,1987-11-05T00:00:00Z,1.867457216330608
urn:ioos:station:GOA_RUNOFF_DISCHARGE,urn:ioos:sensor:GOA_RUNOFF_DISCHARGE:q,58.069320239858385,-154.46915010358515,1987-11-06T00:00:00Z,1.7457337455531214
urn:ioos:station:GOA_RUNOFF_DISCHARGE,urn:ioos:sensor:GOA_RUNOFF_DISCHARGE:q,58.069320239858385,-154.46915010358515,1987-11-07T00:00:00Z,1.2644351295986862
urn:ioos:station:GOA_RUNOFF_DISCHARGE,urn:ioos:sensor:GOA_RUNOFF_DISCHARGE:q,58.069320239858385,-154.46915010358515,1987-11-08T00:00:00Z,0.817940019933561
urn:ioos:station:GOA_RUNOFF_DISCHARGE,urn:ioos:sensor:GOA_RUNOFF_DISCHARGE:q,58.069320239858385,-154.46915010358515,1987-11-09T00:00:00Z,0.5830761453123512
urn:ioos:station:GOA_RUNOFF_DISCHARGE,urn:ioos:sensor:GOA_RUNOFF_DISCHARGE:q,58.069320239858385,-154.46915010358515,1987-11-10T00:00:00Z,0.4130758172949213
urn:ioos:station:GOA_RUNOFF_DISCHARGE,urn:ioos:sensor:GOA_RUNOFF_DISCHARGE:q,58.069320239858385,-154.46915010358515,1987-11-11T00:00:00Z,0.7350133483197208
urn:ioos:station:GOA_RUNOFF_DISCHARGE,urn:ioos:sensor:GOA_RUNOFF_DISCHARGE:q,58.069320239858385,-154.46915010358515,1987-11-12T00:00:00Z,0.8134982479326313
urn:ioos:station:GOA_RUNOFF_DISCHARGE,urn:ioos:sensor:GOA_RUNOFF_DISCHARGE:q,58.069320239858385,-154.46915010358515,1987-11-13T00:00:00Z,0.5377924488141121
urn:ioos:station:GOA_RUNOFF_DISCHARGE,urn:ioos:sensor:GOA_RUNOFF_DISCHARGE:q,58.069320239858385,-154.46915010358515,1987-11-14T00:00:00Z,0.3496822929148296
urn:ioos:station:GOA_RUNOFF_DISCHARGE,urn:ioos:sensor:GOA_RUNOFF_DISCHARGE:q,58.069320239858385,-154.46915010358515,1987-11-15T00:00:00Z,0.22704745835046253
urn:ioos:station:GOA_RUNOFF_DISCHARGE,urn:ioos:sensor:GOA_RUNOFF_DISCHARGE:q,58.069320239858385,-154.46915010358515,1987-11-16T00:00:00Z,1.9794856971535137
urn:ioos:station:GOA_RUNOFF_DISCHARGE,urn:ioos:sensor:GOA_RUNOFF_DISCHARGE:q,58.069320239858385,-154.46915010358515,1987-11-17T00:00:00Z,9.514111179259938
urn:ioos:station:GOA_RUNOFF_DISCHARGE,urn:ioos:sensor:GOA_RUNOFF_DISCHARGE:q,58.069320239858385,-154.46915010358515,1987-11-18T00:00:00Z,10.82814212755455
urn:ioos:station:GOA_RUNOFF_DISCHARGE,urn:ioos:sensor:GOA_RUNOFF_DISCHARGE:q,58.069320239858385,-154.46915010358515,1987-11-19T00:00:00Z,7.190678301847714
urn:ioos:station:GOA_RUNOFF_DISCHARGE,urn:ioos:sensor:GOA_RUNOFF_DISCHARGE:q,58.069320239858385,-154.46915010358515,1987-11-20T00:00:00Z,4.997386726070764
urn:ioos:station:GOA_RUNOFF_DISCHARGE,urn:ioos:sensor:GOA_RUNOFF_DISCHARGE:q,58.069320239858385,-154.46915010358515,1987-11-21T00:00:00Z,3.2535822695735215
urn:ioos:station:GOA_RUNOFF_DISCHARGE,urn:ioos:sensor:GOA_RUNOFF_DISCHARGE:q,58.069320239858385,-154.46915010358515,1987-11-22T00:00:00Z,2.112774377675447
urn:ioos:station:GOA_RUNOFF_DISCHARGE,urn:ioos:sensor:GOA_RUNOFF_DISCHARGE:q,58.069320239858385,-154.46915010358515,1987-11-23T00:00:00Z,1.3716618974143966
urn:ioos:station:GOA_RUNOFF_DISCHARGE,urn:ioos:sensor:GOA_RUNOFF_DISCHARGE:q,58.069320239858385,-154.46915010358515,1987-11-24T00:00:00Z,0.8904975357716916
urn:ioos:station:GOA_RUNOFF_DISCHARGE,urn:ioos:sensor:GOA_RUNOFF_DISCHARGE:q,58.069320239858385,-154.46915010358515,1987-11-25T00:00:00Z,0.5781193919265433
urn:ioos:station:GOA_RUNOFF_DISCHARGE,urn:ioos:sensor:GOA_RUNOFF_DISCHARGE:q,58.069320239858385,-154.46915010358515,1987-11-26T00:00:00Z,1.585998873202414
urn:ioos:station:GOA_RUNOFF_DISCHARGE,urn:ioos:sensor:GOA_RUNOFF_DISCHARGE:q,58.069320239858385,-154.46915010358515,1987-11-27T00:00:00Z,1.3899920510273323
urn:ioos:station:GOA_RUNOFF_DISCHARGE,urn:ioos:sensor:GOA_RUNOFF_DISCHARGE:q,58.069320239858385,-154.46915010358515,1987-11-28T00:00:00Z,0.9135822390691815
urn:ioos:station:GOA_RUNOFF_DISCHARGE,urn:ioos:sensor:GOA_RUNOFF_DISCHARGE:q,58.069320239858385,-154.46915010358515,1987-11-29T00:00:00Z,0.5937341353275549
urn:ioos:station:GOA_RUNOFF_DISCHARGE,urn:ioos:sensor:GOA_RUNOFF_DISCHARGE:q,58.069320239858385,-154.46915010358515,1987-11-30T00:00:00Z,0.38549300254623364
urn:ioos:station:GOA_RUNOFF_DISCHARGE,urn:ioos:sensor:GOA_RUNOFF_DISCHARGE:q,58.069320239858385,-154.46915010358515,1987-12-01T00:00:00Z,0.25026764931017015
urn:ioos:station:GOA_RUNOFF_DISCHARGE,urn:ioos:sensor:GOA_RUNOFF_DISCHARGE:q,58.069320239858385,-154.46915010358515,1987-12-02T00:00:00Z,0.16247619936754157
urn:ioos:station:GOA_RUNOFF_DISCHARGE,urn:ioos:sensor:GOA_RUNOFF_DISCHARGE:q,58.069320239858385,-154.46915010358515,1987-12-03T00:00:00Z,0.10548108353573413
urn:ioos:station:GOA_RUNOFF_DISCHARGE,urn:ioos:sensor:GOA_RUNOFF_DISCHARGE:q,58.069320239858385,-154.46915010358515,1987-12-04T00:00:00Z,0.06847930678273124
urn:ioos:station:GOA_RUNOFF_DISCHARGE,urn:ioos:sensor:GOA_RUNOFF_DISCHARGE:q,58.069320239858385,-154.46915010358515,1987-12-05T00:00:00Z,0.04445740511681661
urn:ioos:station:GOA_RUNOFF_DISCHARGE,urn:ioos:sensor:GOA_RUNOFF_DISCHARGE:q,58.069320239858385,-154.46915010358515,1987-12-06T00:00:00Z,0.028862167153764384
urn:ioos:station:GOA_RUNOFF_DISCHARGE,urn:ioos:sensor:GOA_RUNOFF_DISCHARGE:q,58.069320239858385,-154.46915010358515,1987-12-07T00:00:00Z,0.018737590946474057
urn:ioos:station:GOA_RUNOFF_DISCHARGE,urn:ioos:sensor:GOA_RUNOFF_DISCHARGE:q,58.069320239858385,-154.46915010358515,1987-12-08T00:00:00Z,0.01216461808136048
urn:ioos:station:GOA_RUNOFF_DISCHARGE,urn:ioos:sensor:GOA_RUNOFF_DISCHARGE:q,58.069320239858385,-154.46915010358515,1987-12-09T00:00:00Z,0.007897384702458203
urn:ioos:station:GOA_RUNOFF_DISCHARGE,urn:ioos:sensor:GOA_RUNOFF_DISCHARGE:q,58.069320239858385,-154.46915010358515,1987-12-10T00:00:00Z,0.005127055962806957
urn:ioos:station:GOA_RUNOFF_DISCHARGE,urn:ioos:sensor:GOA_RUNOFF_DISCHARGE:q,58.069320239858385,-154.46915010358515,1987-12-11T00:00:00Z,0.00332853289236302
urn:ioos:station:GOA_RUNOFF_DISCHARGE,urn:ioos:sensor:GOA_RUNOFF_DISCHARGE:q,58.069320239858385,-154.46915010358515,1987-12-12T00:00:00Z,0.0021609148469073163
urn:ioos:station:GOA_RUNOFF_DISCHARGE,urn:ioos:sensor:GOA_RUNOFF_DISCHARGE:q,58.069320239858385,-154.46915010358515,1987-12-13T00:00:00Z,0.0014028862031165805
urn:ioos:station:GOA_RUNOFF_DISCHARGE,urn:ioos:sensor:GOA_RUNOFF_DISCHARGE:q,58.069320239858385,-154.46915010358515,1987-12-14T00:00:00Z,9.107668966340096E-4
urn:ioos:station:GOA_RUNOFF_DISCHARGE,urn:ioos:sensor:GOA_RUNOFF_DISCHARGE:q,58.069320239858385,-154.46915010358515,1987-12-15T00:00:00Z,5.91278373143631E-4
urn:ioos:station:GOA_RUNOFF_DISCHARGE,urn:ioos:sensor:GOA_RUNOFF_DISCHARGE:q,58.069320239858385,-154.46915010358515,1987-12-16T00:00:00Z,3.838634448953019E-4
urn:ioos:station:GOA_RUNOFF_DISCHARGE,urn:ioos:sensor:GOA_RUNOFF_DISCHARGE:q,58.069320239858385,-154.46915010358515,1987-12-17T00:00:00Z,2.492077482420705E-4
urn:ioos:station:GOA_RUNOFF_DISCHARGE,urn:ioos:sensor:GOA_RUNOFF_DISCHARGE:q,58.069320239858385,-154.46915010358515,1987-12-18T00:00:00Z,1.6178801022289634E-4
urn:ioos:station:GOA_RUNOFF_DISCHARGE,urn:ioos:sensor:GOA_RUNOFF_DISCHARGE:q,58.069320239858385,-154.46915010358515,1987-12-19T00:00:00Z,1.0503429551252277E-4
urn:ioos:station:GOA_RUNOFF_DISCHARGE,urn:ioos:sensor:GOA_RUNOFF_DISCHARGE:q,58.069320239858385,-154.46915010358515,1987-12-20T00:00:00Z,6.818925049846241E-5
urn:ioos:station:GOA_RUNOFF_DISCHARGE,urn:ioos:sensor:GOA_RUNOFF_DISCHARGE:q,58.069320239858385,-154.46915010358515,1987-12-21T00:00:00Z,4.4269100312001706E-5
urn:ioos:station:GOA_RUNOFF_DISCHARGE,urn:ioos:sensor:GOA_RUNOFF_DISCHARGE:q,58.069320239858385,-154.46915010358515,1987-12-22T00:00:00Z,2.8739916875312534E-5
urn:ioos:station:GOA_RUNOFF_DISCHARGE,urn:ioos:sensor:GOA_RUNOFF_DISCHARGE:q,58.069320239858385,-154.46915010358515,1987-12-23T00:00:00Z,2.2104490268570456
urn:ioos:station:GOA_RUNOFF_DISCHARGE,urn:ioos:sensor:GOA_RUNOFF_DISCHARGE:q,58.069320239858385,-154.46915010358515,1987-12-24T00:00:00Z,9.592345725168565
urn:ioos:station:GOA_RUNOFF_DISCHARGE,urn:ioos:sensor:GOA_RUNOFF_DISCHARGE:q,58.069320239858385,-154.46915010358515,1987-12-25T00:00:00Z,12.58123479857093
urn:ioos:station:GOA_RUNOFF_DISCHARGE,urn:ioos:sensor:GOA_RUNOFF_DISCHARGE:q,58.069320239858385,-154.46915010358515,1987-12-26T00:00:00Z,8.408920212964675
urn:ioos:station:GOA_RUNOFF_DISCHARGE,urn:ioos:sensor:GOA_RUNOFF_DISCHARGE:q,58.069320239858385,-154.46915010358515,1987-12-27T00:00:00Z,5.470909116535671
urn:ioos:station:GOA_RUNOFF_DISCHARGE,urn:ioos:sensor:GOA_RUNOFF_DISCHARGE:q,58.069320239858385,-154.46915010358515,1987-12-28T00:00:00Z,3.552425394943663
urn:ioos:station:GOA_RUNOFF_DISCHARGE,urn:ioos:sensor:GOA_RUNOFF_DISCHARGE:q,58.069320239858385,-154.46915010358515,1987-12-29T00:00:00Z,2.3063051583012144
urn:ioos:station:GOA_RUNOFF_DISCHARGE,urn:ioos:sensor:GOA_RUNOFF_DISCHARGE:q,58.069320239858385,-154.46915010358515,1987-12-30T00:00:00Z,1.6752900280037963
urn:ioos:station:GOA_RUNOFF_DISCHARGE,urn:ioos:sensor:GOA_RUNOFF_DISCHARGE:q,58.069320239858385,-154.46915010358515,1987-12-31T00:00:00Z,1.9891909485841506
urn:ioos:station:GOA_RUNOFF_DISCHARGE,urn:ioos:sensor:GOA_RUNOFF_DISCHARGE:q,58.069320239858385,-154.46915010358515,1988-01-01T00:00:00Z,1.8454525333879928
urn:ioos:station:GOA_RUNOFF_DISCHARGE,urn:ioos:sensor:GOA_RUNOFF_DISCHARGE:q,58.069320239858385,-154.46915010358515,1988-01-02T00:00:00Z,2.3110222799096416
urn:ioos:station:GOA_RUNOFF_DISCHARGE,urn:ioos:sensor:GOA_RUNOFF_DISCHARGE:q,58.069320239858385,-154.46915010358515,1988-01-03T00:00:00Z,1.682818267821976
urn:ioos:station:GOA_RUNOFF_DISCHARGE,urn:ioos:sensor:GOA_RUNOFF_DISCHARGE:q,58.069320239858385,-154.46915010358515,1988-01-04T00:00:00Z,1.0983645851278243
urn:ioos:station:GOA_RUNOFF_DISCHARGE,urn:ioos:sensor:GOA_RUNOFF_DISCHARGE:q,58.069320239858385,-154.46915010358515,1988-01-05T00:00:00Z,0.7133976805655292
urn:ioos:station:GOA_RUNOFF_DISCHARGE,urn:ioos:sensor:GOA_RUNOFF_DISCHARGE:q,58.069320239858385,-154.46915010358515,1988-01-06T00:00:00Z,8.502019690956619
urn:ioos:station:GOA_RUNOFF_DISCHARGE,urn:ioos:sensor:GOA_RUNOFF_DISCHARGE:q,58.069320239858385,-154.46915010358515,1988-01-07T00:00:00Z,11.590321418158192
urn:ioos:station:GOA_RUNOFF_DISCHARGE,urn:ioos:sensor:GOA_RUNOFF_DISCHARGE:q,58.069320239858385,-154.46915010358515,1988-01-08T00:00:00Z,10.155753383587008
urn:ioos:station:GOA_RUNOFF_DISCHARGE,urn:ioos:sensor:GOA_RUNOFF_DISCHARGE:q,58.069320239858385,-154.46915010358515,1988-01-09T00:00:00Z,14.20947003877647
urn:ioos:station:GOA_RUNOFF_DISCHARGE,urn:ioos:sensor:GOA_RUNOFF_DISCHARGE:q,58.069320239858385,-154.46915010358515,1988-01-10T00:00:00Z,9.665912615045647
urn:ioos:station:GOA_RUNOFF_DISCHARGE,urn:ioos:sensor:GOA_RUNOFF_DISCHARGE:q,58.069320239858385,-154.46915010358515,1988-01-11T00:00:00Z,6.294909853654044
urn:ioos:station:GOA_RUNOFF_DISCHARGE,urn:ioos:sensor:GOA_RUNOFF_DISCHARGE:q,58.069320239858385,-154.46915010358515,1988-01-12T00:00:00Z,4.087820802418352
urn:ioos:station:GOA_RUNOFF_DISCHARGE,urn:ioos:sensor:GOA_RUNOFF_DISCHARGE:q,58.069320239858385,-154.46915010358515,1988-01-13T00:00:00Z,4.4761074260420886
urn:ioos:station:GOA_RUNOFF_DISCHARGE,urn:ioos:sensor:GOA_RUNOFF_DISCHARGE:q,58.069320239858385,-154.46915010358515,1988-01-14T00:00:00Z,6.281011079008597
urn:ioos:station:GOA_RUNOFF_DISCHARGE,urn:ioos:sensor:GOA_RUNOFF_DISCHARGE:q,58.069320239858385,-154.46915010358515,1988-01-15T00:00:00Z,6.4310791146851845
urn:ioos:station:GOA_RUNOFF_DISCHARGE,urn:ioos:sensor:GOA_RUNOFF_DISCHARGE:q,58.069320239858385,-154.46915010358515,1988-01-16T00:00:00Z,4.46334057114003
urn:ioos:station:GOA_RUNOFF_DISCHARGE,urn:ioos:sensor:GOA_RUNOFF_DISCHARGE:q,58.069320239858385,-154.46915010358515,1988-01-17T00:00:00Z,2.9074508420461602
urn:ioos:station:GOA_RUNOFF_DISCHARGE,urn:ioos:sensor:GOA_RUNOFF_DISCHARGE:q,58.069320239858385,-154.46915010358515,1988-01-18T00:00:00Z,1.8880950180396345
urn:ioos:station:GOA_RUNOFF_DISCHARGE,urn:ioos:sensor:GOA_RUNOFF_DISCHARGE:q,58.069320239858385,-154.46915010358515,1988-01-19T00:00:00Z,1.398866122897448
urn:ioos:station:GOA_RUNOFF_DISCHARGE,urn:ioos:sensor:GOA_RUNOFF_DISCHARGE:q,58.069320239858385,-154.46915010358515,1988-01-20T00:00:00Z,0.9128759074673395
urn:ioos:station:GOA_RUNOFF_DISCHARGE,urn:ioos:sensor:GOA_RUNOFF_DISCHARGE:q,58.069320239858385,-154.46915010358515,1988-01-21T00:00:00Z,0.5929124936774703
urn:ioos:station:GOA_RUNOFF_DISCHARGE,urn:ioos:sensor:GOA_RUNOFF_DISCHARGE:q,58.069320239858385,-154.46915010358515,1988-01-22T00:00:00Z,4.249486410956177
urn:ioos:station:GOA_RUNOFF_DISCHARGE,urn:ioos:sensor:GOA_RUNOFF_DISCHARGE:q,58.069320239858385,-154.46915010358515,1988-01-23T00:00:00Z,4.877838951331881
urn:ioos:station:GOA_RUNOFF_DISCHARGE,urn:ioos:sensor:GOA_RUNOFF_DISCHARGE:q,58.069320239858385,-154.46915010358515,1988-01-24T00:00:00Z,3.3978815139033456
urn:ioos:station:GOA_RUNOFF_DISCHARGE,urn:ioos:sensor:GOA_RUNOFF_DISCHARGE:q,58.069320239858385,-154.46915010358515,1988-01-25T00:00:00Z,2.213992656588321
urn:ioos:station:GOA_RUNOFF_DISCHARGE,urn:ioos:sensor:GOA_RUNOFF_DISCHARGE:q,58.069320239858385,-154.46915010358515,1988-01-26T00:00:00Z,1.437797110594132
urn:ioos:station:GOA_RUNOFF_DISCHARGE,urn:ioos:sensor:GOA_RUNOFF_DISCHARGE:q,58.069320239858385,-154.46915010358515,1988-01-27T00:00:00Z,0.9334567448285176
urn:ioos:station:GOA_RUNOFF_DISCHARGE,urn:ioos:sensor:GOA_RUNOFF_DISCHARGE:q,58.069320239858385,-154.46915010358515,1988-01-28T00:00:00Z,0.6060102811823298
urn:ioos:station:GOA_RUNOFF_DISCHARGE,urn:ioos:sensor:GOA_RUNOFF_DISCHARGE:q,58.069320239858385,-154.46915010358515,1988-01-29T00:00:00Z,0.39342762312770085
urn:ioos:station:GOA_RUNOFF_DISCHARGE,urn:ioos:sensor:GOA_RUNOFF_DISCHARGE:q,58.069320239858385,-154.46915010358515,1988-01-30T00:00:00Z,0.708628396453818
urn:ioos:station:GOA_RUNOFF_DISCHARGE,urn:ioos:sensor:GOA_RUNOFF_DISCHARGE:q,58.069320239858385,-154.46915010358515,1988-01-31T00:00:00Z,1.2838741804125766
urn:ioos:station:GOA_RUNOFF_DISCHARGE,urn:ioos:sensor:GOA_RUNOFF_DISCHARGE:q,58.069320239858385,-154.46915010358515,1988-02-01T00:00:00Z,2.400148461749819
urn:ioos:station:GOA_RUNOFF_DISCHARGE,urn:ioos:sensor:GOA_RUNOFF_DISCHARGE:q,58.069320239858385,-154.46915010358515,1988-02-02T00:00:00Z,1.7842954516691814
urn:ioos:station:GOA_RUNOFF_DISCHARGE,urn:ioos:sensor:GOA_RUNOFF_DISCHARGE:q,58.069320239858385,-154.46915010358515,1988-02-03T00:00:00Z,1.27896064362785
urn:ioos:station:GOA_RUNOFF_DISCHARGE,urn:ioos:sensor:GOA_RUNOFF_DISCHARGE:q,58.069320239858385,-154.46915010358515,1988-02-04T00:00:00Z,1.3108448915366657
urn:ioos:station:GOA_RUNOFF_DISCHARGE,urn:ioos:sensor:GOA_RUNOFF_DISCHARGE:q,58.069320239858385,-154.46915010358515,1988-02-05T00:00:00Z,5.932215614428284
urn:ioos:station:GOA_RUNOFF_DISCHARGE,urn:ioos:sensor:GOA_RUNOFF_DISCHARGE:q,58.069320239858385,-154.46915010358515,1988-02-06T00:00:00Z,7.70328481280583
urn:ioos:station:GOA_RUNOFF_DISCHARGE,urn:ioos:sensor:GOA_RUNOFF_DISCHARGE:q,58.069320239858385,-154.46915010358515,1988-02-07T00:00:00Z,6.661556076735147
urn:ioos:station:GOA_RUNOFF_DISCHARGE,urn:ioos:sensor:GOA_RUNOFF_DISCHARGE:q,58.069320239858385,-154.46915010358515,1988-02-08T00:00:00Z,6.029293913982177
urn:ioos:station:GOA_RUNOFF_DISCHARGE,urn:ioos:sensor:GOA_RUNOFF_DISCHARGE:q,58.069320239858385,-154.46915010358515,1988-02-09T00:00:00Z,5.460348215870841
urn:ioos:station:GOA_RUNOFF_DISCHARGE,urn:ioos:sensor:GOA_RUNOFF_DISCHARGE:q,58.069320239858385,-154.46915010358515,1988-02-10T00:00:00Z,4.5168775859857
urn:ioos:station:GOA_RUNOFF_DISCHARGE,urn:ioos:sensor:GOA_RUNOFF_DISCHARGE:q,58.069320239858385,-154.46915010358515,1988-02-11T00:00:00Z,5.2432195923661
urn:ioos:station:GOA_RUNOFF_DISCHARGE,urn:ioos:sensor:GOA_RUNOFF_DISCHARGE:q,58.069320239858385,-154.46915010358515,1988-02-12T00:00:00Z,3.9773075995596887
urn:ioos:station:GOA_RUNOFF_DISCHARGE,urn:ioos:sensor:GOA_RUNOFF_DISCHARGE:q,58.069320239858385,-154.46915010358515,1988-02-13T00:00:00Z,2.9033533557226416
urn:ioos:station:GOA_RUNOFF_DISCHARGE,urn:ioos:sensor:GOA_RUNOFF_DISCHARGE:q,58.069320239858385,-154.46915010358515,1988-02-14T00:00:00Z,2.5642549860150745
urn:ioos:station:GOA_RUNOFF_DISCHARGE,urn:ioos:sensor:GOA_RUNOFF_DISCHARGE:q,58.069320239858385,-154.46915010358515,1988-02-15T00:00:00Z,1.948511957908574
urn:ioos:station:GOA_RUNOFF_DISCHARGE,urn:ioos:sensor:GOA_RUNOFF_DISCHARGE:q,58.069320239858385,-154.46915010358515,1988-02-16T00:00:00Z,1.2730912108813084
urn:ioos:station:GOA_RUNOFF_DISCHARGE,urn:ioos:sensor:GOA_RUNOFF_DISCHARGE:q,58.069320239858385,-154.46915010358515,1988-02-17T00:00:00Z,0.8269573577963022
urn:ioos:station:GOA_RUNOFF_DISCHARGE,urn:ioos:sensor:GOA_RUNOFF_DISCHARGE:q,58.069320239858385,-154.46915010358515,1988-02-18T00:00:00Z,0.5368940105403406
urn:ioos:station:GOA_RUNOFF_DISCHARGE,urn:ioos:sensor:GOA_RUNOFF_DISCHARGE:q,58.069320239858385,-154.46915010358515,1988-02-19T00:00:00Z,1.828556092160394
urn:ioos:station:GOA_RUNOFF_DISCHARGE,urn:ioos:sensor:GOA_RUNOFF_DISCHARGE:q,58.069320239858385,-154.46915010358515,1988-02-20T00:00:00Z,2.0796195485391045
urn:ioos:station:GOA_RUNOFF_DISCHARGE,urn:ioos:sensor:GOA_RUNOFF_DISCHARGE:q,58.069320239858385,-154.46915010358515,1988-02-21T00:00:00Z,1.37560033085905
urn:ioos:station:GOA_RUNOFF_DISCHARGE,urn:ioos:sensor:GOA_RUNOFF_DISCHARGE:q,58.069320239858385,-154.46915010358515,1988-02-22T00:00:00Z,0.8944836587685275
urn:ioos:station:GOA_RUNOFF_DISCHARGE,urn:ioos:sensor:GOA_RUNOFF_DISCHARGE:q,58.069320239858385,-154.46915010358515,1988-02-23T00:00:00Z,3.730220991382148
urn:ioos:station:GOA_RUNOFF_DISCHARGE,urn:ioos:sensor:GOA_RUNOFF_DISCHARGE:q,58.069320239858385,-154.46915010358515,1988-02-24T00:00:00Z,12.391491160396686
urn:ioos:station:GOA_RUNOFF_DISCHARGE,urn:ioos:sensor:GOA_RUNOFF_DISCHARGE:q,58.069320239858385,-154.46915010358515,1988-02-25T00:00:00Z,10.772894340470035
urn:ioos:station:GOA_RUNOFF_DISCHARGE,urn:ioos:sensor:GOA_RUNOFF_DISCHARGE:q,58.069320239858385,-154.46915010358515,1988-02-26T00:00:00Z,8.790364010747806
urn:ioos:station:GOA_RUNOFF_DISCHARGE,urn:ioos:sensor:GOA_RUNOFF_DISCHARGE:q,58.069320239858385,-154.46915010358515,1988-02-27T00:00:00Z,5.728586357347125
urn:ioos:station:GOA_RUNOFF_DISCHARGE,urn:ioos:sensor:GOA_RUNOFF_DISCHARGE:q,58.069320239858385,-154.46915010358515,1988-02-28T00:00:00Z,5.446128441205186
urn:ioos:station:GOA_RUNOFF_DISCHARGE,urn:ioos:sensor:GOA_RUNOFF_DISCHARGE:q,58.069320239858385,-154.46915010358515,1988-02-29T00:00:00Z,5.450479307052852
urn:ioos:station:GOA_RUNOFF_DISCHARGE,urn:ioos:sensor:GOA_RUNOFF_DISCHARGE:q,58.069320239858385,-154.46915010358515,1988-03-01T00:00:00Z,7.985880074858055
urn:ioos:station:GOA_RUNOFF_DISCHARGE,urn:ioos:sensor:GOA_RUNOFF_DISCHARGE:q,58.069320239858385,-154.46915010358515,1988-03-02T00:00:00Z,8.039235014282427
urn:ioos:station:GOA_RUNOFF_DISCHARGE,urn:ioos:sensor:GOA_RUNOFF_DISCHARGE:q,58.069320239858385,-154.46915010358515,1988-03-03T00:00:00Z,5.933022324315133
urn:ioos:station:GOA_RUNOFF_DISCHARGE,urn:ioos:sensor:GOA_RUNOFF_DISCHARGE:q,58.069320239858385,-154.46915010358515,1988-03-04T00:00:00Z,7.314089653878997
urn:ioos:station:GOA_RUNOFF_DISCHARGE,urn:ioos:sensor:GOA_RUNOFF_DISCHARGE:q,58.069320239858385,-154.46915010358515,1988-03-05T00:00:00Z,5.347345684166945
urn:ioos:station:GOA_RUNOFF_DISCHARGE,urn:ioos:sensor:GOA_RUNOFF_DISCHARGE:q,58.069320239858385,-154.46915010358515,1988-03-06T00:00:00Z,3.7458360636766233
urn:ioos:station:GOA_RUNOFF_DISCHARGE,urn:ioos:sensor:GOA_RUNOFF_DISCHARGE:q,58.069320239858385,-154.46915010358515,1988-03-07T00:00:00Z,2.4398745822834433
urn:ioos:station:GOA_RUNOFF_DISCHARGE,urn:ioos:sensor:GOA_RUNOFF_DISCHARGE:q,58.069320239858385,-154.46915010358515,1988-03-08T00:00:00Z,4.36126730077989
urn:ioos:station:GOA_RUNOFF_DISCHARGE,urn:ioos:sensor:GOA_RUNOFF_DISCHARGE:q,58.069320239858385,-154.46915010358515,1988-03-09T00:00:00Z,2.9070887961217298
urn:ioos:station:GOA_RUNOFF_DISCHARGE,urn:ioos:sensor:GOA_RUNOFF_DISCHARGE:q,58.069320239858385,-154.46915010358515,1988-03-10T00:00:00Z,7.15861566212439
urn:ioos:station:GOA_RUNOFF_DISCHARGE,urn:ioos:sensor:GOA_RUNOFF_DISCHARGE:q,58.069320239858385,-154.46915010358515,1988-03-11T00:00:00Z,9.522793966691784
urn:ioos:station:GOA_RUNOFF_DISCHARGE,urn:ioos:sensor:GOA_RUNOFF_DISCHARGE:q,58.069320239858385,-154.46915010358515,1988-03-12T00:00:00Z,9.164145380179722
urn:ioos:station:GOA_RUNOFF_DISCHARGE,urn:ioos:sensor:GOA_RUNOFF_DISCHARGE:q,58.069320239858385,-154.46915010358515,1988-03-13T00:00:00Z,8.091656948730032
urn:ioos:station:GOA_RUNOFF_DISCHARGE,urn:ioos:sensor:GOA_RUNOFF_DISCHARGE:q,58.069320239858385,-154.46915010358515,1988-03-14T00:00:00Z,5.48822312090431
urn:ioos:station:GOA_RUNOFF_DISCHARGE,urn:ioos:sensor:GOA_RUNOFF_DISCHARGE:q,58.069320239858385,-154.46915010358515,1988-03-15T00:00:00Z,3.570721080521642
urn:ioos:station:GOA_RUNOFF_DISCHARGE,urn:ioos:sensor:GOA_RUNOFF_DISCHARGE:q,58.069320239858385,-154.46915010358515,1988-03-16T00:00:00Z,3.970480297490552
urn:ioos:station:GOA_RUNOFF_DISCHARGE,urn:ioos:sensor:GOA_RUNOFF_DISCHARGE:q,58.069320239858385,-154.46915010358515,1988-03-17T00:00:00Z,4.1293168960142195
urn:ioos:station:GOA_RUNOFF_DISCHARGE,urn:ioos:sensor:GOA_RUNOFF_DISCHARGE:q,58.069320239858385,-154.46915010358515,1988-03-18T00:00:00Z,3.1923323083406667
urn:ioos:station:GOA_RUNOFF_DISCHARGE,urn:ioos:sensor:GOA_RUNOFF_DISCHARGE:q,58.069320239858385,-154.46915010358515,1988-03-19T00:00:00Z,2.289340570348014
urn:ioos:station:GOA_RUNOFF_DISCHARGE,urn:ioos:sensor:GOA_RUNOFF_DISCHARGE:q,58.069320239858385,-154.46915010358515,1988-03-20T00:00:00Z,1.6233631439971916
urn:ioos:station:GOA_RUNOFF_DISCHARGE,urn:ioos:sensor:GOA_RUNOFF_DISCHARGE:q,58.069320239858385,-154.46915010358515,1988-03-21T00:00:00Z,1.1493066305478412
urn:ioos:station:GOA_RUNOFF_DISCHARGE,urn:ioos:sensor:GOA_RUNOFF_DISCHARGE:q,58.069320239858385,-154.46915010358515,1988-03-22T00:00:00Z,0.7412454189989272
urn:ioos:station:GOA_RUNOFF_DISCHARGE,urn:ioos:sensor:GOA_RUNOFF_DISCHARGE:q,58.069320239858385,-154.46915010358515,1988-03-23T00:00:00Z,0.4809486733094548
urn:ioos:station:GOA_RUNOFF_DISCHARGE,urn:ioos:sensor:GOA_RUNOFF_DISCHARGE:q,58.069320239858385,-154.46915010358515,1988-03-24T00:00:00Z,0.3122209656590242
urn:ioos:station:GOA_RUNOFF_DISCHARGE,urn:ioos:sensor:GOA_RUNOFF_DISCHARGE:q,58.069320239858385,-154.46915010358515,1988-03-25T00:00:00Z,0.2026959067662548
urn:ioos:station:GOA_RUNOFF_DISCHARGE,urn:ioos:sensor:GOA_RUNOFF_DISCHARGE:q,58.069320239858385,-154.46915010358515,1988-03-26T00:00:00Z,0.13159205070201202
urn:ioos:station:GOA_RUNOFF_DISCHARGE,urn:ioos:sensor:GOA_RUNOFF_DISCHARGE:q,58.069320239858385,-154.46915010358515,1988-03-27T00:00:00Z,0.08543079244258613
urn:ioos:station:GOA_RUNOFF_DISCHARGE,urn:ioos:sensor:GOA_RUNOFF_DISCHARGE:q,58.069320239858385,-154.46915010358515,1988-03-28T00:00:00Z,0.055462468181533275
urn:ioos:station:GOA_RUNOFF_DISCHARGE,urn:ioos:sensor:GOA_RUNOFF_DISCHARGE:q,58.069320239858385,-154.46915010358515,1988-03-29T00:00:00Z,0.03600675480255691
urn:ioos:station:GOA_RUNOFF_DISCHARGE,urn:ioos:sensor:GOA_RUNOFF_DISCHARGE:q,58.069320239858385,-154.46915010358515,1988-03-30T00:00:00Z,1.135475739513225
urn:ioos:station:GOA_RUNOFF_DISCHARGE,urn:ioos:sensor:GOA_RUNOFF_DISCHARGE:q,58.069320239858385,-154.46915010358515,1988-03-31T00:00:00Z,0.8562015120962958
urn:ioos:station:GOA_RUNOFF_DISCHARGE,urn:ioos:sensor:GOA_RUNOFF_DISCHARGE:q,58.069320239858385,-154.46915010358515,1988-04-01T00:00:00Z,0.611259947086577
urn:ioos:station:GOA_RUNOFF_DISCHARGE,urn:ioos:sensor:GOA_RUNOFF_DISCHARGE:q,58.069320239858385,-154.46915010358515,1988-04-02T00:00:00Z,0.9000672173167449
urn:ioos:station:GOA_RUNOFF_DISCHARGE,urn:ioos:sensor:GOA_RUNOFF_DISCHARGE:q,58.069320239858385,-154.46915010358515,1988-04-03T00:00:00Z,0.6592026156784332
urn:ioos:station:GOA_RUNOFF_DISCHARGE,urn:ioos:sensor:GOA_RUNOFF_DISCHARGE:q,58.069320239858385,-154.46915010358515,1988-04-04T00:00:00Z,0.42727746993074667
urn:ioos:station:GOA_RUNOFF_DISCHARGE,urn:ioos:sensor:GOA_RUNOFF_DISCHARGE:q,58.069320239858385,-154.46915010358515,1988-04-05T00:00:00Z,0.2773541802673699
urn:ioos:station:GOA_RUNOFF_DISCHARGE,urn:ioos:sensor:GOA_RUNOFF_DISCHARGE:q,58.069320239858385,-154.46915010358515,1988-04-06T00:00:00Z,0.1800587945830072
urn:ioos:station:GOA_RUNOFF_DISCHARGE,urn:ioos:sensor:GOA_RUNOFF_DISCHARGE:q,58.069320239858385,-154.46915010358515,1988-04-07T00:00:00Z,0.11689572585266904
urn:ioos:station:GOA_RUNOFF_DISCHARGE,urn:ioos:sensor:GOA_RUNOFF_DISCHARGE:q,58.069320239858385,-154.46915010358515,1988-04-08T00:00:00Z,0.07588979862987157
urn:ioos:station:GOA_RUNOFF_DISCHARGE,urn:ioos:sensor:GOA_RUNOFF_DISCHARGE:q,58.069320239858385,-154.46915010358515,1988-04-09T00:00:00Z,0.04926836825266804
urn:ioos:station:GOA_RUNOFF_DISCHARGE,urn:ioos:sensor:GOA_RUNOFF_DISCHARGE:q,58.069320239858385,-154.46915010358515,1988-04-10T00:00:00Z,0.03198548748358028
urn:ioos:station:GOA_RUNOFF_DISCHARGE,urn:ioos:sensor:GOA_RUNOFF_DISCHARGE:q,58.069320239858385,-154.46915010358515,1988-04-11T00:00:00Z,0.15602314517032548
urn:ioos:station:GOA_RUNOFF_DISCHARGE,urn:ioos:sensor:GOA_RUNOFF_DISCHARGE:q,58.069320239858385,-154.46915010358515,1988-04-12T00:00:00Z,4.525138863554944
urn:ioos:station:GOA_RUNOFF_DISCHARGE,urn:ioos:sensor:GOA_RUNOFF_DISCHARGE:q,58.069320239858385,-154.46915010358515,1988-04-13T00:00:00Z,5.190136187385051
urn:ioos:station:GOA_RUNOFF_DISCHARGE,urn:ioos:sensor:GOA_RUNOFF_DISCHARGE:q,58.069320239858385,-154.46915010358515,1988-04-14T00:00:00Z,4.328154306892083
urn:ioos:station:GOA_RUNOFF_DISCHARGE,urn:ioos:sensor:GOA_RUNOFF_DISCHARGE:q,58.069320239858385,-154.46915010358515,1988-04-15T00:00:00Z,3.3732158197276405
urn:ioos:station:GOA_RUNOFF_DISCHARGE,urn:ioos:sensor:GOA_RUNOFF_DISCHARGE:q,58.069320239858385,-154.46915010358515,1988-04-16T00:00:00Z,5.976592025418587
urn:ioos:station:GOA_RUNOFF_DISCHARGE,urn:ioos:sensor:GOA_RUNOFF_DISCHARGE:q,58.069320239858385,-154.46915010358515,1988-04-17T00:00:00Z,6.233754087509086
urn:ioos:station:GOA_RUNOFF_DISCHARGE,urn:ioos:sensor:GOA_RUNOFF_DISCHARGE:q,58.069320239858385,-154.46915010358515,1988-04-18T00:00:00Z,6.789028342136827
urn:ioos:station:GOA_RUNOFF_DISCHARGE,urn:ioos:sensor:GOA_RUNOFF_DISCHARGE:q,58.069320239858385,-154.46915010358515,1988-04-19T00:00:00Z,5.974146110510514
urn:ioos:station:GOA_RUNOFF_DISCHARGE,urn:ioos:sensor:GOA_RUNOFF_DISCHARGE:q,58.069320239858385,-154.46915010358515,1988-04-20T00:00:00Z,4.289964776619124
urn:ioos:station:GOA_RUNOFF_DISCHARGE,urn:ioos:sensor:GOA_RUNOFF_DISCHARGE:q,58.069320239858385,-154.46915010358515,1988-04-21T00:00:00Z,4.173912744723256
urn:ioos:station:GOA_RUNOFF_DISCHARGE,urn:ioos:sensor:GOA_RUNOFF_DISCHARGE:q,58.069320239858385,-154.46915010358515,1988-04-22T00:00:00Z,3.040665061087996
urn:ioos:station:GOA_RUNOFF_DISCHARGE,urn:ioos:sensor:GOA_RUNOFF_DISCHARGE:q,58.069320239858385,-154.46915010358515,1988-04-23T00:00:00Z,2.159100863788512
urn:ioos:station:GOA_RUNOFF_DISCHARGE,urn:ioos:sensor:GOA_RUNOFF_DISCHARGE:q,58.069320239858385,-154.46915010358515,1988-04-24T00:00:00Z,1.5288940220665674
urn:ioos:station:GOA_RUNOFF_DISCHARGE,urn:ioos:sensor:GOA_RUNOFF_DISCHARGE:q,58.069320239858385,-154.46915010358515,1988-04-25T00:00:00Z,5.307681658719196
urn:ioos:station:GOA_RUNOFF_DISCHARGE,urn:ioos:sensor:GOA_RUNOFF_DISCHARGE:q,58.069320239858385,-154.46915010358515,1988-04-26T00:00:00Z,4.16553543354015
urn:ioos:station:GOA_RUNOFF_DISCHARGE,urn:ioos:sensor:GOA_RUNOFF_DISCHARGE:q,58.069320239858385,-154.46915010358515,1988-04-27T00:00:00Z,5.5483453722301075
urn:ioos:station:GOA_RUNOFF_DISCHARGE,urn:ioos:sensor:GOA_RUNOFF_DISCHARGE:q,58.069320239858385,-154.46915010358515,1988-04-28T00:00:00Z,4.27580472900641
urn:ioos:station:GOA_RUNOFF_DISCHARGE,urn:ioos:sensor:GOA_RUNOFF_DISCHARGE:q,58.069320239858385,-154.46915010358515,1988-04-29T00:00:00Z,3.0494375706566363
urn:ioos:station:GOA_RUNOFF_DISCHARGE,urn:ioos:sensor:GOA_RUNOFF_DISCHARGE:q,58.069320239858385,-154.46915010358515,1988-04-30T00:00:00Z,2.1606795524124833
urn:ioos:station:GOA_RUNOFF_DISCHARGE,urn:ioos:sensor:GOA_RUNOFF_DISCHARGE:q,58.069320239858385,-154.46915010358515,1988-05-01T00:00:00Z,1.5295490462881303
urn:ioos:station:GOA_RUNOFF_DISCHARGE,urn:ioos:sensor:GOA_RUNOFF_DISCHARGE:q,58.069320239858385,-154.46915010358515,1988-05-02T00:00:00Z,1.082630979629166
urn:ioos:station:GOA_RUNOFF_DISCHARGE,urn:ioos:sensor:GOA_RUNOFF_DISCHARGE:q,58.069320239858385,-154.46915010358515,1988-05-03T00:00:00Z,1.8900057575041815
urn:ioos:station:GOA_RUNOFF_DISCHARGE,urn:ioos:sensor:GOA_RUNOFF_DISCHARGE:q,58.069320239858385,-154.46915010358515,1988-05-04T00:00:00Z,1.4118899093730588
urn:ioos:station:GOA_RUNOFF_DISCHARGE,urn:ioos:sensor:GOA_RUNOFF_DISCHARGE:q,58.069320239858385,-154.46915010358515,1988-05-05T00:00:00Z,1.8764546890281644
urn:ioos:station:GOA_RUNOFF_DISCHARGE,urn:ioos:sensor:GOA_RUNOFF_DISCHARGE:q,58.069320239858385,-154.46915010358515,1988-05-06T00:00:00Z,1.3699702009964254
urn:ioos:station:GOA_RUNOFF_DISCHARGE,urn:ioos:sensor:GOA_RUNOFF_DISCHARGE:q,58.069320239858385,-154.46915010358515,1988-05-07T00:00:00Z,0.9738354557720764
urn:ioos:station:GOA_RUNOFF_DISCHARGE,urn:ioos:sensor:GOA_RUNOFF_DISCHARGE:q,58.069320239858385,-154.46915010358515,1988-05-08T00:00:00Z,0.6896934077618231
urn:ioos:station:GOA_RUNOFF_DISCHARGE,urn:ioos:sensor:GOA_RUNOFF_DISCHARGE:q,58.069320239858385,-154.46915010358515,1988-05-09T00:00:00Z,0.48820360265960955
urn:ioos:station:GOA_RUNOFF_DISCHARGE,urn:ioos:sensor:GOA_RUNOFF_DISCHARGE:q,58.069320239858385,-154.46915010358515,1988-05-10T00:00:00Z,0.34555250925321224
urn:ioos:station:GOA_RUNOFF_DISCHARGE,urn:ioos:sensor:GOA_RUNOFF_DISCHARGE:q,58.069320239858385,-154.46915010358515,1988-05-11T00:00:00Z,0.24458093332718017
urn:ioos:station:GOA_RUNOFF_DISCHARGE,urn:ioos:sensor:GOA_RUNOFF_DISCHARGE:q,58.069320239858385,-154.46915010358515,1988-05-12T00:00:00Z,0.2646750905859995
urn:ioos:station:GOA_RUNOFF_DISCHARGE,urn:ioos:sensor:GOA_RUNOFF_DISCHARGE:q,58.069320239858385,-154.46915010358515,1988-05-13T00:00:00Z,0.6160327174689996
urn:ioos:station:GOA_RUNOFF_DISCHARGE,urn:ioos:sensor:GOA_RUNOFF_DISCHARGE:q,58.069320239858385,-154.46915010358515,1988-05-14T00:00:00Z,0.7633462703902194
urn:ioos:station:GOA_RUNOFF_DISCHARGE,urn:ioos:sensor:GOA_RUNOFF_DISCHARGE:q,58.069320239858385,-154.46915010358515,1988-05-15T00:00:00Z,0.5568548508338
urn:ioos:station:GOA_RUNOFF_DISCHARGE,urn:ioos:sensor:GOA_RUNOFF_DISCHARGE:q,58.069320239858385,-154.46915010358515,1988-05-16T00:00:00Z,0.773420079835861
urn:ioos:station:GOA_RUNOFF_DISCHARGE,urn:ioos:sensor:GOA_RUNOFF_DISCHARGE:q,58.069320239858385,-154.46915010358515,1988-05-17T00:00:00Z,0.5654522575225648
urn:ioos:station:GOA_RUNOFF_DISCHARGE,urn:ioos:sensor:GOA_RUNOFF_DISCHARGE:q,58.069320239858385,-154.46915010358515,1988-05-18T00:00:00Z,0.40202486536973386
urn:ioos:station:GOA_RUNOFF_DISCHARGE,urn:ioos:sensor:GOA_RUNOFF_DISCHARGE:q,58.069320239858385,-154.46915010358515,1988-05-19T00:00:00Z,0.2847311948711118
urn:ioos:station:GOA_RUNOFF_DISCHARGE,urn:ioos:sensor:GOA_RUNOFF_DISCHARGE:q,58.069320239858385,-154.46915010358515,1988-05-20T00:00:00Z,0.20154943348711482
urn:ioos:station:GOA_RUNOFF_DISCHARGE,urn:ioos:sensor:GOA_RUNOFF_DISCHARGE:q,58.069320239858385,-154.46915010358515,1988-05-21T00:00:00Z,0.142657589052298
urn:ioos:station:GOA_RUNOFF_DISCHARGE,urn:ioos:sensor:GOA_RUNOFF_DISCHARGE:q,58.069320239858385,-154.46915010358515,1988-05-22T00:00:00Z,0.10097258727343178
urn:ioos:station:GOA_RUNOFF_DISCHARGE,urn:ioos:sensor:GOA_RUNOFF_DISCHARGE:q,58.069320239858385,-154.46915010358515,1988-05-23T00:00:00Z,0.071467965795156
urn:ioos:station:GOA_RUNOFF_DISCHARGE,urn:ioos:sensor:GOA_RUNOFF_DISCHARGE:q,58.069320239858385,-154.46915010358515,1988-05-24T00:00:00Z,0.05058471089444834
urn:ioos:station:GOA_RUNOFF_DISCHARGE,urn:ioos:sensor:GOA_RUNOFF_DISCHARGE:q,58.069320239858385,-154.46915010358515,1988-05-25T00:00:00Z,0.03580363019960588
urn:ioos:station:GOA_RUNOFF_DISCHARGE,urn:ioos:sensor:GOA_RUNOFF_DISCHARGE:q,58.069320239858385,-154.46915010358515,1988-05-26T00:00:00Z,0.02534165246620866
urn:ioos:station:GOA_RUNOFF_DISCHARGE,urn:ioos:sensor:GOA_RUNOFF_DISCHARGE:q,58.069320239858385,-154.46915010358515,1988-05-27T00:00:00Z,0.017936708640677836
urn:ioos:station:GOA_RUNOFF_DISCHARGE,urn:ioos:sensor:GOA_RUNOFF_DISCHARGE:q,58.069320239858385,-154.46915010358515,1988-05-28T00:00:00Z,0.01269552202103193
urn:ioos:station:GOA_RUNOFF_DISCHARGE,urn:ioos:sensor:GOA_RUNOFF_DISCHARGE:q,58.069320239858385,-154.46915010358515,1988-05-29T00:00:00Z,0.008985835007914772
urn:ioos:station:GOA_RUNOFF_DISCHARGE,urn:ioos:sensor:GOA_RUNOFF_DISCHARGE:q,58.069320239858385,-154.46915010358515,1988-05-30T00:00:00Z,0.006360134085385551
urn:ioos:station:GOA_RUNOFF_DISCHARGE,urn:ioos:sensor:GOA_RUNOFF_DISCHARGE:q,58.069320239858385,-154.46915010358515,1988-05-31T00:00:00Z,0.004501674806314516
urn:ioos:station:GOA_RUNOFF_DISCHARGE,urn:ioos:sensor:GOA_RUNOFF_DISCHARGE:q,58.069320239858385,-154.46915010358515,1988-06-01T00:00:00Z,0.0031862653997364065
urn:ioos:station:GOA_RUNOFF_DISCHARGE,urn:ioos:sensor:GOA_RUNOFF_DISCHARGE:q,58.069320239858385,-154.46915010358515,1988-06-02T00:00:00Z,0.002255224276672406
urn:ioos:station:GOA_RUNOFF_DISCHARGE,urn:ioos:sensor:GOA_RUNOFF_DISCHARGE:q,58.069320239858385,-154.46915010358515,1988-06-03T00:00:00Z,0.001596237788194438
urn:ioos:station:GOA_RUNOFF_DISCHARGE,urn:ioos:sensor:GOA_RUNOFF_DISCHARGE:q,58.069320239858385,-154.46915010358515,1988-06-04T00:00:00Z,0.001129810071684096
urn:ioos:station:GOA_RUNOFF_DISCHARGE,urn:ioos:sensor:GOA_RUNOFF_DISCHARGE:q,58.069320239858385,-154.46915010358515,1988-06-05T00:00:00Z,7.996745216365551E-4
urn:ioos:station:GOA_RUNOFF_DISCHARGE,urn:ioos:sensor:GOA_RUNOFF_DISCHARGE:q,58.069320239858385,-154.46915010358515,1988-06-06T00:00:00Z,0.8728364830205492
urn:ioos:station:GOA_RUNOFF_DISCHARGE,urn:ioos:sensor:GOA_RUNOFF_DISCHARGE:q,58.069320239858385,-154.46915010358515,1988-06-07T00:00:00Z,1.4847898033065132
urn:ioos:station:GOA_RUNOFF_DISCHARGE,urn:ioos:sensor:GOA_RUNOFF_DISCHARGE:q,58.069320239858385,-154.46915010358515,1988-06-08T00:00:00Z,1.094109887728835
urn:ioos:station:GOA_RUNOFF_DISCHARGE,urn:ioos:sensor:GOA_RUNOFF_DISCHARGE:q,58.069320239858385,-154.46915010358515,1988-06-09T00:00:00Z,0.7787182904152954
urn:ioos:station:GOA_RUNOFF_DISCHARGE,urn:ioos:sensor:GOA_RUNOFF_DISCHARGE:q,58.069320239858385,-154.46915010358515,1988-06-10T00:00:00Z,0.5516039680237385
urn:ioos:station:GOA_RUNOFF_DISCHARGE,urn:ioos:sensor:GOA_RUNOFF_DISCHARGE:q,58.069320239858385,-154.46915010358515,1988-06-11T00:00:00Z,0.5138351911584145
urn:ioos:station:GOA_RUNOFF_DISCHARGE,urn:ioos:sensor:GOA_RUNOFF_DISCHARGE:q,58.069320239858385,-154.46915010358515,1988-06-12T00:00:00Z,0.3695305858651385
urn:ioos:station:GOA_RUNOFF_DISCHARGE,urn:ioos:sensor:GOA_RUNOFF_DISCHARGE:q,58.069320239858385,-154.46915010358515,1988-06-13T00:00:00Z,0.26213532592816546
urn:ioos:station:GOA_RUNOFF_DISCHARGE,urn:ioos:sensor:GOA_RUNOFF_DISCHARGE:q,58.069320239858385,-154.46915010358515,1988-06-14T00:00:00Z,0.18559645604841718
urn:ioos:station:GOA_RUNOFF_DISCHARGE,urn:ioos:sensor:GOA_RUNOFF_DISCHARGE:q,58.069320239858385,-154.46915010358515,1988-06-15T00:00:00Z,0.13137017094931475
urn:ioos:station:GOA_RUNOFF_DISCHARGE,urn:ioos:sensor:GOA_RUNOFF_DISCHARGE:q,58.069320239858385,-154.46915010358515,1988-06-16T00:00:00Z,0.09298379793855452
urn:ioos:station:GOA_RUNOFF_DISCHARGE,urn:ioos:sensor:GOA_RUNOFF_DISCHARGE:q,58.069320239858385,-154.46915010358515,1988-06-17T00:00:00Z,0.06581357592844282
urn:ioos:station:GOA_RUNOFF_DISCHARGE,urn:ioos:sensor:GOA_RUNOFF_DISCHARGE:q,58.069320239858385,-154.46915010358515,1988-06-18T00:00:00Z,0.04658255845244347
urn:ioos:station:GOA_RUNOFF_DISCHARGE,urn:ioos:sensor:GOA_RUNOFF_DISCHARGE:q,58.069320239858385,-154.46915010358515,1988-06-19T00:00:00Z,0.032970930411906844
urn:ioos:station:GOA_RUNOFF_DISCHARGE,urn:ioos:sensor:GOA_RUNOFF_DISCHARGE:q,58.069320239858385,-154.46915010358515,1988-06-20T00:00:00Z,0.0233366788576658
urn:ioos:station:GOA_RUNOFF_DISCHARGE,urn:ioos:sensor:GOA_RUNOFF_DISCHARGE:q,58.069320239858385,-154.46915010358515,1988-06-21T00:00:00Z,0.01651759706952844
urn:ioos:station:GOA_RUNOFF_DISCHARGE,urn:ioos:sensor:GOA_RUNOFF_DISCHARGE:q,58.069320239858385,-154.46915010358515,1988-06-22T00:00:00Z,0.011691082411821992
urn:ioos:station:GOA_RUNOFF_DISCHARGE,urn:ioos:sensor:GOA_RUNOFF_DISCHARGE:q,58.069320239858385,-154.46915010358515,1988-06-23T00:00:00Z,0.008274895814209952
urn:ioos:station:GOA_RUNOFF_DISCHARGE,urn:ioos:sensor:GOA_RUNOFF_DISCHARGE:q,58.069320239858385,-154.46915010358515,1988-06-24T00:00:00Z,0.0058569342810390725
urn:ioos:station:GOA_RUNOFF_DISCHARGE,urn:ioos:sensor:GOA_RUNOFF_DISCHARGE:q,58.069320239858385,-154.46915010358515,1988-06-25T00:00:00Z,0.0041455124776049726
urn:ioos:station:GOA_RUNOFF_DISCHARGE,urn:ioos:sensor:GOA_RUNOFF_DISCHARGE:q,58.069320239858385,-154.46915010358515,1988-06-26T00:00:00Z,0.002934175240744395
urn:ioos:station:GOA_RUNOFF_DISCHARGE,urn:ioos:sensor:GOA_RUNOFF_DISCHARGE:q,58.069320239858385,-154.46915010358515,1988-06-27T00:00:00Z,0.002076796232493031
urn:ioos:station:GOA_RUNOFF_DISCHARGE,urn:ioos:sensor:GOA_RUNOFF_DISCHARGE:q,58.069320239858385,-154.46915010358515,1988-06-28T00:00:00Z,0.0014699471948670187
urn:ioos:station:GOA_RUNOFF_DISCHARGE,urn:ioos:sensor:GOA_RUNOFF_DISCHARGE:q,58.069320239858385,-154.46915010358515,1988-06-29T00:00:00Z,0.0010404220957860703
urn:ioos:station:GOA_RUNOFF_DISCHARGE,urn:ioos:sensor:GOA_RUNOFF_DISCHARGE:q,58.069320239858385,-154.46915010358515,1988-06-30T00:00:00Z,7.364060826351113E-4
urn:ioos:station:GOA_RUNOFF_DISCHARGE,urn:ioos:sensor:GOA_RUNOFF_DISCHARGE:q,58.069320239858385,-154.46915010358515,1988-07-01T00:00:00Z,5.212249647729494E-4
urn:ioos:station:GOA_RUNOFF_DISCHARGE,urn:ioos:sensor:GOA_RUNOFF_DISCHARGE:q,58.069320239858385,-154.46915010358515,1988-07-02T00:00:00Z,3.6892072925095916E-4
urn:ioos:station:GOA_RUNOFF_DISCHARGE,urn:ioos:sensor:GOA_RUNOFF_DISCHARGE:q,58.069320239858385,-154.46915010358515,1988-07-03T00:00:00Z,2.611204525592535E-4
urn:ioos:station:GOA_RUNOFF_DISCHARGE,urn:ioos:sensor:GOA_RUNOFF_DISCHARGE:q,58.069320239858385,-154.46915010358515,1988-07-04T00:00:00Z,1.8481988308072917E-4
urn:ioos:station:GOA_RUNOFF_DISCHARGE,urn:ioos:sensor:GOA_RUNOFF_DISCHARGE:q,58.069320239858385,-154.46915010358515,1988-07-05T00:00:00Z,1.3081469314355033E-4
urn:ioos:station:GOA_RUNOFF_DISCHARGE,urn:ioos:sensor:GOA_RUNOFF_DISCHARGE:q,58.069320239858385,-154.46915010358515,1988-07-06T00:00:00Z,9.259006210114E-5
urn:ioos:station:GOA_RUNOFF_DISCHARGE,urn:ioos:sensor:GOA_RUNOFF_DISCHARGE:q,58.069320239858385,-154.46915010358515,1988-07-07T00:00:00Z,0.883891513224682
urn:ioos:station:GOA_RUNOFF_DISCHARGE,urn:ioos:sensor:GOA_RUNOFF_DISCHARGE:q,58.069320239858385,-154.46915010358515,1988-07-08T00:00:00Z,0.6674242286959999
urn:ioos:station:GOA_RUNOFF_DISCHARGE,urn:ioos:sensor:GOA_RUNOFF_DISCHARGE:q,58.069320239858385,-154.46915010358515,1988-07-09T00:00:00Z,0.4765749164767411
urn:ioos:station:GOA_RUNOFF_DISCHARGE,urn:ioos:sensor:GOA_RUNOFF_DISCHARGE:q,58.069320239858385,-154.46915010358515,1988-07-10T00:00:00Z,0.33773451429384094
urn:ioos:station:GOA_RUNOFF_DISCHARGE,urn:ioos:sensor:GOA_RUNOFF_DISCHARGE:q,58.069320239858385,-154.46915010358515,1988-07-11T00:00:00Z,0.23908860982568989
urn:ioos:station:GOA_RUNOFF_DISCHARGE,urn:ioos:sensor:GOA_RUNOFF_DISCHARGE:q,58.069320239858385,-154.46915010358515,1988-07-12T00:00:00Z,0.16923002663697062
urn:ioos:station:GOA_RUNOFF_DISCHARGE,urn:ioos:sensor:GOA_RUNOFF_DISCHARGE:q,58.069320239858385,-154.46915010358515,1988-07-13T00:00:00Z,0.11978068064493837
urn:ioos:station:GOA_RUNOFF_DISCHARGE,urn:ioos:sensor:GOA_RUNOFF_DISCHARGE:q,58.069320239858385,-154.46915010358515,1988-07-14T00:00:00Z,0.08478028228380735
urn:ioos:station:GOA_RUNOFF_DISCHARGE,urn:ioos:sensor:GOA_RUNOFF_DISCHARGE:q,58.069320239858385,-154.46915010358515,1988-07-15T00:00:00Z,0.06000710572428701
urn:ioos:station:GOA_RUNOFF_DISCHARGE,urn:ioos:sensor:GOA_RUNOFF_DISCHARGE:q,58.069320239858385,-154.46915010358515,1988-07-16T00:00:00Z,0.042472763291059826
urn:ioos:station:GOA_RUNOFF_DISCHARGE,urn:ioos:sensor:GOA_RUNOFF_DISCHARGE:q,58.069320239858385,-154.46915010358515,1988-07-17T00:00:00Z,0.030062036286675562
urn:ioos:station:GOA_RUNOFF_DISCHARGE,urn:ioos:sensor:GOA_RUNOFF_DISCHARGE:q,58.069320239858385,-154.46915010358515,1988-07-18T00:00:00Z,0.021277774943473816
urn:ioos:station:GOA_RUNOFF_DISCHARGE,urn:ioos:sensor:GOA_RUNOFF_DISCHARGE:q,58.069320239858385,-154.46915010358515,1988-07-19T00:00:00Z,0.015060315356375746
urn:ioos:station:GOA_RUNOFF_DISCHARGE,urn:ioos:sensor:GOA_RUNOFF_DISCHARGE:q,58.069320239858385,-154.46915010358515,1988-07-20T00:00:00Z,0.010659624204599703
urn:ioos:station:GOA_RUNOFF_DISCHARGE,urn:ioos:sensor:GOA_RUNOFF_DISCHARGE:q,58.069320239858385,-154.46915010358515,1988-07-21T00:00:00Z,0.007544834548988861
urn:ioos:station:GOA_RUNOFF_DISCHARGE,urn:ioos:sensor:GOA_RUNOFF_DISCHARGE:q,58.069320239858385,-154.46915010358515,1988-07-22T00:00:00Z,0.005340199996780634
urn:ioos:station:GOA_RUNOFF_DISCHARGE,urn:ioos:sensor:GOA_RUNOFF_DISCHARGE:q,58.069320239858385,-154.46915010358515,1988-07-23T00:00:00Z,0.0037797703559319627
urn:ioos:station:GOA_RUNOFF_DISCHARGE,urn:ioos:sensor:GOA_RUNOFF_DISCHARGE:q,58.069320239858385,-154.46915010358515,1988-07-24T00:00:00Z,0.0026753044804994556
urn:ioos:station:GOA_RUNOFF_DISCHARGE,urn:ioos:sensor:GOA_RUNOFF_DISCHARGE:q,58.069320239858385,-154.46915010358515,1988-07-25T00:00:00Z,0.0018935686562812394
urn:ioos:station:GOA_RUNOFF_DISCHARGE,urn:ioos:sensor:GOA_RUNOFF_DISCHARGE:q,58.069320239858385,-154.46915010358515,1988-07-26T00:00:00Z,0.0013402594917906526
urn:ioos:station:GOA_RUNOFF_DISCHARGE,urn:ioos:sensor:GOA_RUNOFF_DISCHARGE:q,58.069320239858385,-154.46915010358515,1988-07-27T00:00:00Z,9.486297288075086E-4
urn:ioos:station:GOA_RUNOFF_DISCHARGE,urn:ioos:sensor:GOA_RUNOFF_DISCHARGE:q,58.069320239858385,-154.46915010358515,1988-07-28T00:00:00Z,6.714358769089663E-4
urn:ioos:station:GOA_RUNOFF_DISCHARGE,urn:ioos:sensor:GOA_RUNOFF_DISCHARGE:q,58.069320239858385,-154.46915010358515,1988-07-29T00:00:00Z,4.752393633733263E-4
urn:ioos:station:GOA_RUNOFF_DISCHARGE,urn:ioos:sensor:GOA_RUNOFF_DISCHARGE:q,58.069320239858385,-154.46915010358515,1988-07-30T00:00:00Z,3.3637232081989657E-4
urn:ioos:station:GOA_RUNOFF_DISCHARGE,urn:ioos:sensor:GOA_RUNOFF_DISCHARGE:q,58.069320239858385,-154.46915010358515,1988-07-31T00:00:00Z,2.3808281443026178E-4
urn:ioos:station:GOA_RUNOFF_DISCHARGE,urn:ioos:sensor:GOA_RUNOFF_DISCHARGE:q,58.069320239858385,-154.46915010358515,1988-08-01T00:00:00Z,1.6851396184419827E-4
urn:ioos:station:GOA_RUNOFF_DISCHARGE,urn:ioos:sensor:GOA_RUNOFF_DISCHARGE:q,58.069320239858385,-154.46915010358515,1988-08-02T00:00:00Z,0.6955498821059095
urn:ioos:station:GOA_RUNOFF_DISCHARGE,urn:ioos:sensor:GOA_RUNOFF_DISCHARGE:q,58.069320239858385,-154.46915010358515,1988-08-03T00:00:00Z,0.7185438765862138
urn:ioos:station:GOA_RUNOFF_DISCHARGE,urn:ioos:sensor:GOA_RUNOFF_DISCHARGE:q,58.069320239858385,-154.46915010358515,1988-08-04T00:00:00Z,0.5210132252168432
urn:ioos:station:GOA_RUNOFF_DISCHARGE,urn:ioos:sensor:GOA_RUNOFF_DISCHARGE:q,58.069320239858385,-154.46915010358515,1988-08-05T00:00:00Z,0.3700122174528352
urn:ioos:station:GOA_RUNOFF_DISCHARGE,urn:ioos:sensor:GOA_RUNOFF_DISCHARGE:q,58.069320239858385,-154.46915010358515,1988-08-06T00:00:00Z,0.41818790706345876
urn:ioos:station:GOA_RUNOFF_DISCHARGE,urn:ioos:sensor:GOA_RUNOFF_DISCHARGE:q,58.069320239858385,-154.46915010358515,1988-08-07T00:00:00Z,0.3033916561892673
urn:ioos:station:GOA_RUNOFF_DISCHARGE,urn:ioos:sensor:GOA_RUNOFF_DISCHARGE:q,58.069320239858385,-154.46915010358515,1988-08-08T00:00:00Z,0.2154782032164174
urn:ioos:station:GOA_RUNOFF_DISCHARGE,urn:ioos:sensor:GOA_RUNOFF_DISCHARGE:q,58.069320239858385,-154.46915010358515,1988-08-09T00:00:00Z,0.152588313396719
urn:ioos:station:GOA_RUNOFF_DISCHARGE,urn:ioos:sensor:GOA_RUNOFF_DISCHARGE:q,58.069320239858385,-154.46915010358515,1988-08-10T00:00:00Z,0.10800871202477136
urn:ioos:station:GOA_RUNOFF_DISCHARGE,urn:ioos:sensor:GOA_RUNOFF_DISCHARGE:q,58.069320239858385,-154.46915010358515,1988-08-11T00:00:00Z,0.9683301080894384
urn:ioos:station:GOA_RUNOFF_DISCHARGE,urn:ioos:sensor:GOA_RUNOFF_DISCHARGE:q,58.069320239858385,-154.46915010358515,1988-08-12T00:00:00Z,0.7275705550233135
urn:ioos:station:GOA_RUNOFF_DISCHARGE,urn:ioos:sensor:GOA_RUNOFF_DISCHARGE:q,58.069320239858385,-154.46915010358515,1988-08-13T00:00:00Z,0.519184314445972
urn:ioos:station:GOA_RUNOFF_DISCHARGE,urn:ioos:sensor:GOA_RUNOFF_DISCHARGE:q,58.069320239858385,-154.46915010358515,1988-08-14T00:00:00Z,0.36789707070083005
urn:ioos:station:GOA_RUNOFF_DISCHARGE,urn:ioos:sensor:GOA_RUNOFF_DISCHARGE:q,58.069320239858385,-154.46915010358515,1988-08-15T00:00:00Z,0.26043795609795206
urn:ioos:station:GOA_RUNOFF_DISCHARGE,urn:ioos:sensor:GOA_RUNOFF_DISCHARGE:q,58.069320239858385,-154.46915010358515,1988-08-16T00:00:00Z,0.18434100392020367
urn:ioos:station:GOA_RUNOFF_DISCHARGE,urn:ioos:sensor:GOA_RUNOFF_DISCHARGE:q,58.069320239858385,-154.46915010358515,1988-08-17T00:00:00Z,0.8385949898813732
urn:ioos:station:GOA_RUNOFF_DISCHARGE,urn:ioos:sensor:GOA_RUNOFF_DISCHARGE:q,58.069320239858385,-154.46915010358515,1988-08-18T00:00:00Z,4.836754106122558
urn:ioos:station:GOA_RUNOFF_DISCHARGE,urn:ioos:sensor:GOA_RUNOFF_DISCHARGE:q,58.069320239858385,-154.46915010358515,1988-08-19T00:00:00Z,3.625919402029272
urn:ioos:station:GOA_RUNOFF_DISCHARGE,urn:ioos:sensor:GOA_RUNOFF_DISCHARGE:q,58.069320239858385,-154.46915010358515,1988-08-20T00:00:00Z,2.586629739882626
urn:ioos:station:GOA_RUNOFF_DISCHARGE,urn:ioos:sensor:GOA_RUNOFF_DISCHARGE:q,58.069320239858385,-154.46915010358515,1988-08-21T00:00:00Z,1.9158890152811248
urn:ioos:station:GOA_RUNOFF_DISCHARGE,urn:ioos:sensor:GOA_RUNOFF_DISCHARGE:q,58.069320239858385,-154.46915010358515,1988-08-22T00:00:00Z,1.3601889093970674
urn:ioos:station:GOA_RUNOFF_DISCHARGE,urn:ioos:sensor:GOA_RUNOFF_DISCHARGE:q,58.069320239858385,-154.46915010358515,1988-08-23T00:00:00Z,0.9631481942386365
urn:ioos:station:GOA_RUNOFF_DISCHARGE,urn:ioos:sensor:GOA_RUNOFF_DISCHARGE:q,58.069320239858385,-154.46915010358515,1988-08-24T00:00:00Z,0.6817531959914793
urn:ioos:station:GOA_RUNOFF_DISCHARGE,urn:ioos:sensor:GOA_RUNOFF_DISCHARGE:q,58.069320239858385,-154.46915010358515,1988-08-25T00:00:00Z,0.48254597730345083
urn:ioos:station:GOA_RUNOFF_DISCHARGE,urn:ioos:sensor:GOA_RUNOFF_DISCHARGE:q,58.069320239858385,-154.46915010358515,1988-08-26T00:00:00Z,2.3696021524498194
urn:ioos:station:GOA_RUNOFF_DISCHARGE,urn:ioos:sensor:GOA_RUNOFF_DISCHARGE:q,58.069320239858385,-154.46915010358515,1988-08-27T00:00:00Z,2.1234311836741826
urn:ioos:station:GOA_RUNOFF_DISCHARGE,urn:ioos:sensor:GOA_RUNOFF_DISCHARGE:q,58.069320239858385,-154.46915010358515,1988-08-28T00:00:00Z,1.5291066188012623
urn:ioos:station:GOA_RUNOFF_DISCHARGE,urn:ioos:sensor:GOA_RUNOFF_DISCHARGE:q,58.069320239858385,-154.46915010358515,1988-08-29T00:00:00Z,1.782030033493782
urn:ioos:station:GOA_RUNOFF_DISCHARGE,urn:ioos:sensor:GOA_RUNOFF_DISCHARGE:q,58.069320239858385,-154.46915010358515,1988-08-30T00:00:00Z,1.5960776160500054
urn:ioos:station:GOA_RUNOFF_DISCHARGE,urn:ioos:sensor:GOA_RUNOFF_DISCHARGE:q,58.069320239858385,-154.46915010358515,1988-08-31T00:00:00Z,1.1472795943546616
urn:ioos:station:GOA_RUNOFF_DISCHARGE,urn:ioos:sensor:GOA_RUNOFF_DISCHARGE:q,58.069320239858385,-154.46915010358515,1988-09-01T00:00:00Z,0.7066802946918369
urn:ioos:station:GOA_RUNOFF_DISCHARGE,urn:ioos:sensor:GOA_RUNOFF_DISCHARGE:q,58.069320239858385,-154.46915010358515,1988-09-02T00:00:00Z,1.9637594588684342
urn:ioos:station:GOA_RUNOFF_DISCHARGE,urn:ioos:sensor:GOA_RUNOFF_DISCHARGE:q,58.069320239858385,-154.46915010358515,1988-09-03T00:00:00Z,1.4591751857104158
urn:ioos:station:GOA_RUNOFF_DISCHARGE,urn:ioos:sensor:GOA_RUNOFF_DISCHARGE:q,58.069320239858385,-154.46915010358515,1988-09-04T00:00:00Z,1.0397113693453246
urn:ioos:station:GOA_RUNOFF_DISCHARGE,urn:ioos:sensor:GOA_RUNOFF_DISCHARGE:q,58.069320239858385,-154.46915010358515,1988-09-05T00:00:00Z,0.7365935498536238
urn:ioos:station:GOA_RUNOFF_DISCHARGE,urn:ioos:sensor:GOA_RUNOFF_DISCHARGE:q,58.069320239858385,-154.46915010358515,1988-09-06T00:00:00Z,0.5454816162038981
urn:ioos:station:GOA_RUNOFF_DISCHARGE,urn:ioos:sensor:GOA_RUNOFF_DISCHARGE:q,58.069320239858385,-154.46915010358515,1988-09-07T00:00:00Z,0.3872342632091281
urn:ioos:station:GOA_RUNOFF_DISCHARGE,urn:ioos:sensor:GOA_RUNOFF_DISCHARGE:q,58.069320239858385,-154.46915010358515,1988-09-08T00:00:00Z,0.2741970332448508
urn:ioos:station:GOA_RUNOFF_DISCHARGE,urn:ioos:sensor:GOA_RUNOFF_DISCHARGE:q,58.069320239858385,-154.46915010358515,1988-09-09T00:00:00Z,0.47375208965969434
urn:ioos:station:GOA_RUNOFF_DISCHARGE,urn:ioos:sensor:GOA_RUNOFF_DISCHARGE:q,58.069320239858385,-154.46915010358515,1988-09-10T00:00:00Z,5.446338406792175
urn:ioos:station:GOA_RUNOFF_DISCHARGE,urn:ioos:sensor:GOA_RUNOFF_DISCHARGE:q,58.069320239858385,-154.46915010358515,1988-09-11T00:00:00Z,6.946055237267882
urn:ioos:station:GOA_RUNOFF_DISCHARGE,urn:ioos:sensor:GOA_RUNOFF_DISCHARGE:q,58.069320239858385,-154.46915010358515,1988-09-12T00:00:00Z,5.075358683438269
urn:ioos:station:GOA_RUNOFF_DISCHARGE,urn:ioos:sensor:GOA_RUNOFF_DISCHARGE:q,58.069320239858385,-154.46915010358515,1988-09-13T00:00:00Z,3.60819072878207
urn:ioos:station:GOA_RUNOFF_DISCHARGE,urn:ioos:sensor:GOA_RUNOFF_DISCHARGE:q,58.069320239858385,-154.46915010358515,1988-09-14T00:00:00Z,2.5554466928376245
urn:ioos:station:GOA_RUNOFF_DISCHARGE,urn:ioos:sensor:GOA_RUNOFF_DISCHARGE:q,58.069320239858385,-154.46915010358515,1988-09-15T00:00:00Z,2.26306540312017
urn:ioos:station:GOA_RUNOFF_DISCHARGE,urn:ioos:sensor:GOA_RUNOFF_DISCHARGE:q,58.069320239858385,-154.46915010358515,1988-09-16T00:00:00Z,4.858426343552442
urn:ioos:station:GOA_RUNOFF_DISCHARGE,urn:ioos:sensor:GOA_RUNOFF_DISCHARGE:q,58.069320239858385,-154.46915010358515,1988-09-17T00:00:00Z,4.726440607374827
urn:ioos:station:GOA_RUNOFF_DISCHARGE,urn:ioos:sensor:GOA_RUNOFF_DISCHARGE:q,58.069320239858385,-154.46915010358515,1988-09-18T00:00:00Z,3.4144224870757798
urn:ioos:station:GOA_RUNOFF_DISCHARGE,urn:ioos:sensor:GOA_RUNOFF_DISCHARGE:q,58.069320239858385,-154.46915010358515,1988-09-19T00:00:00Z,5.7998578339649525
urn:ioos:station:GOA_RUNOFF_DISCHARGE,urn:ioos:sensor:GOA_RUNOFF_DISCHARGE:q,58.069320239858385,-154.46915010358515,1988-09-20T00:00:00Z,4.698795664650917
urn:ioos:station:GOA_RUNOFF_DISCHARGE,urn:ioos:sensor:GOA_RUNOFF_DISCHARGE:q,58.069320239858385,-154.46915010358515,1988-09-21T00:00:00Z,3.362300503466729
urn:ioos:station:GOA_RUNOFF_DISCHARGE,urn:ioos:sensor:GOA_RUNOFF_DISCHARGE:q,58.069320239858385,-154.46915010358515,1988-09-22T00:00:00Z,2.383467774634163
urn:ioos:station:GOA_RUNOFF_DISCHARGE,urn:ioos:sensor:GOA_RUNOFF_DISCHARGE:q,58.069320239858385,-154.46915010358515,1988-09-23T00:00:00Z,1.6873718636004371
urn:ioos:station:GOA_RUNOFF_DISCHARGE,urn:ioos:sensor:GOA_RUNOFF_DISCHARGE:q,58.069320239858385,-154.46915010358515,1988-09-24T00:00:00Z,1.1943506952687
urn:ioos:station:GOA_RUNOFF_DISCHARGE,urn:ioos:sensor:GOA_RUNOFF_DISCHARGE:q,58.069320239858385,-154.46915010358515,1988-09-25T00:00:00Z,0.8453598021924773
urn:ioos:station:GOA_RUNOFF_DISCHARGE,urn:ioos:sensor:GOA_RUNOFF_DISCHARGE:q,58.069320239858385,-154.46915010358515,1988-09-26T00:00:00Z,0.5983423274209284
urn:ioos:station:GOA_RUNOFF_DISCHARGE,urn:ioos:sensor:GOA_RUNOFF_DISCHARGE:q,58.069320239858385,-154.46915010358515,1988-09-27T00:00:00Z,0.42350404233664457
urn:ioos:station:GOA_RUNOFF_DISCHARGE,urn:ioos:sensor:GOA_RUNOFF_DISCHARGE:q,58.069320239858385,-154.46915010358515,1988-09-28T00:00:00Z,0.2997542589315974
urn:ioos:station:GOA_RUNOFF_DISCHARGE,urn:ioos:sensor:GOA_RUNOFF_DISCHARGE:q,58.069320239858385,-154.46915010358515,1988-09-29T00:00:00Z,0.2121647495754519
urn:ioos:station:GOA_RUNOFF_DISCHARGE,urn:ioos:sensor:GOA_RUNOFF_DISCHARGE:q,58.069320239858385,-154.46915010358515,1988-09-30T00:00:00Z,0.15016926908459932
urn:ioos:station:GOA_RUNOFF_DISCHARGE,urn:ioos:sensor:GOA_RUNOFF_DISCHARGE:q,58.069320239858385,-154.46915010358515,1988-10-01T00:00:00Z,0.10628913366344674
urn:ioos:station:GOA_RUNOFF_DISCHARGE,urn:ioos:sensor:GOA_RUNOFF_DISCHARGE:q,58.069320239858385,-154.46915010358515,1988-10-02T00:00:00Z,2.902236170406411
urn:ioos:station:GOA_RUNOFF_DISCHARGE,urn:ioos:sensor:GOA_RUNOFF_DISCHARGE:q,58.069320239858385,-154.46915010358515,1988-10-03T00:00:00Z,3.2031713213180857
urn:ioos:station:GOA_RUNOFF_DISCHARGE,urn:ioos:sensor:GOA_RUNOFF_DISCHARGE:q,58.069320239858385,-154.46915010358515,1988-10-04T00:00:00Z,2.3285715088832526
urn:ioos:station:GOA_RUNOFF_DISCHARGE,urn:ioos:sensor:GOA_RUNOFF_DISCHARGE:q,58.069320239858385,-154.46915010358515,1988-10-05T00:00:00Z,1.6542821553698337
urn:ioos:station:GOA_RUNOFF_DISCHARGE,urn:ioos:sensor:GOA_RUNOFF_DISCHARGE:q,58.069320239858385,-154.46915010358515,1988-10-06T00:00:00Z,1.1715054921912051
urn:ioos:station:GOA_RUNOFF_DISCHARGE,urn:ioos:sensor:GOA_RUNOFF_DISCHARGE:q,58.069320239858385,-154.46915010358515,1988-10-07T00:00:00Z,2.2268510754305706
urn:ioos:station:GOA_RUNOFF_DISCHARGE,urn:ioos:sensor:GOA_RUNOFF_DISCHARGE:q,58.069320239858385,-154.46915010358515,1988-10-08T00:00:00Z,1.6498876124702377
urn:ioos:station:GOA_RUNOFF_DISCHARGE,urn:ioos:sensor:GOA_RUNOFF_DISCHARGE:q,58.069320239858385,-154.46915010358515,1988-10-09T00:00:00Z,1.1747458821492924
urn:ioos:station:GOA_RUNOFF_DISCHARGE,urn:ioos:sensor:GOA_RUNOFF_DISCHARGE:q,58.069320239858385,-154.46915010358515,1988-10-10T00:00:00Z,0.8598050004378966
urn:ioos:station:GOA_RUNOFF_DISCHARGE,urn:ioos:sensor:GOA_RUNOFF_DISCHARGE:q,58.069320239858385,-154.46915010358515,1988-10-11T00:00:00Z,0.9082481133235517
urn:ioos:station:GOA_RUNOFF_DISCHARGE,urn:ioos:sensor:GOA_RUNOFF_DISCHARGE:q,58.069320239858385,-154.46915010358515,1988-10-12T00:00:00Z,1.1654667450897425
urn:ioos:station:GOA_RUNOFF_DISCHARGE,urn:ioos:sensor:GOA_RUNOFF_DISCHARGE:q,58.069320239858385,-154.46915010358515,1988-10-13T00:00:00Z,0.8503833209513406
urn:ioos:station:GOA_RUNOFF_DISCHARGE,urn:ioos:sensor:GOA_RUNOFF_DISCHARGE:q,58.069320239858385,-154.46915010358515,1988-10-14T00:00:00Z,0.6044410646901018
urn:ioos:station:GOA_RUNOFF_DISCHARGE,urn:ioos:sensor:GOA_RUNOFF_DISCHARGE:q,58.069320239858385,-154.46915010358515,1988-10-15T00:00:00Z,0.4280747076858524
urn:ioos:station:GOA_RUNOFF_DISCHARGE,urn:ioos:sensor:GOA_RUNOFF_DISCHARGE:q,58.069320239858385,-154.46915010358515,1988-10-16T00:00:00Z,0.303014744280294
urn:ioos:station:GOA_RUNOFF_DISCHARGE,urn:ioos:sensor:GOA_RUNOFF_DISCHARGE:q,58.069320239858385,-154.46915010358515,1988-10-17T00:00:00Z,0.9643037285326912
urn:ioos:station:GOA_RUNOFF_DISCHARGE,urn:ioos:sensor:GOA_RUNOFF_DISCHARGE:q,58.069320239858385,-154.46915010358515,1988-10-18T00:00:00Z,3.0007292380821537
urn:ioos:station:GOA_RUNOFF_DISCHARGE,urn:ioos:sensor:GOA_RUNOFF_DISCHARGE:q,58.069320239858385,-154.46915010358515,1988-10-19T00:00:00Z,5.364688104930815
urn:ioos:station:GOA_RUNOFF_DISCHARGE,urn:ioos:sensor:GOA_RUNOFF_DISCHARGE:q,58.069320239858385,-154.46915010358515,1988-10-20T00:00:00Z,4.0252223779858545
urn:ioos:station:GOA_RUNOFF_DISCHARGE,urn:ioos:sensor:GOA_RUNOFF_DISCHARGE:q,58.069320239858385,-154.46915010358515,1988-10-21T00:00:00Z,2.8681904346566074
urn:ioos:station:GOA_RUNOFF_DISCHARGE,urn:ioos:sensor:GOA_RUNOFF_DISCHARGE:q,58.069320239858385,-154.46915010358515,1988-10-22T00:00:00Z,2.103296983636203
urn:ioos:station:GOA_RUNOFF_DISCHARGE,urn:ioos:sensor:GOA_RUNOFF_DISCHARGE:q,58.069320239858385,-154.46915010358515,1988-10-23T00:00:00Z,1.492267919760882
urn:ioos:station:GOA_RUNOFF_DISCHARGE,urn:ioos:sensor:GOA_RUNOFF_DISCHARGE:q,58.069320239858385,-154.46915010358515,1988-10-24T00:00:00Z,1.056576434136522
urn:ioos:station:GOA_RUNOFF_DISCHARGE,urn:ioos:sensor:GOA_RUNOFF_DISCHARGE:q,58.069320239858385,-154.46915010358515,1988-10-25T00:00:00Z,0.7478757138835305
urn:ioos:station:GOA_RUNOFF_DISCHARGE,urn:ioos:sensor:GOA_RUNOFF_DISCHARGE:q,58.069320239858385,-154.46915010358515,1988-10-26T00:00:00Z,2.1791953334961214
urn:ioos:station:GOA_RUNOFF_DISCHARGE,urn:ioos:sensor:GOA_RUNOFF_DISCHARGE:q,58.069320239858385,-154.46915010358515,1988-10-27T00:00:00Z,2.2406556549881205
urn:ioos:station:GOA_RUNOFF_DISCHARGE,urn:ioos:sensor:GOA_RUNOFF_DISCHARGE:q,58.069320239858385,-154.46915010358515,1988-10-28T00:00:00Z,2.780457708641856
urn:ioos:station:GOA_RUNOFF_DISCHARGE,urn:ioos:sensor:GOA_RUNOFF_DISCHARGE:q,58.069320239858385,-154.46915010358515,1988-10-29T00:00:00Z,6.923974645713931
urn:ioos:station:GOA_RUNOFF_DISCHARGE,urn:ioos:sensor:GOA_RUNOFF_DISCHARGE:q,58.069320239858385,-154.46915010358515,1988-10-30T00:00:00Z,5.1382746873989555
urn:ioos:station:GOA_RUNOFF_DISCHARGE,urn:ioos:sensor:GOA_RUNOFF_DISCHARGE:q,58.069320239858385,-154.46915010358515,1988-10-31T00:00:00Z,3.7248987058011984
urn:ioos:station:GOA_RUNOFF_DISCHARGE,urn:ioos:sensor:GOA_RUNOFF_DISCHARGE:q,58.069320239858385,-154.46915010358515,1988-11-01T00:00:00Z,3.1593608701994755
urn:ioos:station:GOA_RUNOFF_DISCHARGE,urn:ioos:sensor:GOA_RUNOFF_DISCHARGE:q,58.069320239858385,-154.46915010358515,1988-11-02T00:00:00Z,2.2833552355449958
urn:ioos:station:GOA_RUNOFF_DISCHARGE,urn:ioos:sensor:GOA_RUNOFF_DISCHARGE:q,58.069320239858385,-154.46915010358515,1988-11-03T00:00:00Z,1.6196951925367786
urn:ioos:station:GOA_RUNOFF_DISCHARGE,urn:ioos:sensor:GOA_RUNOFF_DISCHARGE:q,58.069320239858385,-154.46915010358515,1988-11-04T00:00:00Z,1.1467671783387974
urn:ioos:station:GOA_RUNOFF_DISCHARGE,urn:ioos:sensor:GOA_RUNOFF_DISCHARGE:q,58.069320239858385,-154.46915010358515,1988-11-05T00:00:00Z,0.7396131207404331
urn:ioos:station:GOA_RUNOFF_DISCHARGE,urn:ioos:sensor:GOA_RUNOFF_DISCHARGE:q,58.069320239858385,-154.46915010358515,1988-11-06T00:00:00Z,1.1316040056629344
urn:ioos:station:GOA_RUNOFF_DISCHARGE,urn:ioos:sensor:GOA_RUNOFF_DISCHARGE:q,58.069320239858385,-154.46915010358515,1988-11-07T00:00:00Z,0.8298681965041353
urn:ioos:station:GOA_RUNOFF_DISCHARGE,urn:ioos:sensor:GOA_RUNOFF_DISCHARGE:q,58.069320239858385,-154.46915010358515,1988-11-08T00:00:00Z,2.1632855726585047
urn:ioos:station:GOA_RUNOFF_DISCHARGE,urn:ioos:sensor:GOA_RUNOFF_DISCHARGE:q,58.069320239858385,-154.46915010358515,1988-11-09T00:00:00Z,8.607557130387294
urn:ioos:station:GOA_RUNOFF_DISCHARGE,urn:ioos:sensor:GOA_RUNOFF_DISCHARGE:q,58.069320239858385,-154.46915010358515,1988-11-10T00:00:00Z,9.635281845904265
urn:ioos:station:GOA_RUNOFF_DISCHARGE,urn:ioos:sensor:GOA_RUNOFF_DISCHARGE:q,58.069320239858385,-154.46915010358515,1988-11-11T00:00:00Z,6.565534972329774
urn:ioos:station:GOA_RUNOFF_DISCHARGE,urn:ioos:sensor:GOA_RUNOFF_DISCHARGE:q,58.069320239858385,-154.46915010358515,1988-11-12T00:00:00Z,4.274855410913861
urn:ioos:station:GOA_RUNOFF_DISCHARGE,urn:ioos:sensor:GOA_RUNOFF_DISCHARGE:q,58.069320239858385,-154.46915010358515,1988-11-13T00:00:00Z,2.775975022294088
urn:ioos:station:GOA_RUNOFF_DISCHARGE,urn:ioos:sensor:GOA_RUNOFF_DISCHARGE:q,58.069320239858385,-154.46915010358515,1988-11-14T00:00:00Z,4.10333352306704
urn:ioos:station:GOA_RUNOFF_DISCHARGE,urn:ioos:sensor:GOA_RUNOFF_DISCHARGE:q,58.069320239858385,-154.46915010358515,1988-11-15T00:00:00Z,2.765379916709073
urn:ioos:station:GOA_RUNOFF_DISCHARGE,urn:ioos:sensor:GOA_RUNOFF_DISCHARGE:q,58.069320239858385,-154.46915010358515,1988-11-16T00:00:00Z,1.7998872383064528
urn:ioos:station:GOA_RUNOFF_DISCHARGE,urn:ioos:sensor:GOA_RUNOFF_DISCHARGE:q,58.069320239858385,-154.46915010358515,1988-11-17T00:00:00Z,1.3818525955969048
urn:ioos:station:GOA_RUNOFF_DISCHARGE,urn:ioos:sensor:GOA_RUNOFF_DISCHARGE:q,58.069320239858385,-154.46915010358515,1988-11-18T00:00:00Z,0.9029341816365702
urn:ioos:station:GOA_RUNOFF_DISCHARGE,urn:ioos:sensor:GOA_RUNOFF_DISCHARGE:q,58.069320239858385,-154.46915010358515,1988-11-19T00:00:00Z,1.448797412925967
urn:ioos:station:GOA_RUNOFF_DISCHARGE,urn:ioos:sensor:GOA_RUNOFF_DISCHARGE:q,58.069320239858385,-154.46915010358515,1988-11-20T00:00:00Z,2.878547421374174
urn:ioos:station:GOA_RUNOFF_DISCHARGE,urn:ioos:sensor:GOA_RUNOFF_DISCHARGE:q,58.069320239858385,-154.46915010358515,1988-11-21T00:00:00Z,1.9225013525826302
urn:ioos:station:GOA_RUNOFF_DISCHARGE,urn:ioos:sensor:GOA_RUNOFF_DISCHARGE:q,58.069320239858385,-154.46915010358515,1988-11-22T00:00:00Z,1.2511216537605765
urn:ioos:station:GOA_RUNOFF_DISCHARGE,urn:ioos:sensor:GOA_RUNOFF_DISCHARGE:q,58.069320239858385,-154.46915010358515,1988-11-23T00:00:00Z,0.8124092158968614
urn:ioos:station:GOA_RUNOFF_DISCHARGE,urn:ioos:sensor:GOA_RUNOFF_DISCHARGE:q,58.069320239858385,-154.46915010358515,1988-11-24T00:00:00Z,0.5274331927316487
urn:ioos:station:GOA_RUNOFF_DISCHARGE,urn:ioos:sensor:GOA_RUNOFF_DISCHARGE:q,58.069320239858385,-154.46915010358515,1988-11-25T00:00:00Z,0.3424151287278391
urn:ioos:station:GOA_RUNOFF_DISCHARGE,urn:ioos:sensor:GOA_RUNOFF_DISCHARGE:q,58.069320239858385,-154.46915010358515,1988-11-26T00:00:00Z,0.22229910830769206
urn:ioos:station:GOA_RUNOFF_DISCHARGE,urn:ioos:sensor:GOA_RUNOFF_DISCHARGE:q,58.069320239858385,-154.46915010358515,1988-11-27T00:00:00Z,0.14431868193350642
urn:ioos:station:GOA_RUNOFF_DISCHARGE,urn:ioos:sensor:GOA_RUNOFF_DISCHARGE:q,58.069320239858385,-154.46915010358515,1988-11-28T00:00:00Z,0.0936930320252104
urn:ioos:station:GOA_RUNOFF_DISCHARGE,urn:ioos:sensor:GOA_RUNOFF_DISCHARGE:q,58.069320239858385,-154.46915010358515,1988-11-29T00:00:00Z,1.3954678640769635
urn:ioos:station:GOA_RUNOFF_DISCHARGE,urn:ioos:sensor:GOA_RUNOFF_DISCHARGE:q,58.069320239858385,-154.46915010358515,1988-11-30T00:00:00Z,0.9423290406739313
urn:ioos:station:GOA_RUNOFF_DISCHARGE,urn:ioos:sensor:GOA_RUNOFF_DISCHARGE:q,58.069320239858385,-154.46915010358515,1988-12-01T00:00:00Z,0.6138109763455301
urn:ioos:station:GOA_RUNOFF_DISCHARGE,urn:ioos:sensor:GOA_RUNOFF_DISCHARGE:q,58.069320239858385,-154.46915010358515,1988-12-02T00:00:00Z,0.3986064782692938
urn:ioos:station:GOA_RUNOFF_DISCHARGE,urn:ioos:sensor:GOA_RUNOFF_DISCHARGE:q,58.069320239858385,-154.46915010358515,1988-12-03T00:00:00Z,0.2587854802254828
urn:ioos:station:GOA_RUNOFF_DISCHARGE,urn:ioos:sensor:GOA_RUNOFF_DISCHARGE:q,58.069320239858385,-154.46915010358515,1988-12-04T00:00:00Z,0.16800632917264138
urn:ioos:station:GOA_RUNOFF_DISCHARGE,urn:ioos:sensor:GOA_RUNOFF_DISCHARGE:q,58.069320239858385,-154.46915010358515,1988-12-05T00:00:00Z,0.10907130924842624
urn:ioos:station:GOA_RUNOFF_DISCHARGE,urn:ioos:sensor:GOA_RUNOFF_DISCHARGE:q,58.069320239858385,-154.46915010358515,1988-12-06T00:00:00Z,0.07081011308980846
urn:ioos:station:GOA_RUNOFF_DISCHARGE,urn:ioos:sensor:GOA_RUNOFF_DISCHARGE:q,58.069320239858385,-154.46915010358515,1988-12-07T00:00:00Z,0.045970590496398386
urn:ioos:station:GOA_RUNOFF_DISCHARGE,urn:ioos:sensor:GOA_RUNOFF_DISCHARGE:q,58.069320239858385,-154.46915010358515,1988-12-08T00:00:00Z,2.4198110285613867
urn:ioos:station:GOA_RUNOFF_DISCHARGE,urn:ioos:sensor:GOA_RUNOFF_DISCHARGE:q,58.069320239858385,-154.46915010358515,1988-12-09T00:00:00Z,5.354831299392277
urn:ioos:station:GOA_RUNOFF_DISCHARGE,urn:ioos:sensor:GOA_RUNOFF_DISCHARGE:q,58.069320239858385,-154.46915010358515,1988-12-10T00:00:00Z,8.82326861773725
urn:ioos:station:GOA_RUNOFF_DISCHARGE,urn:ioos:sensor:GOA_RUNOFF_DISCHARGE:q,58.069320239858385,-154.46915010358515,1988-12-11T00:00:00Z,7.955818686080385
urn:ioos:station:GOA_RUNOFF_DISCHARGE,urn:ioos:sensor:GOA_RUNOFF_DISCHARGE:q,58.069320239858385,-154.46915010358515,1988-12-12T00:00:00Z,5.230008073501622
urn:ioos:station:GOA_RUNOFF_DISCHARGE,urn:ioos:sensor:GOA_RUNOFF_DISCHARGE:q,58.069320239858385,-154.46915010358515,1988-12-13T00:00:00Z,3.399020011516
urn:ioos:station:GOA_RUNOFF_DISCHARGE,urn:ioos:sensor:GOA_RUNOFF_DISCHARGE:q,58.069320239858385,-154.46915010358515,1988-12-14T00:00:00Z,7.419523952319573
urn:ioos:station:GOA_RUNOFF_DISCHARGE,urn:ioos:sensor:GOA_RUNOFF_DISCHARGE:q,58.069320239858385,-154.46915010358515,1988-12-15T00:00:00Z,8.197920584927735
urn:ioos:station:GOA_RUNOFF_DISCHARGE,urn:ioos:sensor:GOA_RUNOFF_DISCHARGE:q,58.069320239858385,-154.46915010358515,1988-12-16T00:00:00Z,9.59998763056767
urn:ioos:station:GOA_RUNOFF_DISCHARGE,urn:ioos:sensor:GOA_RUNOFF_DISCHARGE:q,58.069320239858385,-154.46915010358515,1988-12-17T00:00:00Z,6.351781585103085
urn:ioos:station:GOA_RUNOFF_DISCHARGE,urn:ioos:sensor:GOA_RUNOFF_DISCHARGE:q,58.069320239858385,-154.46915010358515,1988-12-18T00:00:00Z,11.01387694908299
urn:ioos:station:GOA_RUNOFF_DISCHARGE,urn:ioos:sensor:GOA_RUNOFF_DISCHARGE:q,58.069320239858385,-154.46915010358515,1988-12-19T00:00:00Z,8.257840237880123
urn:ioos:station:GOA_RUNOFF_DISCHARGE,urn:ioos:sensor:GOA_RUNOFF_DISCHARGE:q,58.069320239858385,-154.46915010358515,1988-12-20T00:00:00Z,5.396683913502392
urn:ioos:station:GOA_RUNOFF_DISCHARGE,urn:ioos:sensor:GOA_RUNOFF_DISCHARGE:q,58.069320239858385,-154.46915010358515,1988-12-21T00:00:00Z,3.50557702068299
urn:ioos:station:GOA_RUNOFF_DISCHARGE,urn:ioos:sensor:GOA_RUNOFF_DISCHARGE:q,58.069320239858385,-154.46915010358515,1988-12-22T00:00:00Z,2.2759659203257256
urn:ioos:station:GOA_RUNOFF_DISCHARGE,urn:ioos:sensor:GOA_RUNOFF_DISCHARGE:q,58.069320239858385,-154.46915010358515,1988-12-23T00:00:00Z,1.4775846684267062
urn:ioos:station:GOA_RUNOFF_DISCHARGE,urn:ioos:sensor:GOA_RUNOFF_DISCHARGE:q,58.069320239858385,-154.46915010358515,1988-12-24T00:00:00Z,1.2064134550444678
urn:ioos:station:GOA_RUNOFF_DISCHARGE,urn:ioos:sensor:GOA_RUNOFF_DISCHARGE:q,58.069320239858385,-154.46915010358515,1988-12-25T00:00:00Z,2.5245830671242064
urn:ioos:station:GOA_RUNOFF_DISCHARGE,urn:ioos:sensor:GOA_RUNOFF_DISCHARGE:q,58.069320239858385,-154.46915010358515,1988-12-26T00:00:00Z,8.418954884088182
urn:ioos:station:GOA_RUNOFF_DISCHARGE,urn:ioos:sensor:GOA_RUNOFF_DISCHARGE:q,58.069320239858385,-154.46915010358515,1988-12-27T00:00:00Z,8.386697013205026
urn:ioos:station:GOA_RUNOFF_DISCHARGE,urn:ioos:sensor:GOA_RUNOFF_DISCHARGE:q,58.069320239858385,-154.46915010358515,1988-12-28T00:00:00Z,5.639093130401875
urn:ioos:station:GOA_RUNOFF_DISCHARGE,urn:ioos:sensor:GOA_RUNOFF_DISCHARGE:q,58.069320239858385,-154.46915010358515,1988-12-29T00:00:00Z,3.670555244183449
urn:ioos:station:GOA_RUNOFF_DISCHARGE,urn:ioos:sensor:GOA_RUNOFF_DISCHARGE:q,58.069320239858385,-154.46915010358515,1988-12-30T00:00:00Z,2.3834501459445288
urn:ioos:station:GOA_RUNOFF_DISCHARGE,urn:ioos:sensor:GOA_RUNOFF_DISCHARGE:q,58.069320239858385,-154.46915010358515,1988-12-31T00:00:00Z,6.029560712359628
urn:ioos:station:GOA_RUNOFF_DISCHARGE,urn:ioos:sensor:GOA_RUNOFF_DISCHARGE:q,58.069320239858385,-154.46915010358515,1989-01-01T00:00:00Z,4.185959717612784
urn:ioos:station:GOA_RUNOFF_DISCHARGE,urn:ioos:sensor:GOA_RUNOFF_DISCHARGE:q,58.069320239858385,-154.46915010358515,1989-01-02T00:00:00Z,2.7284928045508905
urn:ioos:station:GOA_RUNOFF_DISCHARGE,urn:ioos:sensor:GOA_RUNOFF_DISCHARGE:q,58.069320239858385,-154.46915010358515,1989-01-03T00:00:00Z,1.771976549664174
urn:ioos:station:GOA_RUNOFF_DISCHARGE,urn:ioos:sensor:GOA_RUNOFF_DISCHARGE:q,58.069320239858385,-154.46915010358515,1989-01-04T00:00:00Z,1.1504181588965028
urn:ioos:station:GOA_RUNOFF_DISCHARGE,urn:ioos:sensor:GOA_RUNOFF_DISCHARGE:q,58.069320239858385,-154.46915010358515,1989-01-05T00:00:00Z,0.7468642349264132
urn:ioos:station:GOA_RUNOFF_DISCHARGE,urn:ioos:sensor:GOA_RUNOFF_DISCHARGE:q,58.069320239858385,-154.46915010358515,1989-01-06T00:00:00Z,3.772517216995599
urn:ioos:station:GOA_RUNOFF_DISCHARGE,urn:ioos:sensor:GOA_RUNOFF_DISCHARGE:q,58.069320239858385,-154.46915010358515,1989-01-07T00:00:00Z,2.538764690148115
urn:ioos:station:GOA_RUNOFF_DISCHARGE,urn:ioos:sensor:GOA_RUNOFF_DISCHARGE:q,58.069320239858385,-154.46915010358515,1989-01-08T00:00:00Z,1.6532199610406715
urn:ioos:station:GOA_RUNOFF_DISCHARGE,urn:ioos:sensor:GOA_RUNOFF_DISCHARGE:q,58.069320239858385,-154.46915010358515,1989-01-09T00:00:00Z,1.0735682544684857
urn:ioos:station:GOA_RUNOFF_DISCHARGE,urn:ioos:sensor:GOA_RUNOFF_DISCHARGE:q,58.069320239858385,-154.46915010358515,1989-01-10T00:00:00Z,3.285113417460109
urn:ioos:station:GOA_RUNOFF_DISCHARGE,urn:ioos:sensor:GOA_RUNOFF_DISCHARGE:q,58.069320239858385,-154.46915010358515,1989-01-11T00:00:00Z,5.8863399754747485
urn:ioos:station:GOA_RUNOFF_DISCHARGE,urn:ioos:sensor:GOA_RUNOFF_DISCHARGE:q,58.069320239858385,-154.46915010358515,1989-01-12T00:00:00Z,3.925816038941144
urn:ioos:station:GOA_RUNOFF_DISCHARGE,urn:ioos:sensor:GOA_RUNOFF_DISCHARGE:q,58.069320239858385,-154.46915010358515,1989-01-13T00:00:00Z,2.5545344739277396
urn:ioos:station:GOA_RUNOFF_DISCHARGE,urn:ioos:sensor:GOA_RUNOFF_DISCHARGE:q,58.069320239858385,-154.46915010358515,1989-01-14T00:00:00Z,1.6587564220449404
urn:ioos:station:GOA_RUNOFF_DISCHARGE,urn:ioos:sensor:GOA_RUNOFF_DISCHARGE:q,58.069320239858385,-154.46915010358515,1989-01-15T00:00:00Z,1.0768986296781393
urn:ioos:station:GOA_RUNOFF_DISCHARGE,urn:ioos:sensor:GOA_RUNOFF_DISCHARGE:q,58.069320239858385,-154.46915010358515,1989-01-16T00:00:00Z,0.6991337026184034
urn:ioos:station:GOA_RUNOFF_DISCHARGE,urn:ioos:sensor:GOA_RUNOFF_DISCHARGE:q,58.069320239858385,-154.46915010358515,1989-01-17T00:00:00Z,0.45388426043766383
urn:ioos:station:GOA_RUNOFF_DISCHARGE,urn:ioos:sensor:GOA_RUNOFF_DISCHARGE:q,58.069320239858385,-154.46915010358515,1989-01-18T00:00:00Z,0.29466591527111224
urn:ioos:station:GOA_RUNOFF_DISCHARGE,urn:ioos:sensor:GOA_RUNOFF_DISCHARGE:q,58.069320239858385,-154.46915010358515,1989-01-19T00:00:00Z,0.1912998798193442
urn:ioos:station:GOA_RUNOFF_DISCHARGE,urn:ioos:sensor:GOA_RUNOFF_DISCHARGE:q,58.069320239858385,-154.46915010358515,1989-01-20T00:00:00Z,0.12419366624549043
urn:ioos:station:GOA_RUNOFF_DISCHARGE,urn:ioos:sensor:GOA_RUNOFF_DISCHARGE:q,58.069320239858385,-154.46915010358515,1989-01-21T00:00:00Z,0.08062769808284481
urn:ioos:station:GOA_RUNOFF_DISCHARGE,urn:ioos:sensor:GOA_RUNOFF_DISCHARGE:q,58.069320239858385,-154.46915010358515,1989-01-22T00:00:00Z,0.05234425803390383
urn:ioos:station:GOA_RUNOFF_DISCHARGE,urn:ioos:sensor:GOA_RUNOFF_DISCHARGE:q,58.069320239858385,-154.46915010358515,1989-01-23T00:00:00Z,0.03398237853526188
urn:ioos:station:GOA_RUNOFF_DISCHARGE,urn:ioos:sensor:GOA_RUNOFF_DISCHARGE:q,58.069320239858385,-154.46915010358515,1989-01-24T00:00:00Z,0.022061680179809903
urn:ioos:station:GOA_RUNOFF_DISCHARGE,urn:ioos:sensor:GOA_RUNOFF_DISCHARGE:q,58.069320239858385,-154.46915010358515,1989-01-25T00:00:00Z,0.01432264945760728
urn:ioos:station:GOA_RUNOFF_DISCHARGE,urn:ioos:sensor:GOA_RUNOFF_DISCHARGE:q,58.069320239858385,-154.46915010358515,1989-01-26T00:00:00Z,0.009298397882995935
urn:ioos:station:GOA_RUNOFF_DISCHARGE,urn:ioos:sensor:GOA_RUNOFF_DISCHARGE:q,58.069320239858385,-154.46915010358515,1989-01-27T00:00:00Z,0.006036607238366746
urn:ioos:station:GOA_RUNOFF_DISCHARGE,urn:ioos:sensor:GOA_RUNOFF_DISCHARGE:q,58.069320239858385,-154.46915010358515,1989-01-28T00:00:00Z,0.003919022306616692
urn:ioos:station:GOA_RUNOFF_DISCHARGE,urn:ioos:sensor:GOA_RUNOFF_DISCHARGE:q,58.069320239858385,-154.46915010358515,1989-01-29T00:00:00Z,0.002544266130165292
urn:ioos:station:GOA_RUNOFF_DISCHARGE,urn:ioos:sensor:GOA_RUNOFF_DISCHARGE:q,58.069320239858385,-154.46915010358515,1989-01-30T00:00:00Z,0.001651761300030557
urn:ioos:station:GOA_RUNOFF_DISCHARGE,urn:ioos:sensor:GOA_RUNOFF_DISCHARGE:q,58.069320239858385,-154.46915010358515,1989-01-31T00:00:00Z,0.0010723388938698349
urn:ioos:station:GOA_RUNOFF_DISCHARGE,urn:ioos:sensor:GOA_RUNOFF_DISCHARGE:q,58.069320239858385,-154.46915010358515,1989-02-01T00:00:00Z,6.961724553344588E-4
urn:ioos:station:GOA_RUNOFF_DISCHARGE,urn:ioos:sensor:GOA_RUNOFF_DISCHARGE:q,58.069320239858385,-154.46915010358515,1989-02-02T00:00:00Z,4.519617357953128E-4
urn:ioos:station:GOA_RUNOFF_DISCHARGE,urn:ioos:sensor:GOA_RUNOFF_DISCHARGE:q,58.069320239858385,-154.46915010358515,1989-02-03T00:00:00Z,2.934178067172596E-4
urn:ioos:station:GOA_RUNOFF_DISCHARGE,urn:ioos:sensor:GOA_RUNOFF_DISCHARGE:q,58.069320239858385,-154.46915010358515,1989-02-04T00:00:00Z,1.904895695768633E-4
urn:ioos:station:GOA_RUNOFF_DISCHARGE,urn:ioos:sensor:GOA_RUNOFF_DISCHARGE:q,58.069320239858385,-154.46915010358515,1989-02-05T00:00:00Z,1.236676197796295E-4
urn:ioos:station:GOA_RUNOFF_DISCHARGE,urn:ioos:sensor:GOA_RUNOFF_DISCHARGE:q,58.069320239858385,-154.46915010358515,1989-02-06T00:00:00Z,8.028617851508682E-5
urn:ioos:station:GOA_RUNOFF_DISCHARGE,urn:ioos:sensor:GOA_RUNOFF_DISCHARGE:q,58.069320239858385,-154.46915010358515,1989-02-07T00:00:00Z,5.212253582246023E-5
urn:ioos:station:GOA_RUNOFF_DISCHARGE,urn:ioos:sensor:GOA_RUNOFF_DISCHARGE:q,58.069320239858385,-154.46915010358515,1989-02-08T00:00:00Z,3.383844004543574E-5
urn:ioos:station:GOA_RUNOFF_DISCHARGE,urn:ioos:sensor:GOA_RUNOFF_DISCHARGE:q,58.069320239858385,-154.46915010358515,1989-02-09T00:00:00Z,2.196823452898583E-5
urn:ioos:station:GOA_RUNOFF_DISCHARGE,urn:ioos:sensor:GOA_RUNOFF_DISCHARGE:q,58.069320239858385,-154.46915010358515,1989-02-10T00:00:00Z,1.4261984062622963E-5
urn:ioos:station:GOA_RUNOFF_DISCHARGE,urn:ioos:sensor:GOA_RUNOFF_DISCHARGE:q,58.069320239858385,-154.46915010358515,1989-02-11T00:00:00Z,9.259013436777013E-6
urn:ioos:station:GOA_RUNOFF_DISCHARGE,urn:ioos:sensor:GOA_RUNOFF_DISCHARGE:q,58.069320239858385,-154.46915010358515,1989-02-12T00:00:00Z,6.01103792353269E-6
urn:ioos:station:GOA_RUNOFF_DISCHARGE,urn:ioos:sensor:GOA_RUNOFF_DISCHARGE:q,58.069320239858385,-154.46915010358515,1989-02-13T00:00:00Z,3.90242211566229E-6
urn:ioos:station:GOA_RUNOFF_DISCHARGE,urn:ioos:sensor:GOA_RUNOFF_DISCHARGE:q,58.069320239858385,-154.46915010358515,1989-02-14T00:00:00Z,2.5334891421108806E-6
urn:ioos:station:GOA_RUNOFF_DISCHARGE,urn:ioos:sensor:GOA_RUNOFF_DISCHARGE:q,58.069320239858385,-154.46915010358515,1989-02-15T00:00:00Z,1.644765040097786E-6
urn:ioos:station:GOA_RUNOFF_DISCHARGE,urn:ioos:sensor:GOA_RUNOFF_DISCHARGE:q,58.069320239858385,-154.46915010358515,1989-02-16T00:00:00Z,0.2828570941383794
urn:ioos:station:GOA_RUNOFF_DISCHARGE,urn:ioos:sensor:GOA_RUNOFF_DISCHARGE:q,58.069320239858385,-154.46915010358515,1989-02-17T00:00:00Z,0.7754988838601684
urn:ioos:station:GOA_RUNOFF_DISCHARGE,urn:ioos:sensor:GOA_RUNOFF_DISCHARGE:q,58.069320239858385,-154.46915010358515,1989-02-18T00:00:00Z,0.6365513281869162
urn:ioos:station:GOA_RUNOFF_DISCHARGE,urn:ioos:sensor:GOA_RUNOFF_DISCHARGE:q,58.069320239858385,-154.46915010358515,1989-02-19T00:00:00Z,1.0973617231794461
urn:ioos:station:GOA_RUNOFF_DISCHARGE,urn:ioos:sensor:GOA_RUNOFF_DISCHARGE:q,58.069320239858385,-154.46915010358515,1989-02-20T00:00:00Z,0.7311825288162681
urn:ioos:station:GOA_RUNOFF_DISCHARGE,urn:ioos:sensor:GOA_RUNOFF_DISCHARGE:q,58.069320239858385,-154.46915010358515,1989-02-21T00:00:00Z,0.4757439013629517
urn:ioos:station:GOA_RUNOFF_DISCHARGE,urn:ioos:sensor:GOA_RUNOFF_DISCHARGE:q,58.069320239858385,-154.46915010358515,1989-02-22T00:00:00Z,0.3089165730329733
urn:ioos:station:GOA_RUNOFF_DISCHARGE,urn:ioos:sensor:GOA_RUNOFF_DISCHARGE:q,58.069320239858385,-154.46915010358515,1989-02-23T00:00:00Z,0.20055484320933947
urn:ioos:station:GOA_RUNOFF_DISCHARGE,urn:ioos:sensor:GOA_RUNOFF_DISCHARGE:q,58.069320239858385,-154.46915010358515,1989-02-24T00:00:00Z,1.2822548405565377
urn:ioos:station:GOA_RUNOFF_DISCHARGE,urn:ioos:sensor:GOA_RUNOFF_DISCHARGE:q,58.069320239858385,-154.46915010358515,1989-02-25T00:00:00Z,5.703161050828519
urn:ioos:station:GOA_RUNOFF_DISCHARGE,urn:ioos:sensor:GOA_RUNOFF_DISCHARGE:q,58.069320239858385,-154.46915010358515,1989-02-26T00:00:00Z,4.44757631277059
urn:ioos:station:GOA_RUNOFF_DISCHARGE,urn:ioos:sensor:GOA_RUNOFF_DISCHARGE:q,58.069320239858385,-154.46915010358515,1989-02-27T00:00:00Z,2.911575692305828
urn:ioos:station:GOA_RUNOFF_DISCHARGE,urn:ioos:sensor:GOA_RUNOFF_DISCHARGE:q,58.069320239858385,-154.46915010358515,1989-02-28T00:00:00Z,1.8915789207179694
urn:ioos:station:GOA_RUNOFF_DISCHARGE,urn:ioos:sensor:GOA_RUNOFF_DISCHARGE:q,58.069320239858385,-154.46915010358515,1989-03-01T00:00:00Z,1.2281068732133902
urn:ioos:station:GOA_RUNOFF_DISCHARGE,urn:ioos:sensor:GOA_RUNOFF_DISCHARGE:q,58.069320239858385,-154.46915010358515,1989-03-02T00:00:00Z,0.7973028102327686
urn:ioos:station:GOA_RUNOFF_DISCHARGE,urn:ioos:sensor:GOA_RUNOFF_DISCHARGE:q,58.069320239858385,-154.46915010358515,1989-03-03T00:00:00Z,0.5176166437530217
urn:ioos:station:GOA_RUNOFF_DISCHARGE,urn:ioos:sensor:GOA_RUNOFF_DISCHARGE:q,58.069320239858385,-154.46915010358515,1989-03-04T00:00:00Z,0.3360416009700556
urn:ioos:station:GOA_RUNOFF_DISCHARGE,urn:ioos:sensor:GOA_RUNOFF_DISCHARGE:q,58.069320239858385,-154.46915010358515,1989-03-05T00:00:00Z,0.21816138186893533
urn:ioos:station:GOA_RUNOFF_DISCHARGE,urn:ioos:sensor:GOA_RUNOFF_DISCHARGE:q,58.069320239858385,-154.46915010358515,1989-03-06T00:00:00Z,0.1416324116824332
urn:ioos:station:GOA_RUNOFF_DISCHARGE,urn:ioos:sensor:GOA_RUNOFF_DISCHARGE:q,58.069320239858385,-154.46915010358515,1989-03-07T00:00:00Z,0.0919490908805898
urn:ioos:station:GOA_RUNOFF_DISCHARGE,urn:ioos:sensor:GOA_RUNOFF_DISCHARGE:q,58.069320239858385,-154.46915010358515,1989-03-08T00:00:00Z,0.059694208816782154
urn:ioos:station:GOA_RUNOFF_DISCHARGE,urn:ioos:sensor:GOA_RUNOFF_DISCHARGE:q,58.069320239858385,-154.46915010358515,1989-03-09T00:00:00Z,0.03875404301341396
urn:ioos:station:GOA_RUNOFF_DISCHARGE,urn:ioos:sensor:GOA_RUNOFF_DISCHARGE:q,58.069320239858385,-154.46915010358515,1989-03-10T00:00:00Z,0.9261892517480638
urn:ioos:station:GOA_RUNOFF_DISCHARGE,urn:ioos:sensor:GOA_RUNOFF_DISCHARGE:q,58.069320239858385,-154.46915010358515,1989-03-11T00:00:00Z,1.4848750524922076
urn:ioos:station:GOA_RUNOFF_DISCHARGE,urn:ioos:sensor:GOA_RUNOFF_DISCHARGE:q,58.069320239858385,-154.46915010358515,1989-03-12T00:00:00Z,2.2682806009894607
urn:ioos:station:GOA_RUNOFF_DISCHARGE,urn:ioos:sensor:GOA_RUNOFF_DISCHARGE:q,58.069320239858385,-154.46915010358515,1989-03-13T00:00:00Z,3.0580403711981994
urn:ioos:station:GOA_RUNOFF_DISCHARGE,urn:ioos:sensor:GOA_RUNOFF_DISCHARGE:q,58.069320239858385,-154.46915010358515,1989-03-14T00:00:00Z,3.7322240841311976
urn:ioos:station:GOA_RUNOFF_DISCHARGE,urn:ioos:sensor:GOA_RUNOFF_DISCHARGE:q,58.069320239858385,-154.46915010358515,1989-03-15T00:00:00Z,4.181452035361803
urn:ioos:station:GOA_RUNOFF_DISCHARGE,urn:ioos:sensor:GOA_RUNOFF_DISCHARGE:q,58.069320239858385,-154.46915010358515,1989-03-16T00:00:00Z,4.243610795012525
urn:ioos:station:GOA_RUNOFF_DISCHARGE,urn:ioos:sensor:GOA_RUNOFF_DISCHARGE:q,58.069320239858385,-154.46915010358515,1989-03-17T00:00:00Z,2.798091923686391
urn:ioos:station:GOA_RUNOFF_DISCHARGE,urn:ioos:sensor:GOA_RUNOFF_DISCHARGE:q,58.069320239858385,-154.46915010358515,1989-03-18T00:00:00Z,1.8189670059010046
urn:ioos:station:GOA_RUNOFF_DISCHARGE,urn:ioos:sensor:GOA_RUNOFF_DISCHARGE:q,58.069320239858385,-154.46915010358515,1989-03-19T00:00:00Z,2.4334861556517713
urn:ioos:station:GOA_RUNOFF_DISCHARGE,urn:ioos:sensor:GOA_RUNOFF_DISCHARGE:q,58.069320239858385,-154.46915010358515,1989-03-20T00:00:00Z,3.3595770024756075
urn:ioos:station:GOA_RUNOFF_DISCHARGE,urn:ioos:sensor:GOA_RUNOFF_DISCHARGE:q,58.069320239858385,-154.46915010358515,1989-03-21T00:00:00Z,3.801104899942791
urn:ioos:station:GOA_RUNOFF_DISCHARGE,urn:ioos:sensor:GOA_RUNOFF_DISCHARGE:q,58.069320239858385,-154.46915010358515,1989-03-22T00:00:00Z,4.479688418070798
urn:ioos:station:GOA_RUNOFF_DISCHARGE,urn:ioos:sensor:GOA_RUNOFF_DISCHARGE:q,58.069320239858385,-154.46915010358515,1989-03-23T00:00:00Z,3.410093196639308
urn:ioos:station:GOA_RUNOFF_DISCHARGE,urn:ioos:sensor:GOA_RUNOFF_DISCHARGE:q,58.069320239858385,-154.46915010358515,1989-03-24T00:00:00Z,2.828980545303022
urn:ioos:station:GOA_RUNOFF_DISCHARGE,urn:ioos:sensor:GOA_RUNOFF_DISCHARGE:q,58.069320239858385,-154.46915010358515,1989-03-25T00:00:00Z,4.021146730188301
urn:ioos:station:GOA_RUNOFF_DISCHARGE,urn:ioos:sensor:GOA_RUNOFF_DISCHARGE:q,58.069320239858385,-154.46915010358515,1989-03-26T00:00:00Z,4.120425721684011
urn:ioos:station:GOA_RUNOFF_DISCHARGE,urn:ioos:sensor:GOA_RUNOFF_DISCHARGE:q,58.069320239858385,-154.46915010358515,1989-03-27T00:00:00Z,2.9808769655209386
urn:ioos:station:GOA_RUNOFF_DISCHARGE,urn:ioos:sensor:GOA_RUNOFF_DISCHARGE:q,58.069320239858385,-154.46915010358515,1989-03-28T00:00:00Z,2.1162881438802517
urn:ioos:station:GOA_RUNOFF_DISCHARGE,urn:ioos:sensor:GOA_RUNOFF_DISCHARGE:q,58.069320239858385,-154.46915010358515,1989-03-29T00:00:00Z,1.365469754401638
urn:ioos:station:GOA_RUNOFF_DISCHARGE,urn:ioos:sensor:GOA_RUNOFF_DISCHARGE:q,58.069320239858385,-154.46915010358515,1989-03-30T00:00:00Z,0.8860017594640834
urn:ioos:station:GOA_RUNOFF_DISCHARGE,urn:ioos:sensor:GOA_RUNOFF_DISCHARGE:q,58.069320239858385,-154.46915010358515,1989-03-31T00:00:00Z,0.6309999354194122
urn:ioos:station:GOA_RUNOFF_DISCHARGE,urn:ioos:sensor:GOA_RUNOFF_DISCHARGE:q,58.069320239858385,-154.46915010358515,1989-04-01T00:00:00Z,1.040012767315118
urn:ioos:station:GOA_RUNOFF_DISCHARGE,urn:ioos:sensor:GOA_RUNOFF_DISCHARGE:q,58.069320239858385,-154.46915010358515,1989-04-02T00:00:00Z,0.7642075765919814
urn:ioos:station:GOA_RUNOFF_DISCHARGE,urn:ioos:sensor:GOA_RUNOFF_DISCHARGE:q,58.069320239858385,-154.46915010358515,1989-04-03T00:00:00Z,0.5437078937561732
urn:ioos:station:GOA_RUNOFF_DISCHARGE,urn:ioos:sensor:GOA_RUNOFF_DISCHARGE:q,58.069320239858385,-154.46915010358515,1989-04-04T00:00:00Z,0.3851141172764804
urn:ioos:station:GOA_RUNOFF_DISCHARGE,urn:ioos:sensor:GOA_RUNOFF_DISCHARGE:q,58.069320239858385,-154.46915010358515,1989-04-05T00:00:00Z,0.27261002361625686
urn:ioos:station:GOA_RUNOFF_DISCHARGE,urn:ioos:sensor:GOA_RUNOFF_DISCHARGE:q,58.069320239858385,-154.46915010358515,1989-04-06T00:00:00Z,0.19295495395017373
urn:ioos:station:GOA_RUNOFF_DISCHARGE,urn:ioos:sensor:GOA_RUNOFF_DISCHARGE:q,58.069320239858385,-154.46915010358515,1989-04-07T00:00:00Z,0.13657293664569156
urn:ioos:station:GOA_RUNOFF_DISCHARGE,urn:ioos:sensor:GOA_RUNOFF_DISCHARGE:q,58.069320239858385,-154.46915010358515,1989-04-08T00:00:00Z,0.09666575203816867
urn:ioos:station:GOA_RUNOFF_DISCHARGE,urn:ioos:sensor:GOA_RUNOFF_DISCHARGE:q,58.069320239858385,-154.46915010358515,1989-04-09T00:00:00Z,0.06841959617446415
urn:ioos:station:GOA_RUNOFF_DISCHARGE,urn:ioos:sensor:GOA_RUNOFF_DISCHARGE:q,58.069320239858385,-154.46915010358515,1989-04-10T00:00:00Z,0.792123593308366
urn:ioos:station:GOA_RUNOFF_DISCHARGE,urn:ioos:sensor:GOA_RUNOFF_DISCHARGE:q,58.069320239858385,-154.46915010358515,1989-04-11T00:00:00Z,0.5958424082061765
urn:ioos:station:GOA_RUNOFF_DISCHARGE,urn:ioos:sensor:GOA_RUNOFF_DISCHARGE:q,58.069320239858385,-154.46915010358515,1989-04-12T00:00:00Z,0.4252477039218213
urn:ioos:station:GOA_RUNOFF_DISCHARGE,urn:ioos:sensor:GOA_RUNOFF_DISCHARGE:q,58.069320239858385,-154.46915010358515,1989-04-13T00:00:00Z,0.301339262310065
urn:ioos:station:GOA_RUNOFF_DISCHARGE,urn:ioos:sensor:GOA_RUNOFF_DISCHARGE:q,58.069320239858385,-154.46915010358515,1989-04-14T00:00:00Z,0.21332163233270618
urn:ioos:station:GOA_RUNOFF_DISCHARGE,urn:ioos:sensor:GOA_RUNOFF_DISCHARGE:q,58.069320239858385,-154.46915010358515,1989-04-15T00:00:00Z,1.3276099069363188
urn:ioos:station:GOA_RUNOFF_DISCHARGE,urn:ioos:sensor:GOA_RUNOFF_DISCHARGE:q,58.069320239858385,-154.46915010358515,1989-04-16T00:00:00Z,2.9018909638273027
urn:ioos:station:GOA_RUNOFF_DISCHARGE,urn:ioos:sensor:GOA_RUNOFF_DISCHARGE:q,58.069320239858385,-154.46915010358515,1989-04-17T00:00:00Z,3.7713866128260642
urn:ioos:station:GOA_RUNOFF_DISCHARGE,urn:ioos:sensor:GOA_RUNOFF_DISCHARGE:q,58.069320239858385,-154.46915010358515,1989-04-18T00:00:00Z,3.5514092456993667
urn:ioos:station:GOA_RUNOFF_DISCHARGE,urn:ioos:sensor:GOA_RUNOFF_DISCHARGE:q,58.069320239858385,-154.46915010358515,1989-04-19T00:00:00Z,2.559864389837039
urn:ioos:station:GOA_RUNOFF_DISCHARGE,urn:ioos:sensor:GOA_RUNOFF_DISCHARGE:q,58.069320239858385,-154.46915010358515,1989-04-20T00:00:00Z,1.8164734672194411
urn:ioos:station:GOA_RUNOFF_DISCHARGE,urn:ioos:sensor:GOA_RUNOFF_DISCHARGE:q,58.069320239858385,-154.46915010358515,1989-04-21T00:00:00Z,1.2861524912117386
urn:ioos:station:GOA_RUNOFF_DISCHARGE,urn:ioos:sensor:GOA_RUNOFF_DISCHARGE:q,58.069320239858385,-154.46915010358515,1989-04-22T00:00:00Z,0.9365711685901504
urn:ioos:station:GOA_RUNOFF_DISCHARGE,urn:ioos:sensor:GOA_RUNOFF_DISCHARGE:q,58.069320239858385,-154.46915010358515,1989-04-23T00:00:00Z,1.8253799022063484
urn:ioos:station:GOA_RUNOFF_DISCHARGE,urn:ioos:sensor:GOA_RUNOFF_DISCHARGE:q,58.069320239858385,-154.46915010358515,1989-04-24T00:00:00Z,2.832929371781116
urn:ioos:station:GOA_RUNOFF_DISCHARGE,urn:ioos:sensor:GOA_RUNOFF_DISCHARGE:q,58.069320239858385,-154.46915010358515,1989-04-25T00:00:00Z,2.080922755998193
urn:ioos:station:GOA_RUNOFF_DISCHARGE,urn:ioos:sensor:GOA_RUNOFF_DISCHARGE:q,58.069320239858385,-154.46915010358515,1989-04-26T00:00:00Z,1.4804359116389845
urn:ioos:station:GOA_RUNOFF_DISCHARGE,urn:ioos:sensor:GOA_RUNOFF_DISCHARGE:q,58.069320239858385,-154.46915010358515,1989-04-27T00:00:00Z,1.2110904516503695
urn:ioos:station:GOA_RUNOFF_DISCHARGE,urn:ioos:sensor:GOA_RUNOFF_DISCHARGE:q,58.069320239858385,-154.46915010358515,1989-04-28T00:00:00Z,3.2729988240745205
urn:ioos:station:GOA_RUNOFF_DISCHARGE,urn:ioos:sensor:GOA_RUNOFF_DISCHARGE:q,58.069320239858385,-154.46915010358515,1989-04-29T00:00:00Z,2.4313020399405065
urn:ioos:station:GOA_RUNOFF_DISCHARGE,urn:ioos:sensor:GOA_RUNOFF_DISCHARGE:q,58.069320239858385,-154.46915010358515,1989-04-30T00:00:00Z,1.7323175233970682
urn:ioos:station:GOA_RUNOFF_DISCHARGE,urn:ioos:sensor:GOA_RUNOFF_DISCHARGE:q,58.069320239858385,-154.46915010358515,1989-05-01T00:00:00Z,1.2272702998000704
urn:ioos:station:GOA_RUNOFF_DISCHARGE,urn:ioos:sensor:GOA_RUNOFF_DISCHARGE:q,58.069320239858385,-154.46915010358515,1989-05-02T00:00:00Z,0.8687706362482027
urn:ioos:station:GOA_RUNOFF_DISCHARGE,urn:ioos:sensor:GOA_RUNOFF_DISCHARGE:q,58.069320239858385,-154.46915010358515,1989-05-03T00:00:00Z,0.6149234255958888
urn:ioos:station:GOA_RUNOFF_DISCHARGE,urn:ioos:sensor:GOA_RUNOFF_DISCHARGE:q,58.069320239858385,-154.46915010358515,1989-05-04T00:00:00Z,0.4352411975837184
urn:ioos:station:GOA_RUNOFF_DISCHARGE,urn:ioos:sensor:GOA_RUNOFF_DISCHARGE:q,58.069320239858385,-154.46915010358515,1989-05-05T00:00:00Z,0.30806191047917064
urn:ioos:station:GOA_RUNOFF_DISCHARGE,urn:ioos:sensor:GOA_RUNOFF_DISCHARGE:q,58.069320239858385,-154.46915010358515,1989-05-06T00:00:00Z,0.2180448549148784
urn:ioos:station:GOA_RUNOFF_DISCHARGE,urn:ioos:sensor:GOA_RUNOFF_DISCHARGE:q,58.069320239858385,-154.46915010358515,1989-05-07T00:00:00Z,0.23900064726892295
urn:ioos:station:GOA_RUNOFF_DISCHARGE,urn:ioos:sensor:GOA_RUNOFF_DISCHARGE:q,58.069320239858385,-154.46915010358515,1989-05-08T00:00:00Z,0.17316893697714592
urn:ioos:station:GOA_RUNOFF_DISCHARGE,urn:ioos:sensor:GOA_RUNOFF_DISCHARGE:q,58.069320239858385,-154.46915010358515,1989-05-09T00:00:00Z,0.12296815986711288
urn:ioos:station:GOA_RUNOFF_DISCHARGE,urn:ioos:sensor:GOA_RUNOFF_DISCHARGE:q,58.069320239858385,-154.46915010358515,1989-05-10T00:00:00Z,0.08707627110662307
urn:ioos:station:GOA_RUNOFF_DISCHARGE,urn:ioos:sensor:GOA_RUNOFF_DISCHARGE:q,58.069320239858385,-154.46915010358515,1989-05-11T00:00:00Z,0.061636180826840505
urn:ioos:station:GOA_RUNOFF_DISCHARGE,urn:ioos:sensor:GOA_RUNOFF_DISCHARGE:q,58.069320239858385,-154.46915010358515,1989-05-12T00:00:00Z,0.04362621733395892
urn:ioos:station:GOA_RUNOFF_DISCHARGE,urn:ioos:sensor:GOA_RUNOFF_DISCHARGE:q,58.069320239858385,-154.46915010358515,1989-05-13T00:00:00Z,0.10898593672768303
urn:ioos:station:GOA_RUNOFF_DISCHARGE,urn:ioos:sensor:GOA_RUNOFF_DISCHARGE:q,58.069320239858385,-154.46915010358515,1989-05-14T00:00:00Z,2.5212288800278078
urn:ioos:station:GOA_RUNOFF_DISCHARGE,urn:ioos:sensor:GOA_RUNOFF_DISCHARGE:q,58.069320239858385,-154.46915010358515,1989-05-15T00:00:00Z,1.900327355285094
urn:ioos:station:GOA_RUNOFF_DISCHARGE,urn:ioos:sensor:GOA_RUNOFF_DISCHARGE:q,58.069320239858385,-154.46915010358515,1989-05-16T00:00:00Z,1.3566081804831287
urn:ioos:station:GOA_RUNOFF_DISCHARGE,urn:ioos:sensor:GOA_RUNOFF_DISCHARGE:q,58.069320239858385,-154.46915010358515,1989-05-17T00:00:00Z,0.9613560537569653
urn:ioos:station:GOA_RUNOFF_DISCHARGE,urn:ioos:sensor:GOA_RUNOFF_DISCHARGE:q,58.069320239858385,-154.46915010358515,1989-05-18T00:00:00Z,0.680558852268752
urn:ioos:station:GOA_RUNOFF_DISCHARGE,urn:ioos:sensor:GOA_RUNOFF_DISCHARGE:q,58.069320239858385,-154.46915010358515,1989-05-19T00:00:00Z,0.4817080554269315
urn:ioos:station:GOA_RUNOFF_DISCHARGE,urn:ioos:sensor:GOA_RUNOFF_DISCHARGE:q,58.069320239858385,-154.46915010358515,1989-05-20T00:00:00Z,0.34095194748818797
urn:ioos:station:GOA_RUNOFF_DISCHARGE,urn:ioos:sensor:GOA_RUNOFF_DISCHARGE:q,58.069320239858385,-154.46915010358515,1989-05-21T00:00:00Z,0.24132437825537034
urn:ioos:station:GOA_RUNOFF_DISCHARGE,urn:ioos:sensor:GOA_RUNOFF_DISCHARGE:q,58.069320239858385,-154.46915010358515,1989-05-22T00:00:00Z,0.1708083534781327
urn:ioos:station:GOA_RUNOFF_DISCHARGE,urn:ioos:sensor:GOA_RUNOFF_DISCHARGE:q,58.069320239858385,-154.46915010358515,1989-05-23T00:00:00Z,0.1208973972879838
urn:ioos:station:GOA_RUNOFF_DISCHARGE,urn:ioos:sensor:GOA_RUNOFF_DISCHARGE:q,58.069320239858385,-154.46915010358515,1989-05-24T00:00:00Z,0.08557062972085637
urn:ioos:station:GOA_RUNOFF_DISCHARGE,urn:ioos:sensor:GOA_RUNOFF_DISCHARGE:q,58.069320239858385,-154.46915010358515,1989-05-25T00:00:00Z,0.06056650828255578
urn:ioos:station:GOA_RUNOFF_DISCHARGE,urn:ioos:sensor:GOA_RUNOFF_DISCHARGE:q,58.069320239858385,-154.46915010358515,1989-05-26T00:00:00Z,0.6357961230164236
urn:ioos:station:GOA_RUNOFF_DISCHARGE,urn:ioos:sensor:GOA_RUNOFF_DISCHARGE:q,58.069320239858385,-154.46915010358515,1989-05-27T00:00:00Z,3.8726879044490823
urn:ioos:station:GOA_RUNOFF_DISCHARGE,urn:ioos:sensor:GOA_RUNOFF_DISCHARGE:q,58.069320239858385,-154.46915010358515,1989-05-28T00:00:00Z,3.5611726454943198
urn:ioos:station:GOA_RUNOFF_DISCHARGE,urn:ioos:sensor:GOA_RUNOFF_DISCHARGE:q,58.069320239858385,-154.46915010358515,1989-05-29T00:00:00Z,2.5679638518223253
urn:ioos:station:GOA_RUNOFF_DISCHARGE,urn:ioos:sensor:GOA_RUNOFF_DISCHARGE:q,58.069320239858385,-154.46915010358515,1989-05-30T00:00:00Z,1.822324745046807
urn:ioos:station:GOA_RUNOFF_DISCHARGE,urn:ioos:sensor:GOA_RUNOFF_DISCHARGE:q,58.069320239858385,-154.46915010358515,1989-05-31T00:00:00Z,1.2903060209814081
urn:ioos:station:GOA_RUNOFF_DISCHARGE,urn:ioos:sensor:GOA_RUNOFF_DISCHARGE:q,58.069320239858385,-154.46915010358515,1989-06-01T00:00:00Z,0.9133199794215242
urn:ioos:station:GOA_RUNOFF_DISCHARGE,urn:ioos:sensor:GOA_RUNOFF_DISCHARGE:q,58.069320239858385,-154.46915010358515,1989-06-02T00:00:00Z,2.4084513114528274
urn:ioos:station:GOA_RUNOFF_DISCHARGE,urn:ioos:sensor:GOA_RUNOFF_DISCHARGE:q,58.069320239858385,-154.46915010358515,1989-06-03T00:00:00Z,3.1394065091072436
urn:ioos:station:GOA_RUNOFF_DISCHARGE,urn:ioos:sensor:GOA_RUNOFF_DISCHARGE:q,58.069320239858385,-154.46915010358515,1989-06-04T00:00:00Z,2.2943081772181118
urn:ioos:station:GOA_RUNOFF_DISCHARGE,urn:ioos:sensor:GOA_RUNOFF_DISCHARGE:q,58.069320239858385,-154.46915010358515,1989-06-05T00:00:00Z,1.6311159522721312
urn:ioos:station:GOA_RUNOFF_DISCHARGE,urn:ioos:sensor:GOA_RUNOFF_DISCHARGE:q,58.069320239858385,-154.46915010358515,1989-06-06T00:00:00Z,1.1552169776412209
urn:ioos:station:GOA_RUNOFF_DISCHARGE,urn:ioos:sensor:GOA_RUNOFF_DISCHARGE:q,58.069320239858385,-154.46915010358515,1989-06-07T00:00:00Z,0.8177294623383388
urn:ioos:station:GOA_RUNOFF_DISCHARGE,urn:ioos:sensor:GOA_RUNOFF_DISCHARGE:q,58.069320239858385,-154.46915010358515,1989-06-08T00:00:00Z,0.5787925052885892
urn:ioos:station:GOA_RUNOFF_DISCHARGE,urn:ioos:sensor:GOA_RUNOFF_DISCHARGE:q,58.069320239858385,-154.46915010358515,1989-06-09T00:00:00Z,3.5378333128775217
urn:ioos:station:GOA_RUNOFF_DISCHARGE,urn:ioos:sensor:GOA_RUNOFF_DISCHARGE:q,58.069320239858385,-154.46915010358515,1989-06-10T00:00:00Z,3.173247015335931
urn:ioos:station:GOA_RUNOFF_DISCHARGE,urn:ioos:sensor:GOA_RUNOFF_DISCHARGE:q,58.069320239858385,-154.46915010358515,1989-06-11T00:00:00Z,2.2854430512501986
urn:ioos:station:GOA_RUNOFF_DISCHARGE,urn:ioos:sensor:GOA_RUNOFF_DISCHARGE:q,58.069320239858385,-154.46915010358515,1989-06-12T00:00:00Z,1.621563965195405
urn:ioos:station:GOA_RUNOFF_DISCHARGE,urn:ioos:sensor:GOA_RUNOFF_DISCHARGE:q,58.069320239858385,-154.46915010358515,1989-06-13T00:00:00Z,1.1481290603917438
urn:ioos:station:GOA_RUNOFF_DISCHARGE,urn:ioos:sensor:GOA_RUNOFF_DISCHARGE:q,58.069320239858385,-154.46915010358515,1989-06-14T00:00:00Z,0.8126798952171799
urn:ioos:station:GOA_RUNOFF_DISCHARGE,urn:ioos:sensor:GOA_RUNOFF_DISCHARGE:q,58.069320239858385,-154.46915010358515,1989-06-15T00:00:00Z,0.5752150653092839
urn:ioos:station:GOA_RUNOFF_DISCHARGE,urn:ioos:sensor:GOA_RUNOFF_DISCHARGE:q,58.069320239858385,-154.46915010358515,1989-06-16T00:00:00Z,0.4071350804455304
urn:ioos:station:GOA_RUNOFF_DISCHARGE,urn:ioos:sensor:GOA_RUNOFF_DISCHARGE:q,58.069320239858385,-154.46915010358515,1989-06-17T00:00:00Z,0.2881684604563469
urn:ioos:station:GOA_RUNOFF_DISCHARGE,urn:ioos:sensor:GOA_RUNOFF_DISCHARGE:q,58.069320239858385,-154.46915010358515,1989-06-18T00:00:00Z,0.20396435018626974
urn:ioos:station:GOA_RUNOFF_DISCHARGE,urn:ioos:sensor:GOA_RUNOFF_DISCHARGE:q,58.069320239858385,-154.46915010358515,1989-06-19T00:00:00Z,0.14436507235650875
urn:ioos:station:GOA_RUNOFF_DISCHARGE,urn:ioos:sensor:GOA_RUNOFF_DISCHARGE:q,58.069320239858385,-154.46915010358515,1989-06-20T00:00:00Z,0.10218095008003339
urn:ioos:station:GOA_RUNOFF_DISCHARGE,urn:ioos:sensor:GOA_RUNOFF_DISCHARGE:q,58.069320239858385,-154.46915010358515,1989-06-21T00:00:00Z,1.0031569658146446
urn:ioos:station:GOA_RUNOFF_DISCHARGE,urn:ioos:sensor:GOA_RUNOFF_DISCHARGE:q,58.069320239858385,-154.46915010358515,1989-06-22T00:00:00Z,0.754063515502573
urn:ioos:station:GOA_RUNOFF_DISCHARGE,urn:ioos:sensor:GOA_RUNOFF_DISCHARGE:q,58.069320239858385,-154.46915010358515,1989-06-23T00:00:00Z,0.5381199280355472
urn:ioos:station:GOA_RUNOFF_DISCHARGE,urn:ioos:sensor:GOA_RUNOFF_DISCHARGE:q,58.069320239858385,-154.46915010358515,1989-06-24T00:00:00Z,0.3813179631440624
urn:ioos:station:GOA_RUNOFF_DISCHARGE,urn:ioos:sensor:GOA_RUNOFF_DISCHARGE:q,58.069320239858385,-154.46915010358515,1989-06-25T00:00:00Z,0.26993901402188203
urn:ioos:station:GOA_RUNOFF_DISCHARGE,urn:ioos:sensor:GOA_RUNOFF_DISCHARGE:q,58.069320239858385,-154.46915010358515,1989-06-26T00:00:00Z,0.19106602012224524
urn:ioos:station:GOA_RUNOFF_DISCHARGE,urn:ioos:sensor:GOA_RUNOFF_DISCHARGE:q,58.069320239858385,-154.46915010358515,1989-06-27T00:00:00Z,0.13523610805231426
urn:ioos:station:GOA_RUNOFF_DISCHARGE,urn:ioos:sensor:GOA_RUNOFF_DISCHARGE:q,58.069320239858385,-154.46915010358515,1989-06-28T00:00:00Z,0.09571956665585853
urn:ioos:station:GOA_RUNOFF_DISCHARGE,urn:ioos:sensor:GOA_RUNOFF_DISCHARGE:q,58.069320239858385,-154.46915010358515,1989-06-29T00:00:00Z,0.06774988685976364
urn:ioos:station:GOA_RUNOFF_DISCHARGE,urn:ioos:sensor:GOA_RUNOFF_DISCHARGE:q,58.069320239858385,-154.46915010358515,1989-06-30T00:00:00Z,0.047953069847633804
urn:ioos:station:GOA_RUNOFF_DISCHARGE,urn:ioos:sensor:GOA_RUNOFF_DISCHARGE:q,58.069320239858385,-154.46915010358515,1989-07-01T00:00:00Z,0.033940972903813094
urn:ioos:station:GOA_RUNOFF_DISCHARGE,urn:ioos:sensor:GOA_RUNOFF_DISCHARGE:q,58.069320239858385,-154.46915010358515,1989-07-02T00:00:00Z,0.024023268629371583
urn:ioos:station:GOA_RUNOFF_DISCHARGE,urn:ioos:sensor:GOA_RUNOFF_DISCHARGE:q,58.069320239858385,-154.46915010358515,1989-07-03T00:00:00Z,0.01700356285639656
urn:ioos:station:GOA_RUNOFF_DISCHARGE,urn:ioos:sensor:GOA_RUNOFF_DISCHARGE:q,58.069320239858385,-154.46915010358515,1989-07-04T00:00:00Z,0.012035045362522269
urn:ioos:station:GOA_RUNOFF_DISCHARGE,urn:ioos:sensor:GOA_RUNOFF_DISCHARGE:q,58.069320239858385,-154.46915010358515,1989-07-05T00:00:00Z,0.008518350978101509
urn:ioos:station:GOA_RUNOFF_DISCHARGE,urn:ioos:sensor:GOA_RUNOFF_DISCHARGE:q,58.069320239858385,-154.46915010358515,1989-07-06T00:00:00Z,0.006029251330501013
urn:ioos:station:GOA_RUNOFF_DISCHARGE,urn:ioos:sensor:GOA_RUNOFF_DISCHARGE:q,58.069320239858385,-154.46915010358515,1989-07-07T00:00:00Z,0.00426747747951959
urn:ioos:station:GOA_RUNOFF_DISCHARGE,urn:ioos:sensor:GOA_RUNOFF_DISCHARGE:q,58.069320239858385,-154.46915010358515,1989-07-08T00:00:00Z,0.0030205015525312656
urn:ioos:station:GOA_RUNOFF_DISCHARGE,urn:ioos:sensor:GOA_RUNOFF_DISCHARGE:q,58.069320239858385,-154.46915010358515,1989-07-09T00:00:00Z,0.0021378975719087688
urn:ioos:station:GOA_RUNOFF_DISCHARGE,urn:ioos:sensor:GOA_RUNOFF_DISCHARGE:q,58.069320239858385,-154.46915010358515,1989-07-10T00:00:00Z,0.0015131945012364226
urn:ioos:station:GOA_RUNOFF_DISCHARGE,urn:ioos:sensor:GOA_RUNOFF_DISCHARGE:q,58.069320239858385,-154.46915010358515,1989-07-11T00:00:00Z,0.001071032441671172
urn:ioos:station:GOA_RUNOFF_DISCHARGE,urn:ioos:sensor:GOA_RUNOFF_DISCHARGE:q,58.069320239858385,-154.46915010358515,1989-07-12T00:00:00Z,7.580719395318067E-4
urn:ioos:station:GOA_RUNOFF_DISCHARGE,urn:ioos:sensor:GOA_RUNOFF_DISCHARGE:q,58.069320239858385,-154.46915010358515,1989-07-13T00:00:00Z,5.365599758041165E-4
urn:ioos:station:GOA_RUNOFF_DISCHARGE,urn:ioos:sensor:GOA_RUNOFF_DISCHARGE:q,58.069320239858385,-154.46915010358515,1989-07-14T00:00:00Z,2.931758437018994
urn:ioos:station:GOA_RUNOFF_DISCHARGE,urn:ioos:sensor:GOA_RUNOFF_DISCHARGE:q,58.069320239858385,-154.46915010358515,1989-07-15T00:00:00Z,4.770827542955957
urn:ioos:station:GOA_RUNOFF_DISCHARGE,urn:ioos:sensor:GOA_RUNOFF_DISCHARGE:q,58.069320239858385,-154.46915010358515,1989-07-16T00:00:00Z,3.5115807735199547
urn:ioos:station:GOA_RUNOFF_DISCHARGE,urn:ioos:sensor:GOA_RUNOFF_DISCHARGE:q,58.069320239858385,-154.46915010358515,1989-07-17T00:00:00Z,2.498943322067511
urn:ioos:station:GOA_RUNOFF_DISCHARGE,urn:ioos:sensor:GOA_RUNOFF_DISCHARGE:q,58.069320239858385,-154.46915010358515,1989-07-18T00:00:00Z,1.770085280692656
urn:ioos:station:GOA_RUNOFF_DISCHARGE,urn:ioos:sensor:GOA_RUNOFF_DISCHARGE:q,58.069320239858385,-154.46915010358515,1989-07-19T00:00:00Z,1.252992794452139
urn:ioos:station:GOA_RUNOFF_DISCHARGE,urn:ioos:sensor:GOA_RUNOFF_DISCHARGE:q,58.069320239858385,-154.46915010358515,1989-07-20T00:00:00Z,0.8868760898469931
urn:ioos:station:GOA_RUNOFF_DISCHARGE,urn:ioos:sensor:GOA_RUNOFF_DISCHARGE:q,58.069320239858385,-154.46915010358515,1989-07-21T00:00:00Z,0.6277283005823088
urn:ioos:station:GOA_RUNOFF_DISCHARGE,urn:ioos:sensor:GOA_RUNOFF_DISCHARGE:q,58.069320239858385,-154.46915010358515,1989-07-22T00:00:00Z,0.44430346229355006
urn:ioos:station:GOA_RUNOFF_DISCHARGE,urn:ioos:sensor:GOA_RUNOFF_DISCHARGE:q,58.069320239858385,-154.46915010358515,1989-07-23T00:00:00Z,0.3144760236903288
urn:ioos:station:GOA_RUNOFF_DISCHARGE,urn:ioos:sensor:GOA_RUNOFF_DISCHARGE:q,58.069320239858385,-154.46915010358515,1989-07-24T00:00:00Z,0.22258473583591878
urn:ioos:station:GOA_RUNOFF_DISCHARGE,urn:ioos:sensor:GOA_RUNOFF_DISCHARGE:q,58.069320239858385,-154.46915010358515,1989-07-25T00:00:00Z,0.15754449121896608
urn:ioos:station:GOA_RUNOFF_DISCHARGE,urn:ioos:sensor:GOA_RUNOFF_DISCHARGE:q,58.069320239858385,-154.46915010358515,1989-07-26T00:00:00Z,0.11150929782403358
urn:ioos:station:GOA_RUNOFF_DISCHARGE,urn:ioos:sensor:GOA_RUNOFF_DISCHARGE:q,58.069320239858385,-154.46915010358515,1989-07-27T00:00:00Z,0.07892578130050087
urn:ioos:station:GOA_RUNOFF_DISCHARGE,urn:ioos:sensor:GOA_RUNOFF_DISCHARGE:q,58.069320239858385,-154.46915010358515,1989-07-28T00:00:00Z,0.19829034593563735
urn:ioos:station:GOA_RUNOFF_DISCHARGE,urn:ioos:sensor:GOA_RUNOFF_DISCHARGE:q,58.069320239858385,-154.46915010358515,1989-07-29T00:00:00Z,2.161223805315598
urn:ioos:station:GOA_RUNOFF_DISCHARGE,urn:ioos:sensor:GOA_RUNOFF_DISCHARGE:q,58.069320239858385,-154.46915010358515,1989-07-30T00:00:00Z,1.6256567154530517
urn:ioos:station:GOA_RUNOFF_DISCHARGE,urn:ioos:sensor:GOA_RUNOFF_DISCHARGE:q,58.069320239858385,-154.46915010358515,1989-07-31T00:00:00Z,1.1602141849230179
urn:ioos:station:GOA_RUNOFF_DISCHARGE,urn:ioos:sensor:GOA_RUNOFF_DISCHARGE:q,58.069320239858385,-154.46915010358515,1989-08-01T00:00:00Z,1.2254248127986473
urn:ioos:station:GOA_RUNOFF_DISCHARGE,urn:ioos:sensor:GOA_RUNOFF_DISCHARGE:q,58.069320239858385,-154.46915010358515,1989-08-02T00:00:00Z,1.1423244854361703
urn:ioos:station:GOA_RUNOFF_DISCHARGE,urn:ioos:sensor:GOA_RUNOFF_DISCHARGE:q,58.069320239858385,-154.46915010358515,1989-08-03T00:00:00Z,0.8225475542400078
urn:ioos:station:GOA_RUNOFF_DISCHARGE,urn:ioos:sensor:GOA_RUNOFF_DISCHARGE:q,58.069320239858385,-154.46915010358515,1989-08-04T00:00:00Z,0.5835950076400965
urn:ioos:station:GOA_RUNOFF_DISCHARGE,urn:ioos:sensor:GOA_RUNOFF_DISCHARGE:q,58.069320239858385,-154.46915010358515,1989-08-05T00:00:00Z,0.4132056973235893
urn:ioos:station:GOA_RUNOFF_DISCHARGE,urn:ioos:sensor:GOA_RUNOFF_DISCHARGE:q,58.069320239858385,-154.46915010358515,1989-08-06T00:00:00Z,0.29247913552279436
urn:ioos:station:GOA_RUNOFF_DISCHARGE,urn:ioos:sensor:GOA_RUNOFF_DISCHARGE:q,58.069320239858385,-154.46915010358515,1989-08-07T00:00:00Z,0.2070168268640849
urn:ioos:station:GOA_RUNOFF_DISCHARGE,urn:ioos:sensor:GOA_RUNOFF_DISCHARGE:q,58.069320239858385,-154.46915010358515,1989-08-08T00:00:00Z,1.7974352717586541
urn:ioos:station:GOA_RUNOFF_DISCHARGE,urn:ioos:sensor:GOA_RUNOFF_DISCHARGE:q,58.069320239858385,-154.46915010358515,1989-08-09T00:00:00Z,1.5961865455650595
urn:ioos:station:GOA_RUNOFF_DISCHARGE,urn:ioos:sensor:GOA_RUNOFF_DISCHARGE:q,58.069320239858385,-154.46915010358515,1989-08-10T00:00:00Z,2.441875306999557
urn:ioos:station:GOA_RUNOFF_DISCHARGE,urn:ioos:sensor:GOA_RUNOFF_DISCHARGE:q,58.069320239858385,-154.46915010358515,1989-08-11T00:00:00Z,2.292309820534934
urn:ioos:station:GOA_RUNOFF_DISCHARGE,urn:ioos:sensor:GOA_RUNOFF_DISCHARGE:q,58.069320239858385,-154.46915010358515,1989-08-12T00:00:00Z,1.6524806085351114
urn:ioos:station:GOA_RUNOFF_DISCHARGE,urn:ioos:sensor:GOA_RUNOFF_DISCHARGE:q,58.069320239858385,-154.46915010358515,1989-08-13T00:00:00Z,1.172613600047848
urn:ioos:station:GOA_RUNOFF_DISCHARGE,urn:ioos:sensor:GOA_RUNOFF_DISCHARGE:q,58.069320239858385,-154.46915010358515,1989-08-14T00:00:00Z,0.8302697754228582
urn:ioos:station:GOA_RUNOFF_DISCHARGE,urn:ioos:sensor:GOA_RUNOFF_DISCHARGE:q,58.069320239858385,-154.46915010358515,1989-08-15T00:00:00Z,0.5876911783897618
urn:ioos:station:GOA_RUNOFF_DISCHARGE,urn:ioos:sensor:GOA_RUNOFF_DISCHARGE:q,58.069320239858385,-154.46915010358515,1989-08-16T00:00:00Z,0.7632116214063331
urn:ioos:station:GOA_RUNOFF_DISCHARGE,urn:ioos:sensor:GOA_RUNOFF_DISCHARGE:q,58.069320239858385,-154.46915010358515,1989-08-17T00:00:00Z,1.3593128687681484
urn:ioos:station:GOA_RUNOFF_DISCHARGE,urn:ioos:sensor:GOA_RUNOFF_DISCHARGE:q,58.069320239858385,-154.46915010358515,1989-08-18T00:00:00Z,1.3718309486545468
urn:ioos:station:GOA_RUNOFF_DISCHARGE,urn:ioos:sensor:GOA_RUNOFF_DISCHARGE:q,58.069320239858385,-154.46915010358515,1989-08-19T00:00:00Z,0.9924393803038859
urn:ioos:station:GOA_RUNOFF_DISCHARGE,urn:ioos:sensor:GOA_RUNOFF_DISCHARGE:q,58.069320239858385,-154.46915010358515,1989-08-20T00:00:00Z,0.7045874140272991
urn:ioos:station:GOA_RUNOFF_DISCHARGE,urn:ioos:sensor:GOA_RUNOFF_DISCHARGE:q,58.069320239858385,-154.46915010358515,1989-08-21T00:00:00Z,0.49891793212508134
urn:ioos:station:GOA_RUNOFF_DISCHARGE,urn:ioos:sensor:GOA_RUNOFF_DISCHARGE:q,58.069320239858385,-154.46915010358515,1989-08-22T00:00:00Z,0.6334551251231516
urn:ioos:station:GOA_RUNOFF_DISCHARGE,urn:ioos:sensor:GOA_RUNOFF_DISCHARGE:q,58.069320239858385,-154.46915010358515,1989-08-23T00:00:00Z,0.9530073563051688
urn:ioos:station:GOA_RUNOFF_DISCHARGE,urn:ioos:sensor:GOA_RUNOFF_DISCHARGE:q,58.069320239858385,-154.46915010358515,1989-08-24T00:00:00Z,3.158386293088944
urn:ioos:station:GOA_RUNOFF_DISCHARGE,urn:ioos:sensor:GOA_RUNOFF_DISCHARGE:q,58.069320239858385,-154.46915010358515,1989-08-25T00:00:00Z,6.42159751080961
urn:ioos:station:GOA_RUNOFF_DISCHARGE,urn:ioos:sensor:GOA_RUNOFF_DISCHARGE:q,58.069320239858385,-154.46915010358515,1989-08-26T00:00:00Z,4.749446310462425
urn:ioos:station:GOA_RUNOFF_DISCHARGE,urn:ioos:sensor:GOA_RUNOFF_DISCHARGE:q,58.069320239858385,-154.46915010358515,1989-08-27T00:00:00Z,3.3820346374959174
urn:ioos:station:GOA_RUNOFF_DISCHARGE,urn:ioos:sensor:GOA_RUNOFF_DISCHARGE:q,58.069320239858385,-154.46915010358515,1989-08-28T00:00:00Z,2.785119313033674
urn:ioos:station:GOA_RUNOFF_DISCHARGE,urn:ioos:sensor:GOA_RUNOFF_DISCHARGE:q,58.069320239858385,-154.46915010358515,1989-08-29T00:00:00Z,1.9899142510887005
urn:ioos:station:GOA_RUNOFF_DISCHARGE,urn:ioos:sensor:GOA_RUNOFF_DISCHARGE:q,58.069320239858385,-154.46915010358515,1989-08-30T00:00:00Z,1.4103118785360136
urn:ioos:station:GOA_RUNOFF_DISCHARGE,urn:ioos:sensor:GOA_RUNOFF_DISCHARGE:q,58.069320239858385,-154.46915010358515,1989-08-31T00:00:00Z,0.9983981405150673
urn:ioos:station:GOA_RUNOFF_DISCHARGE,urn:ioos:sensor:GOA_RUNOFF_DISCHARGE:q,58.069320239858385,-154.46915010358515,1989-09-01T00:00:00Z,8.848626566874566
urn:ioos:station:GOA_RUNOFF_DISCHARGE,urn:ioos:sensor:GOA_RUNOFF_DISCHARGE:q,58.069320239858385,-154.46915010358515,1989-09-02T00:00:00Z,6.675966346494762
urn:ioos:station:GOA_RUNOFF_DISCHARGE,urn:ioos:sensor:GOA_RUNOFF_DISCHARGE:q,58.069320239858385,-154.46915010358515,1989-09-03T00:00:00Z,4.766455627926638
urn:ioos:station:GOA_RUNOFF_DISCHARGE,urn:ioos:sensor:GOA_RUNOFF_DISCHARGE:q,58.069320239858385,-154.46915010358515,1989-09-04T00:00:00Z,4.163231337493463
urn:ioos:station:GOA_RUNOFF_DISCHARGE,urn:ioos:sensor:GOA_RUNOFF_DISCHARGE:q,58.069320239858385,-154.46915010358515,1989-09-05T00:00:00Z,3.4544217207413515
urn:ioos:station:GOA_RUNOFF_DISCHARGE,urn:ioos:sensor:GOA_RUNOFF_DISCHARGE:q,58.069320239858385,-154.46915010358515,1989-09-06T00:00:00Z,3.5025969827904726
urn:ioos:station:GOA_RUNOFF_DISCHARGE,urn:ioos:sensor:GOA_RUNOFF_DISCHARGE:q,58.069320239858385,-154.46915010358515,1989-09-07T00:00:00Z,2.7754427411130393
urn:ioos:station:GOA_RUNOFF_DISCHARGE,urn:ioos:sensor:GOA_RUNOFF_DISCHARGE:q,58.069320239858385,-154.46915010358515,1989-09-08T00:00:00Z,2.893872278076609
urn:ioos:station:GOA_RUNOFF_DISCHARGE,urn:ioos:sensor:GOA_RUNOFF_DISCHARGE:q,58.069320239858385,-154.46915010358515,1989-09-09T00:00:00Z,11.507160311283691
urn:ioos:station:GOA_RUNOFF_DISCHARGE,urn:ioos:sensor:GOA_RUNOFF_DISCHARGE:q,58.069320239858385,-154.46915010358515,1989-09-10T00:00:00Z,8.969908794181652
urn:ioos:station:GOA_RUNOFF_DISCHARGE,urn:ioos:sensor:GOA_RUNOFF_DISCHARGE:q,58.069320239858385,-154.46915010358515,1989-09-11T00:00:00Z,6.836727366451051
urn:ioos:station:GOA_RUNOFF_DISCHARGE,urn:ioos:sensor:GOA_RUNOFF_DISCHARGE:q,58.069320239858385,-154.46915010358515,1989-09-12T00:00:00Z,5.2848869736776685
urn:ioos:station:GOA_RUNOFF_DISCHARGE,urn:ioos:sensor:GOA_RUNOFF_DISCHARGE:q,58.069320239858385,-154.46915010358515,1989-09-13T00:00:00Z,3.7630977082059007
urn:ioos:station:GOA_RUNOFF_DISCHARGE,urn:ioos:sensor:GOA_RUNOFF_DISCHARGE:q,58.069320239858385,-154.46915010358515,1989-09-14T00:00:00Z,3.658043873723702
urn:ioos:station:GOA_RUNOFF_DISCHARGE,urn:ioos:sensor:GOA_RUNOFF_DISCHARGE:q,58.069320239858385,-154.46915010358515,1989-09-15T00:00:00Z,2.6363123864528695
urn:ioos:station:GOA_RUNOFF_DISCHARGE,urn:ioos:sensor:GOA_RUNOFF_DISCHARGE:q,58.069320239858385,-154.46915010358515,1989-09-16T00:00:00Z,3.474824692517562
urn:ioos:station:GOA_RUNOFF_DISCHARGE,urn:ioos:sensor:GOA_RUNOFF_DISCHARGE:q,58.069320239858385,-154.46915010358515,1989-09-17T00:00:00Z,9.150561290799986
urn:ioos:station:GOA_RUNOFF_DISCHARGE,urn:ioos:sensor:GOA_RUNOFF_DISCHARGE:q,58.069320239858385,-154.46915010358515,1989-09-18T00:00:00Z,6.797263834458547
urn:ioos:station:GOA_RUNOFF_DISCHARGE,urn:ioos:sensor:GOA_RUNOFF_DISCHARGE:q,58.069320239858385,-154.46915010358515,1989-09-19T00:00:00Z,8.933068516452648
urn:ioos:station:GOA_RUNOFF_DISCHARGE,urn:ioos:sensor:GOA_RUNOFF_DISCHARGE:q,58.069320239858385,-154.46915010358515,1989-09-20T00:00:00Z,8.142158671581347
urn:ioos:station:GOA_RUNOFF_DISCHARGE,urn:ioos:sensor:GOA_RUNOFF_DISCHARGE:q,58.069320239858385,-154.46915010358515,1989-09-21T00:00:00Z,11.480374175171221
urn:ioos:station:GOA_RUNOFF_DISCHARGE,urn:ioos:sensor:GOA_RUNOFF_DISCHARGE:q,58.069320239858385,-154.46915010358515,1989-09-22T00:00:00Z,9.713756352483735
urn:ioos:station:GOA_RUNOFF_DISCHARGE,urn:ioos:sensor:GOA_RUNOFF_DISCHARGE:q,58.069320239858385,-154.46915010358515,1989-09-23T00:00:00Z,8.481729332302251
urn:ioos:station:GOA_RUNOFF_DISCHARGE,urn:ioos:sensor:GOA_RUNOFF_DISCHARGE:q,58.069320239858385,-154.46915010358515,1989-09-24T00:00:00Z,7.721575499203166
urn:ioos:station:GOA_RUNOFF_DISCHARGE,urn:ioos:sensor:GOA_RUNOFF_DISCHARGE:q,58.069320239858385,-154.46915010358515,1989-09-25T00:00:00Z,5.710399864398971
urn:ioos:station:GOA_RUNOFF_DISCHARGE,urn:ioos:sensor:GOA_RUNOFF_DISCHARGE:q,58.069320239858385,-154.46915010358515,1989-09-26T00:00:00Z,4.0578849193862885
urn:ioos:station:GOA_RUNOFF_DISCHARGE,urn:ioos:sensor:GOA_RUNOFF_DISCHARGE:q,58.069320239858385,-154.46915010358515,1989-09-27T00:00:00Z,6.236597831950401
urn:ioos:station:GOA_RUNOFF_DISCHARGE,urn:ioos:sensor:GOA_RUNOFF_DISCHARGE:q,58.069320239858385,-154.46915010358515,1989-09-28T00:00:00Z,4.573477256761876
urn:ioos:station:GOA_RUNOFF_DISCHARGE,urn:ioos:sensor:GOA_RUNOFF_DISCHARGE:q,58.069320239858385,-154.46915010358515,1989-09-29T00:00:00Z,3.6577673400997366
urn:ioos:station:GOA_RUNOFF_DISCHARGE,urn:ioos:sensor:GOA_RUNOFF_DISCHARGE:q,58.069320239858385,-154.46915010358515,1989-09-30T00:00:00Z,3.9445013974944736
urn:ioos:station:GOA_RUNOFF_DISCHARGE,urn:ioos:sensor:GOA_RUNOFF_DISCHARGE:q,58.069320239858385,-154.46915010358515,1989-10-01T00:00:00Z,4.37328743596281
urn:ioos:station:GOA_RUNOFF_DISCHARGE,urn:ioos:sensor:GOA_RUNOFF_DISCHARGE:q,58.069320239858385,-154.46915010358515,1989-10-02T00:00:00Z,3.1736287948681614
urn:ioos:station:GOA_RUNOFF_DISCHARGE,urn:ioos:sensor:GOA_RUNOFF_DISCHARGE:q,58.069320239858385,-154.46915010358515,1989-10-03T00:00:00Z,5.379686173088088
urn:ioos:station:GOA_RUNOFF_DISCHARGE,urn:ioos:sensor:GOA_RUNOFF_DISCHARGE:q,58.069320239858385,-154.46915010358515,1989-10-04T00:00:00Z,7.393163009676494
urn:ioos:station:GOA_RUNOFF_DISCHARGE,urn:ioos:sensor:GOA_RUNOFF_DISCHARGE:q,58.069320239858385,-154.46915010358515,1989-10-05T00:00:00Z,7.045653123865634
urn:ioos:station:GOA_RUNOFF_DISCHARGE,urn:ioos:sensor:GOA_RUNOFF_DISCHARGE:q,58.069320239858385,-154.46915010358515,1989-10-06T00:00:00Z,9.646080076092233
urn:ioos:station:GOA_RUNOFF_DISCHARGE,urn:ioos:sensor:GOA_RUNOFF_DISCHARGE:q,58.069320239858385,-154.46915010358515,1989-10-07T00:00:00Z,7.5731871882224855
urn:ioos:station:GOA_RUNOFF_DISCHARGE,urn:ioos:sensor:GOA_RUNOFF_DISCHARGE:q,58.069320239858385,-154.46915010358515,1989-10-08T00:00:00Z,5.407390579750168
urn:ioos:station:GOA_RUNOFF_DISCHARGE,urn:ioos:sensor:GOA_RUNOFF_DISCHARGE:q,58.069320239858385,-154.46915010358515,1989-10-09T00:00:00Z,3.8320327256602504
urn:ioos:station:GOA_RUNOFF_DISCHARGE,urn:ioos:sensor:GOA_RUNOFF_DISCHARGE:q,58.069320239858385,-154.46915010358515,1989-10-10T00:00:00Z,3.33040283670461
urn:ioos:station:GOA_RUNOFF_DISCHARGE,urn:ioos:sensor:GOA_RUNOFF_DISCHARGE:q,58.069320239858385,-154.46915010358515,1989-10-11T00:00:00Z,2.386508592038703
urn:ioos:station:GOA_RUNOFF_DISCHARGE,urn:ioos:sensor:GOA_RUNOFF_DISCHARGE:q,58.069320239858385,-154.46915010358515,1989-10-12T00:00:00Z,1.6920825388969836
urn:ioos:station:GOA_RUNOFF_DISCHARGE,urn:ioos:sensor:GOA_RUNOFF_DISCHARGE:q,58.069320239858385,-154.46915010358515,1989-10-13T00:00:00Z,2.027123941955714
urn:ioos:station:GOA_RUNOFF_DISCHARGE,urn:ioos:sensor:GOA_RUNOFF_DISCHARGE:q,58.069320239858385,-154.46915010358515,1989-10-14T00:00:00Z,1.474043406728367
urn:ioos:station:GOA_RUNOFF_DISCHARGE,urn:ioos:sensor:GOA_RUNOFF_DISCHARGE:q,58.069320239858385,-154.46915010358515,1989-10-15T00:00:00Z,1.047241253630821
urn:ioos:station:GOA_RUNOFF_DISCHARGE,urn:ioos:sensor:GOA_RUNOFF_DISCHARGE:q,58.069320239858385,-154.46915010358515,1989-10-16T00:00:00Z,0.7416241069326024
urn:ioos:station:GOA_RUNOFF_DISCHARGE,urn:ioos:sensor:GOA_RUNOFF_DISCHARGE:q,58.069320239858385,-154.46915010358515,1989-10-17T00:00:00Z,0.5249572827397196
urn:ioos:station:GOA_RUNOFF_DISCHARGE,urn:ioos:sensor:GOA_RUNOFF_DISCHARGE:q,58.069320239858385,-154.46915010358515,1989-10-18T00:00:00Z,0.3385619444688801
urn:ioos:station:GOA_RUNOFF_DISCHARGE,urn:ioos:sensor:GOA_RUNOFF_DISCHARGE:q,58.069320239858385,-154.46915010358515,1989-10-19T00:00:00Z,0.7317317809000249
urn:ioos:station:GOA_RUNOFF_DISCHARGE,urn:ioos:sensor:GOA_RUNOFF_DISCHARGE:q,58.069320239858385,-154.46915010358515,1989-10-20T00:00:00Z,0.7936907048824287
urn:ioos:station:GOA_RUNOFF_DISCHARGE,urn:ioos:sensor:GOA_RUNOFF_DISCHARGE:q,58.069320239858385,-154.46915010358515,1989-10-21T00:00:00Z,0.5245191966465675
urn:ioos:station:GOA_RUNOFF_DISCHARGE,urn:ioos:sensor:GOA_RUNOFF_DISCHARGE:q,58.069320239858385,-154.46915010358515,1989-10-22T00:00:00Z,0.3441616845754931
urn:ioos:station:GOA_RUNOFF_DISCHARGE,urn:ioos:sensor:GOA_RUNOFF_DISCHARGE:q,58.069320239858385,-154.46915010358515,1989-10-23T00:00:00Z,2.0177688962848284
urn:ioos:station:GOA_RUNOFF_DISCHARGE,urn:ioos:sensor:GOA_RUNOFF_DISCHARGE:q,58.069320239858385,-154.46915010358515,1989-10-24T00:00:00Z,1.8729455273318458
urn:ioos:station:GOA_RUNOFF_DISCHARGE,urn:ioos:sensor:GOA_RUNOFF_DISCHARGE:q,58.069320239858385,-154.46915010358515,1989-10-25T00:00:00Z,1.233749501027621
urn:ioos:station:GOA_RUNOFF_DISCHARGE,urn:ioos:sensor:GOA_RUNOFF_DISCHARGE:q,58.069320239858385,-154.46915010358515,1989-10-26T00:00:00Z,0.8019276443353864
urn:ioos:station:GOA_RUNOFF_DISCHARGE,urn:ioos:sensor:GOA_RUNOFF_DISCHARGE:q,58.069320239858385,-154.46915010358515,1989-10-27T00:00:00Z,2.3344208133498388
urn:ioos:station:GOA_RUNOFF_DISCHARGE,urn:ioos:sensor:GOA_RUNOFF_DISCHARGE:q,58.069320239858385,-154.46915010358515,1989-10-28T00:00:00Z,2.1286665098234288
urn:ioos:station:GOA_RUNOFF_DISCHARGE,urn:ioos:sensor:GOA_RUNOFF_DISCHARGE:q,58.069320239858385,-154.46915010358515,1989-10-29T00:00:00Z,1.5335979879364618
urn:ioos:station:GOA_RUNOFF_DISCHARGE,urn:ioos:sensor:GOA_RUNOFF_DISCHARGE:q,58.069320239858385,-154.46915010358515,1989-10-30T00:00:00Z,1.0881637570266456
urn:ioos:station:GOA_RUNOFF_DISCHARGE,urn:ioos:sensor:GOA_RUNOFF_DISCHARGE:q,58.069320239858385,-154.46915010358515,1989-10-31T00:00:00Z,2.6099467077439176
urn:ioos:station:GOA_RUNOFF_DISCHARGE,urn:ioos:sensor:GOA_RUNOFF_DISCHARGE:q,58.069320239858385,-154.46915010358515,1989-11-01T00:00:00Z,3.7731113301477532
urn:ioos:station:GOA_RUNOFF_DISCHARGE,urn:ioos:sensor:GOA_RUNOFF_DISCHARGE:q,58.069320239858385,-154.46915010358515,1989-11-02T00:00:00Z,4.390937174778815
urn:ioos:station:GOA_RUNOFF_DISCHARGE,urn:ioos:sensor:GOA_RUNOFF_DISCHARGE:q,58.069320239858385,-154.46915010358515,1989-11-03T00:00:00Z,3.3024847808487525
urn:ioos:station:GOA_RUNOFF_DISCHARGE,urn:ioos:sensor:GOA_RUNOFF_DISCHARGE:q,58.069320239858385,-154.46915010358515,1989-11-04T00:00:00Z,2.5545047419586546
urn:ioos:station:GOA_RUNOFF_DISCHARGE,urn:ioos:sensor:GOA_RUNOFF_DISCHARGE:q,58.069320239858385,-154.46915010358515,1989-11-05T00:00:00Z,3.5147531483098255
urn:ioos:station:GOA_RUNOFF_DISCHARGE,urn:ioos:sensor:GOA_RUNOFF_DISCHARGE:q,58.069320239858385,-154.46915010358515,1989-11-06T00:00:00Z,2.555509051038271
urn:ioos:station:GOA_RUNOFF_DISCHARGE,urn:ioos:sensor:GOA_RUNOFF_DISCHARGE:q,58.069320239858385,-154.46915010358515,1989-11-07T00:00:00Z,1.8155466454397844
urn:ioos:station:GOA_RUNOFF_DISCHARGE,urn:ioos:sensor:GOA_RUNOFF_DISCHARGE:q,58.069320239858385,-154.46915010358515,1989-11-08T00:00:00Z,1.2857116424134944
urn:ioos:station:GOA_RUNOFF_DISCHARGE,urn:ioos:sensor:GOA_RUNOFF_DISCHARGE:q,58.069320239858385,-154.46915010358515,1989-11-09T00:00:00Z,0.9100884038082541
urn:ioos:station:GOA_RUNOFF_DISCHARGE,urn:ioos:sensor:GOA_RUNOFF_DISCHARGE:q,58.069320239858385,-154.46915010358515,1989-11-10T00:00:00Z,0.5869454453510132
urn:ioos:station:GOA_RUNOFF_DISCHARGE,urn:ioos:sensor:GOA_RUNOFF_DISCHARGE:q,58.069320239858385,-154.46915010358515,1989-11-11T00:00:00Z,0.38083199016264974
urn:ioos:station:GOA_RUNOFF_DISCHARGE,urn:ioos:sensor:GOA_RUNOFF_DISCHARGE:q,58.069320239858385,-154.46915010358515,1989-11-12T00:00:00Z,0.2472274403585371
urn:ioos:station:GOA_RUNOFF_DISCHARGE,urn:ioos:sensor:GOA_RUNOFF_DISCHARGE:q,58.069320239858385,-154.46915010358515,1989-11-13T00:00:00Z,0.16050168746045526
urn:ioos:station:GOA_RUNOFF_DISCHARGE,urn:ioos:sensor:GOA_RUNOFF_DISCHARGE:q,58.069320239858385,-154.46915010358515,1989-11-14T00:00:00Z,0.10419915548372276
urn:ioos:station:GOA_RUNOFF_DISCHARGE,urn:ioos:sensor:GOA_RUNOFF_DISCHARGE:q,58.069320239858385,-154.46915010358515,1989-11-15T00:00:00Z,0.0676470665407909
urn:ioos:station:GOA_RUNOFF_DISCHARGE,urn:ioos:sensor:GOA_RUNOFF_DISCHARGE:q,58.069320239858385,-154.46915010358515,1989-11-16T00:00:00Z,0.04391711126876716
urn:ioos:station:GOA_RUNOFF_DISCHARGE,urn:ioos:sensor:GOA_RUNOFF_DISCHARGE:q,58.069320239858385,-154.46915010358515,1989-11-17T00:00:00Z,0.02851140021954152
urn:ioos:station:GOA_RUNOFF_DISCHARGE,urn:ioos:sensor:GOA_RUNOFF_DISCHARGE:q,58.069320239858385,-154.46915010358515,1989-11-18T00:00:00Z,0.01850986716805028
urn:ioos:station:GOA_RUNOFF_DISCHARGE,urn:ioos:sensor:GOA_RUNOFF_DISCHARGE:q,58.069320239858385,-154.46915010358515,1989-11-19T00:00:00Z,0.012016779441802721
urn:ioos:station:GOA_RUNOFF_DISCHARGE,urn:ioos:sensor:GOA_RUNOFF_DISCHARGE:q,58.069320239858385,-154.46915010358515,1989-11-20T00:00:00Z,0.007801406909210781
urn:ioos:station:GOA_RUNOFF_DISCHARGE,urn:ioos:sensor:GOA_RUNOFF_DISCHARGE:q,58.069320239858385,-154.46915010358515,1989-11-21T00:00:00Z,3.223628494737053
urn:ioos:station:GOA_RUNOFF_DISCHARGE,urn:ioos:sensor:GOA_RUNOFF_DISCHARGE:q,58.069320239858385,-154.46915010358515,1989-11-22T00:00:00Z,6.883011359528654
urn:ioos:station:GOA_RUNOFF_DISCHARGE,urn:ioos:sensor:GOA_RUNOFF_DISCHARGE:q,58.069320239858385,-154.46915010358515,1989-11-23T00:00:00Z,5.092982110777207
urn:ioos:station:GOA_RUNOFF_DISCHARGE,urn:ioos:sensor:GOA_RUNOFF_DISCHARGE:q,58.069320239858385,-154.46915010358515,1989-11-24T00:00:00Z,3.327276243884834
urn:ioos:station:GOA_RUNOFF_DISCHARGE,urn:ioos:sensor:GOA_RUNOFF_DISCHARGE:q,58.069320239858385,-154.46915010358515,1989-11-25T00:00:00Z,2.1612702450726196
urn:ioos:station:GOA_RUNOFF_DISCHARGE,urn:ioos:sensor:GOA_RUNOFF_DISCHARGE:q,58.069320239858385,-154.46915010358515,1989-11-26T00:00:00Z,1.4031825207101574
urn:ioos:station:GOA_RUNOFF_DISCHARGE,urn:ioos:sensor:GOA_RUNOFF_DISCHARGE:q,58.069320239858385,-154.46915010358515,1989-11-27T00:00:00Z,0.9109629973059344
urn:ioos:station:GOA_RUNOFF_DISCHARGE,urn:ioos:sensor:GOA_RUNOFF_DISCHARGE:q,58.069320239858385,-154.46915010358515,1989-11-28T00:00:00Z,0.5914058985006599
urn:ioos:station:GOA_RUNOFF_DISCHARGE,urn:ioos:sensor:GOA_RUNOFF_DISCHARGE:q,58.069320239858385,-154.46915010358515,1989-11-29T00:00:00Z,0.3839462823668973
urn:ioos:station:GOA_RUNOFF_DISCHARGE,urn:ioos:sensor:GOA_RUNOFF_DISCHARGE:q,58.069320239858385,-154.46915010358515,1989-11-30T00:00:00Z,0.2492615313165052
urn:ioos:station:GOA_RUNOFF_DISCHARGE,urn:ioos:sensor:GOA_RUNOFF_DISCHARGE:q,58.069320239858385,-154.46915010358515,1989-12-01T00:00:00Z,0.21331729093899024
urn:ioos:station:GOA_RUNOFF_DISCHARGE,urn:ioos:sensor:GOA_RUNOFF_DISCHARGE:q,58.069320239858385,-154.46915010358515,1989-12-02T00:00:00Z,6.99176879752269
urn:ioos:station:GOA_RUNOFF_DISCHARGE,urn:ioos:sensor:GOA_RUNOFF_DISCHARGE:q,58.069320239858385,-154.46915010358515,1989-12-03T00:00:00Z,6.224646106607852
urn:ioos:station:GOA_RUNOFF_DISCHARGE,urn:ioos:sensor:GOA_RUNOFF_DISCHARGE:q,58.069320239858385,-154.46915010358515,1989-12-04T00:00:00Z,4.092436624840075
urn:ioos:station:GOA_RUNOFF_DISCHARGE,urn:ioos:sensor:GOA_RUNOFF_DISCHARGE:q,58.069320239858385,-154.46915010358515,1989-12-05T00:00:00Z,2.6597296010417835
urn:ioos:station:GOA_RUNOFF_DISCHARGE,urn:ioos:sensor:GOA_RUNOFF_DISCHARGE:q,58.069320239858385,-154.46915010358515,1989-12-06T00:00:00Z,8.361493249323317
urn:ioos:station:GOA_RUNOFF_DISCHARGE,urn:ioos:sensor:GOA_RUNOFF_DISCHARGE:q,58.069320239858385,-154.46915010358515,1989-12-07T00:00:00Z,10.784179859213268
urn:ioos:station:GOA_RUNOFF_DISCHARGE,urn:ioos:sensor:GOA_RUNOFF_DISCHARGE:q,58.069320239858385,-154.46915010358515,1989-12-08T00:00:00Z,8.163085767980716
urn:ioos:station:GOA_RUNOFF_DISCHARGE,urn:ioos:sensor:GOA_RUNOFF_DISCHARGE:q,58.069320239858385,-154.46915010358515,1989-12-09T00:00:00Z,9.95852360395789
urn:ioos:station:GOA_RUNOFF_DISCHARGE,urn:ioos:sensor:GOA_RUNOFF_DISCHARGE:q,58.069320239858385,-154.46915010358515,1989-12-10T00:00:00Z,11.454629973550574
urn:ioos:station:GOA_RUNOFF_DISCHARGE,urn:ioos:sensor:GOA_RUNOFF_DISCHARGE:q,58.069320239858385,-154.46915010358515,1989-12-11T00:00:00Z,10.711779093999759
urn:ioos:station:GOA_RUNOFF_DISCHARGE,urn:ioos:sensor:GOA_RUNOFF_DISCHARGE:q,58.069320239858385,-154.46915010358515,1989-12-12T00:00:00Z,11.344934268284357
urn:ioos:station:GOA_RUNOFF_DISCHARGE,urn:ioos:sensor:GOA_RUNOFF_DISCHARGE:q,58.069320239858385,-154.46915010358515,1989-12-13T00:00:00Z,7.833387699684588
urn:ioos:station:GOA_RUNOFF_DISCHARGE,urn:ioos:sensor:GOA_RUNOFF_DISCHARGE:q,58.069320239858385,-154.46915010358515,1989-12-14T00:00:00Z,5.222345118920863
urn:ioos:station:GOA_RUNOFF_DISCHARGE,urn:ioos:sensor:GOA_RUNOFF_DISCHARGE:q,58.069320239858385,-154.46915010358515,1989-12-15T00:00:00Z,3.9113152577004224
urn:ioos:station:GOA_RUNOFF_DISCHARGE,urn:ioos:sensor:GOA_RUNOFF_DISCHARGE:q,58.069320239858385,-154.46915010358515,1989-12-16T00:00:00Z,2.580055027993325
urn:ioos:station:GOA_RUNOFF_DISCHARGE,urn:ioos:sensor:GOA_RUNOFF_DISCHARGE:q,58.069320239858385,-154.46915010358515,1989-12-17T00:00:00Z,4.008933731878485
urn:ioos:station:GOA_RUNOFF_DISCHARGE,urn:ioos:sensor:GOA_RUNOFF_DISCHARGE:q,58.069320239858385,-154.46915010358515,1989-12-18T00:00:00Z,2.7880314673153603
urn:ioos:station:GOA_RUNOFF_DISCHARGE,urn:ioos:sensor:GOA_RUNOFF_DISCHARGE:q,58.069320239858385,-154.46915010358515,1989-12-19T00:00:00Z,1.8174805390041497
urn:ioos:station:GOA_RUNOFF_DISCHARGE,urn:ioos:sensor:GOA_RUNOFF_DISCHARGE:q,58.069320239858385,-154.46915010358515,1989-12-20T00:00:00Z,1.7349473555298345
urn:ioos:station:GOA_RUNOFF_DISCHARGE,urn:ioos:sensor:GOA_RUNOFF_DISCHARGE:q,58.069320239858385,-154.46915010358515,1989-12-21T00:00:00Z,1.4840030901422339
urn:ioos:station:GOA_RUNOFF_DISCHARGE,urn:ioos:sensor:GOA_RUNOFF_DISCHARGE:q,58.069320239858385,-154.46915010358515,1989-12-22T00:00:00Z,1.3615921004690075
urn:ioos:station:GOA_RUNOFF_DISCHARGE,urn:ioos:sensor:GOA_RUNOFF_DISCHARGE:q,58.069320239858385,-154.46915010358515,1989-12-23T00:00:00Z,0.8951038860616705
urn:ioos:station:GOA_RUNOFF_DISCHARGE,urn:ioos:sensor:GOA_RUNOFF_DISCHARGE:q,58.069320239858385,-154.46915010358515,1989-12-24T00:00:00Z,0.5817354439984431
urn:ioos:station:GOA_RUNOFF_DISCHARGE,urn:ioos:sensor:GOA_RUNOFF_DISCHARGE:q,58.069320239858385,-154.46915010358515,1989-12-25T00:00:00Z,0.3777032595353621
urn:ioos:station:GOA_RUNOFF_DISCHARGE,urn:ioos:sensor:GOA_RUNOFF_DISCHARGE:q,58.069320239858385,-154.46915010358515,1989-12-26T00:00:00Z,0.24521045186066207
urn:ioos:station:GOA_RUNOFF_DISCHARGE,urn:ioos:sensor:GOA_RUNOFF_DISCHARGE:q,58.069320239858385,-154.46915010358515,1989-12-27T00:00:00Z,0.1591930532592217
urn:ioos:station:GOA_RUNOFF_DISCHARGE,urn:ioos:sensor:GOA_RUNOFF_DISCHARGE:q,58.069320239858385,-154.46915010358515,1989-12-28T00:00:00Z,0.10334962366794796
urn:ioos:station:GOA_RUNOFF_DISCHARGE,urn:ioos:sensor:GOA_RUNOFF_DISCHARGE:q,58.069320239858385,-154.46915010358515,1989-12-29T00:00:00Z,0.0670955492033054
urn:ioos:station:GOA_RUNOFF_DISCHARGE,urn:ioos:sensor:GOA_RUNOFF_DISCHARGE:q,58.069320239858385,-154.46915010358515,1989-12-30T00:00:00Z,0.043559057288747455
urn:ioos:station:GOA_RUNOFF_DISCHARGE,urn:ioos:sensor:GOA_RUNOFF_DISCHARGE:q,58.069320239858385,-154.46915010358515,1989-12-31T00:00:00Z,0.028278948597582412
urn:ioos:station:GOA_RUNOFF_DISCHARGE,urn:ioos:sensor:GOA_RUNOFF_DISCHARGE:q,58.069320239858385,-154.46915010358515,1990-01-01T00:00:00Z,0.01835896056915492
urn:ioos:station:GOA_RUNOFF_DISCHARGE,urn:ioos:sensor:GOA_RUNOFF_DISCHARGE:q,58.069320239858385,-154.46915010358515,1990-01-02T00:00:00Z,0.011918809273621985
urn:ioos:station:GOA_RUNOFF_DISCHARGE,urn:ioos:sensor:GOA_RUNOFF_DISCHARGE:q,58.069320239858385,-154.46915010358515,1990-01-03T00:00:00Z,0.007737802510675509
urn:ioos:station:GOA_RUNOFF_DISCHARGE,urn:ioos:sensor:GOA_RUNOFF_DISCHARGE:q,58.069320239858385,-154.46915010358515,1990-01-04T00:00:00Z,1.9705692638053214
urn:ioos:station:GOA_RUNOFF_DISCHARGE,urn:ioos:sensor:GOA_RUNOFF_DISCHARGE:q,58.069320239858385,-154.46915010358515,1990-01-05T00:00:00Z,2.1411661716758807
urn:ioos:station:GOA_RUNOFF_DISCHARGE,urn:ioos:sensor:GOA_RUNOFF_DISCHARGE:q,58.069320239858385,-154.46915010358515,1990-01-06T00:00:00Z,1.4151037247393092
urn:ioos:station:GOA_RUNOFF_DISCHARGE,urn:ioos:sensor:GOA_RUNOFF_DISCHARGE:q,58.069320239858385,-154.46915010358515,1990-01-07T00:00:00Z,0.920104130668272
urn:ioos:station:GOA_RUNOFF_DISCHARGE,urn:ioos:sensor:GOA_RUNOFF_DISCHARGE:q,58.069320239858385,-154.46915010358515,1990-01-08T00:00:00Z,0.5974191892480609
urn:ioos:station:GOA_RUNOFF_DISCHARGE,urn:ioos:sensor:GOA_RUNOFF_DISCHARGE:q,58.069320239858385,-154.46915010358515,1990-01-09T00:00:00Z,0.3878545233916173
urn:ioos:station:GOA_RUNOFF_DISCHARGE,urn:ioos:sensor:GOA_RUNOFF_DISCHARGE:q,58.069320239858385,-154.46915010358515,1990-01-10T00:00:00Z,0.25179905949878856
urn:ioos:station:GOA_RUNOFF_DISCHARGE,urn:ioos:sensor:GOA_RUNOFF_DISCHARGE:q,58.069320239858385,-154.46915010358515,1990-01-11T00:00:00Z,0.16347032919446827
urn:ioos:station:GOA_RUNOFF_DISCHARGE,urn:ioos:sensor:GOA_RUNOFF_DISCHARGE:q,58.069320239858385,-154.46915010358515,1990-01-12T00:00:00Z,0.10612647117882157
urn:ioos:station:GOA_RUNOFF_DISCHARGE,urn:ioos:sensor:GOA_RUNOFF_DISCHARGE:q,58.069320239858385,-154.46915010358515,1990-01-13T00:00:00Z,0.06889830061033723
urn:ioos:station:GOA_RUNOFF_DISCHARGE,urn:ioos:sensor:GOA_RUNOFF_DISCHARGE:q,58.069320239858385,-154.46915010358515,1990-01-14T00:00:00Z,0.04472942467799816
urn:ioos:station:GOA_RUNOFF_DISCHARGE,urn:ioos:sensor:GOA_RUNOFF_DISCHARGE:q,58.069320239858385,-154.46915010358515,1990-01-15T00:00:00Z,2.2366994612964475
urn:ioos:station:GOA_RUNOFF_DISCHARGE,urn:ioos:sensor:GOA_RUNOFF_DISCHARGE:q,58.069320239858385,-154.46915010358515,1990-01-16T00:00:00Z,4.276802197101989
urn:ioos:station:GOA_RUNOFF_DISCHARGE,urn:ioos:sensor:GOA_RUNOFF_DISCHARGE:q,58.069320239858385,-154.46915010358515,1990-01-17T00:00:00Z,6.29728104396725
urn:ioos:station:GOA_RUNOFF_DISCHARGE,urn:ioos:sensor:GOA_RUNOFF_DISCHARGE:q,58.069320239858385,-154.46915010358515,1990-01-18T00:00:00Z,7.2051617175135725
urn:ioos:station:GOA_RUNOFF_DISCHARGE,urn:ioos:sensor:GOA_RUNOFF_DISCHARGE:q,58.069320239858385,-154.46915010358515,1990-01-19T00:00:00Z,5.657371713519761
urn:ioos:station:GOA_RUNOFF_DISCHARGE,urn:ioos:sensor:GOA_RUNOFF_DISCHARGE:q,58.069320239858385,-154.46915010358515,1990-01-20T00:00:00Z,7.919460434611233
urn:ioos:station:GOA_RUNOFF_DISCHARGE,urn:ioos:sensor:GOA_RUNOFF_DISCHARGE:q,58.069320239858385,-154.46915010358515,1990-01-21T00:00:00Z,6.496466292571928
urn:ioos:station:GOA_RUNOFF_DISCHARGE,urn:ioos:sensor:GOA_RUNOFF_DISCHARGE:q,58.069320239858385,-154.46915010358515,1990-01-22T00:00:00Z,4.257868984434696
urn:ioos:station:GOA_RUNOFF_DISCHARGE,urn:ioos:sensor:GOA_RUNOFF_DISCHARGE:q,58.069320239858385,-154.46915010358515,1990-01-23T00:00:00Z,2.7665110471081484
urn:ioos:station:GOA_RUNOFF_DISCHARGE,urn:ioos:sensor:GOA_RUNOFF_DISCHARGE:q,58.069320239858385,-154.46915010358515,1990-01-24T00:00:00Z,1.7961719261873208
urn:ioos:station:GOA_RUNOFF_DISCHARGE,urn:ioos:sensor:GOA_RUNOFF_DISCHARGE:q,58.069320239858385,-154.46915010358515,1990-01-25T00:00:00Z,1.1660987467688726
urn:ioos:station:GOA_RUNOFF_DISCHARGE,urn:ioos:sensor:GOA_RUNOFF_DISCHARGE:q,58.069320239858385,-154.46915010358515,1990-01-26T00:00:00Z,0.7570426982720856
urn:ioos:station:GOA_RUNOFF_DISCHARGE,urn:ioos:sensor:GOA_RUNOFF_DISCHARGE:q,58.069320239858385,-154.46915010358515,1990-01-27T00:00:00Z,0.4914792828863119
urn:ioos:station:GOA_RUNOFF_DISCHARGE,urn:ioos:sensor:GOA_RUNOFF_DISCHARGE:q,58.069320239858385,-154.46915010358515,1990-01-28T00:00:00Z,0.3190729018485638
urn:ioos:station:GOA_RUNOFF_DISCHARGE,urn:ioos:sensor:GOA_RUNOFF_DISCHARGE:q,58.069320239858385,-154.46915010358515,1990-01-29T00:00:00Z,0.20714512820412895
urn:ioos:station:GOA_RUNOFF_DISCHARGE,urn:ioos:sensor:GOA_RUNOFF_DISCHARGE:q,58.069320239858385,-154.46915010358515,1990-01-30T00:00:00Z,0.13448057398835844
urn:ioos:station:GOA_RUNOFF_DISCHARGE,urn:ioos:sensor:GOA_RUNOFF_DISCHARGE:q,58.069320239858385,-154.46915010358515,1990-01-31T00:00:00Z,0.0873060443024402
urn:ioos:station:GOA_RUNOFF_DISCHARGE,urn:ioos:sensor:GOA_RUNOFF_DISCHARGE:q,58.069320239858385,-154.46915010358515,1990-02-01T00:00:00Z,0.05667990022538614
urn:ioos:station:GOA_RUNOFF_DISCHARGE,urn:ioos:sensor:GOA_RUNOFF_DISCHARGE:q,58.069320239858385,-154.46915010358515,1990-02-02T00:00:00Z,0.03679712690661568
urn:ioos:station:GOA_RUNOFF_DISCHARGE,urn:ioos:sensor:GOA_RUNOFF_DISCHARGE:q,58.069320239858385,-154.46915010358515,1990-02-03T00:00:00Z,0.023889036929066926
urn:ioos:station:GOA_RUNOFF_DISCHARGE,urn:ioos:sensor:GOA_RUNOFF_DISCHARGE:q,58.069320239858385,-154.46915010358515,1990-02-04T00:00:00Z,0.01550898668008668
urn:ioos:station:GOA_RUNOFF_DISCHARGE,urn:ioos:sensor:GOA_RUNOFF_DISCHARGE:q,58.069320239858385,-154.46915010358515,1990-02-05T00:00:00Z,0.010068580039574684
urn:ioos:station:GOA_RUNOFF_DISCHARGE,urn:ioos:sensor:GOA_RUNOFF_DISCHARGE:q,58.069320239858385,-154.46915010358515,1990-02-06T00:00:00Z,0.006536616262222911
urn:ioos:station:GOA_RUNOFF_DISCHARGE,urn:ioos:sensor:GOA_RUNOFF_DISCHARGE:q,58.069320239858385,-154.46915010358515,1990-02-07T00:00:00Z,0.0042436324464803325
urn:ioos:station:GOA_RUNOFF_DISCHARGE,urn:ioos:sensor:GOA_RUNOFF_DISCHARGE:q,58.069320239858385,-154.46915010358515,1990-02-08T00:00:00Z,0.0027550061584804605
urn:ioos:station:GOA_RUNOFF_DISCHARGE,urn:ioos:sensor:GOA_RUNOFF_DISCHARGE:q,58.069320239858385,-154.46915010358515,1990-02-09T00:00:00Z,0.001788575841814409
urn:ioos:station:GOA_RUNOFF_DISCHARGE,urn:ioos:sensor:GOA_RUNOFF_DISCHARGE:q,58.069320239858385,-154.46915010358515,1990-02-10T00:00:00Z,0.0011611601709136659
urn:ioos:station:GOA_RUNOFF_DISCHARGE,urn:ioos:sensor:GOA_RUNOFF_DISCHARGE:q,58.069320239858385,-154.46915010358515,1990-02-11T00:00:00Z,7.538360872143702E-4
urn:ioos:station:GOA_RUNOFF_DISCHARGE,urn:ioos:sensor:GOA_RUNOFF_DISCHARGE:q,58.069320239858385,-154.46915010358515,1990-02-12T00:00:00Z,4.893974240070157E-4
urn:ioos:station:GOA_RUNOFF_DISCHARGE,urn:ioos:sensor:GOA_RUNOFF_DISCHARGE:q,58.069320239858385,-154.46915010358515,1990-02-13T00:00:00Z,3.177214277320437E-4
urn:ioos:station:GOA_RUNOFF_DISCHARGE,urn:ioos:sensor:GOA_RUNOFF_DISCHARGE:q,58.069320239858385,-154.46915010358515,1990-02-14T00:00:00Z,2.0626773564321209E-4
urn:ioos:station:GOA_RUNOFF_DISCHARGE,urn:ioos:sensor:GOA_RUNOFF_DISCHARGE:q,58.069320239858385,-154.46915010358515,1990-02-15T00:00:00Z,1.339109247927819E-4
urn:ioos:station:GOA_RUNOFF_DISCHARGE,urn:ioos:sensor:GOA_RUNOFF_DISCHARGE:q,58.069320239858385,-154.46915010358515,1990-02-16T00:00:00Z,8.693623411550566E-5
urn:ioos:station:GOA_RUNOFF_DISCHARGE,urn:ioos:sensor:GOA_RUNOFF_DISCHARGE:q,58.069320239858385,-154.46915010358515,1990-02-17T00:00:00Z,5.643981657279721E-5
urn:ioos:station:GOA_RUNOFF_DISCHARGE,urn:ioos:sensor:GOA_RUNOFF_DISCHARGE:q,58.069320239858385,-154.46915010358515,1990-02-18T00:00:00Z,3.6641261146731576E-5
urn:ioos:station:GOA_RUNOFF_DISCHARGE,urn:ioos:sensor:GOA_RUNOFF_DISCHARGE:q,58.069320239858385,-154.46915010358515,1990-02-19T00:00:00Z,2.3787848053358147E-5
urn:ioos:station:GOA_RUNOFF_DISCHARGE,urn:ioos:sensor:GOA_RUNOFF_DISCHARGE:q,58.069320239858385,-154.46915010358515,1990-02-20T00:00:00Z,1.544329454678483E-5
urn:ioos:station:GOA_RUNOFF_DISCHARGE,urn:ioos:sensor:GOA_RUNOFF_DISCHARGE:q,58.069320239858385,-154.46915010358515,1990-02-21T00:00:00Z,1.002593200825041E-5
urn:ioos:station:GOA_RUNOFF_DISCHARGE,urn:ioos:sensor:GOA_RUNOFF_DISCHARGE:q,58.069320239858385,-154.46915010358515,1990-02-22T00:00:00Z,6.508929410666977E-6
urn:ioos:station:GOA_RUNOFF_DISCHARGE,urn:ioos:sensor:GOA_RUNOFF_DISCHARGE:q,58.069320239858385,-154.46915010358515,1990-02-23T00:00:00Z,4.225657704072812E-6
urn:ioos:station:GOA_RUNOFF_DISCHARGE,urn:ioos:sensor:GOA_RUNOFF_DISCHARGE:q,58.069320239858385,-154.46915010358515,1990-02-24T00:00:00Z,2.7433366313736504E-6
urn:ioos:station:GOA_RUNOFF_DISCHARGE,urn:ioos:sensor:GOA_RUNOFF_DISCHARGE:q,58.069320239858385,-154.46915010358515,1990-02-25T00:00:00Z,1.7809999332488064E-6
urn:ioos:station:GOA_RUNOFF_DISCHARGE,urn:ioos:sensor:GOA_RUNOFF_DISCHARGE:q,58.069320239858385,-154.46915010358515,1990-02-26T00:00:00Z,1.1562418676709346E-6
urn:ioos:station:GOA_RUNOFF_DISCHARGE,urn:ioos:sensor:GOA_RUNOFF_DISCHARGE:q,58.069320239858385,-154.46915010358515,1990-02-27T00:00:00Z,7.50643022295583E-7
urn:ioos:station:GOA_RUNOFF_DISCHARGE,urn:ioos:sensor:GOA_RUNOFF_DISCHARGE:q,58.069320239858385,-154.46915010358515,1990-02-28T00:00:00Z,4.873244685190769E-7
urn:ioos:station:GOA_RUNOFF_DISCHARGE,urn:ioos:sensor:GOA_RUNOFF_DISCHARGE:q,58.069320239858385,-154.46915010358515,1990-03-01T00:00:00Z,3.1637562208753893E-7
urn:ioos:station:GOA_RUNOFF_DISCHARGE,urn:ioos:sensor:GOA_RUNOFF_DISCHARGE:q,58.069320239858385,-154.46915010358515,1990-03-02T00:00:00Z,2.0539401113268864E-7
urn:ioos:station:GOA_RUNOFF_DISCHARGE,urn:ioos:sensor:GOA_RUNOFF_DISCHARGE:q,58.069320239858385,-154.46915010358515,1990-03-03T00:00:00Z,1.3334372609439594E-7
urn:ioos:station:GOA_RUNOFF_DISCHARGE,urn:ioos:sensor:GOA_RUNOFF_DISCHARGE:q,58.069320239858385,-154.46915010358515,1990-03-04T00:00:00Z,8.656799705517382E-8
urn:ioos:station:GOA_RUNOFF_DISCHARGE,urn:ioos:sensor:GOA_RUNOFF_DISCHARGE:q,58.069320239858385,-154.46915010358515,1990-03-05T00:00:00Z,5.6200752977242507E-8
urn:ioos:station:GOA_RUNOFF_DISCHARGE,urn:ioos:sensor:GOA_RUNOFF_DISCHARGE:q,58.069320239858385,-154.46915010358515,1990-03-06T00:00:00Z,3.648605792555599E-8
urn:ioos:station:GOA_RUNOFF_DISCHARGE,urn:ioos:sensor:GOA_RUNOFF_DISCHARGE:q,58.069320239858385,-154.46915010358515,1990-03-07T00:00:00Z,2.3687091574617306E-8
urn:ioos:station:GOA_RUNOFF_DISCHARGE,urn:ioos:sensor:GOA_RUNOFF_DISCHARGE:q,58.069320239858385,-154.46915010358515,1990-03-08T00:00:00Z,1.5377880755121176E-8
urn:ioos:station:GOA_RUNOFF_DISCHARGE,urn:ioos:sensor:GOA_RUNOFF_DISCHARGE:q,58.069320239858385,-154.46915010358515,1990-03-09T00:00:00Z,9.98346420469496E-9
urn:ioos:station:GOA_RUNOFF_DISCHARGE,urn:ioos:sensor:GOA_RUNOFF_DISCHARGE:q,58.069320239858385,-154.46915010358515,1990-03-10T00:00:00Z,6.481358989465944E-9
urn:ioos:station:GOA_RUNOFF_DISCHARGE,urn:ioos:sensor:GOA_RUNOFF_DISCHARGE:q,58.069320239858385,-154.46915010358515,1990-03-11T00:00:00Z,4.2077585512744085E-9
urn:ioos:station:GOA_RUNOFF_DISCHARGE,urn:ioos:sensor:GOA_RUNOFF_DISCHARGE:q,58.069320239858385,-154.46915010358515,1990-03-12T00:00:00Z,2.7317164536555447E-9
urn:ioos:station:GOA_RUNOFF_DISCHARGE,urn:ioos:sensor:GOA_RUNOFF_DISCHARGE:q,58.069320239858385,-154.46915010358515,1990-03-13T00:00:00Z,1.7734558216554363E-9
urn:ioos:station:GOA_RUNOFF_DISCHARGE,urn:ioos:sensor:GOA_RUNOFF_DISCHARGE:q,58.069320239858385,-154.46915010358515,1990-03-14T00:00:00Z,1.1513441136514933E-9
urn:ioos:station:GOA_RUNOFF_DISCHARGE,urn:ioos:sensor:GOA_RUNOFF_DISCHARGE:q,58.069320239858385,-154.46915010358515,1990-03-15T00:00:00Z,7.474634184834008E-10
urn:ioos:station:GOA_RUNOFF_DISCHARGE,urn:ioos:sensor:GOA_RUNOFF_DISCHARGE:q,58.069320239858385,-154.46915010358515,1990-03-16T00:00:00Z,4.852602935952892E-10
urn:ioos:station:GOA_RUNOFF_DISCHARGE,urn:ioos:sensor:GOA_RUNOFF_DISCHARGE:q,58.069320239858385,-154.46915010358515,1990-03-17T00:00:00Z,3.150355334991928E-10
urn:ioos:station:GOA_RUNOFF_DISCHARGE,urn:ioos:sensor:GOA_RUNOFF_DISCHARGE:q,58.069320239858385,-154.46915010358515,1990-03-18T00:00:00Z,2.0452399196404524E-10
urn:ioos:station:GOA_RUNOFF_DISCHARGE,urn:ioos:sensor:GOA_RUNOFF_DISCHARGE:q,58.069320239858385,-154.46915010358515,1990-03-19T00:00:00Z,1.3277889359100853E-10
urn:ioos:station:GOA_RUNOFF_DISCHARGE,urn:ioos:sensor:GOA_RUNOFF_DISCHARGE:q,58.069320239858385,-154.46915010358515,1990-03-20T00:00:00Z,0.973598981371944
urn:ioos:station:GOA_RUNOFF_DISCHARGE,urn:ioos:sensor:GOA_RUNOFF_DISCHARGE:q,58.069320239858385,-154.46915010358515,1990-03-21T00:00:00Z,4.702043553379968
urn:ioos:station:GOA_RUNOFF_DISCHARGE,urn:ioos:sensor:GOA_RUNOFF_DISCHARGE:q,58.069320239858385,-154.46915010358515,1990-03-22T00:00:00Z,10.118853115690293
urn:ioos:station:GOA_RUNOFF_DISCHARGE,urn:ioos:sensor:GOA_RUNOFF_DISCHARGE:q,58.069320239858385,-154.46915010358515,1990-03-23T00:00:00Z,10.3059424520581
urn:ioos:station:GOA_RUNOFF_DISCHARGE,urn:ioos:sensor:GOA_RUNOFF_DISCHARGE:q,58.069320239858385,-154.46915010358515,1990-03-24T00:00:00Z,14.063492911554134
urn:ioos:station:GOA_RUNOFF_DISCHARGE,urn:ioos:sensor:GOA_RUNOFF_DISCHARGE:q,58.069320239858385,-154.46915010358515,1990-03-25T00:00:00Z,20.305726661892113
urn:ioos:station:GOA_RUNOFF_DISCHARGE,urn:ioos:sensor:GOA_RUNOFF_DISCHARGE:q,58.069320239858385,-154.46915010358515,1990-03-26T00:00:00Z,21.31701775506308
urn:ioos:station:GOA_RUNOFF_DISCHARGE,urn:ioos:sensor:GOA_RUNOFF_DISCHARGE:q,58.069320239858385,-154.46915010358515,1990-03-27T00:00:00Z,21.97461523908309
urn:ioos:station:GOA_RUNOFF_DISCHARGE,urn:ioos:sensor:GOA_RUNOFF_DISCHARGE:q,58.069320239858385,-154.46915010358515,1990-03-28T00:00:00Z,17.596604366757358
urn:ioos:station:GOA_RUNOFF_DISCHARGE,urn:ioos:sensor:GOA_RUNOFF_DISCHARGE:q,58.069320239858385,-154.46915010358515,1990-03-29T00:00:00Z,12.663623400478768
urn:ioos:station:GOA_RUNOFF_DISCHARGE,urn:ioos:sensor:GOA_RUNOFF_DISCHARGE:q,58.069320239858385,-154.46915010358515,1990-03-30T00:00:00Z,9.483414105196351
urn:ioos:station:GOA_RUNOFF_DISCHARGE,urn:ioos:sensor:GOA_RUNOFF_DISCHARGE:q,58.069320239858385,-154.46915010358515,1990-03-31T00:00:00Z,6.400955630821638
urn:ioos:station:GOA_RUNOFF_DISCHARGE,urn:ioos:sensor:GOA_RUNOFF_DISCHARGE:q,58.069320239858385,-154.46915010358515,1990-04-01T00:00:00Z,4.161917342328777
urn:ioos:station:GOA_RUNOFF_DISCHARGE,urn:ioos:sensor:GOA_RUNOFF_DISCHARGE:q,58.069320239858385,-154.46915010358515,1990-04-02T00:00:00Z,3.8903405375275635
urn:ioos:station:GOA_RUNOFF_DISCHARGE,urn:ioos:sensor:GOA_RUNOFF_DISCHARGE:q,58.069320239858385,-154.46915010358515,1990-04-03T00:00:00Z,5.03831370241769
urn:ioos:station:GOA_RUNOFF_DISCHARGE,urn:ioos:sensor:GOA_RUNOFF_DISCHARGE:q,58.069320239858385,-154.46915010358515,1990-04-04T00:00:00Z,4.058514816147253
urn:ioos:station:GOA_RUNOFF_DISCHARGE,urn:ioos:sensor:GOA_RUNOFF_DISCHARGE:q,58.069320239858385,-154.46915010358515,1990-04-05T00:00:00Z,4.200564429187917
urn:ioos:station:GOA_RUNOFF_DISCHARGE,urn:ioos:sensor:GOA_RUNOFF_DISCHARGE:q,58.069320239858385,-154.46915010358515,1990-04-06T00:00:00Z,5.719906727292528
urn:ioos:station:GOA_RUNOFF_DISCHARGE,urn:ioos:sensor:GOA_RUNOFF_DISCHARGE:q,58.069320239858385,-154.46915010358515,1990-04-07T00:00:00Z,4.181880649323212
urn:ioos:station:GOA_RUNOFF_DISCHARGE,urn:ioos:sensor:GOA_RUNOFF_DISCHARGE:q,58.069320239858385,-154.46915010358515,1990-04-08T00:00:00Z,2.973233481433209
urn:ioos:station:GOA_RUNOFF_DISCHARGE,urn:ioos:sensor:GOA_RUNOFF_DISCHARGE:q,58.069320239858385,-154.46915010358515,1990-04-09T00:00:00Z,2.105771314939508
urn:ioos:station:GOA_RUNOFF_DISCHARGE,urn:ioos:sensor:GOA_RUNOFF_DISCHARGE:q,58.069320239858385,-154.46915010358515,1990-04-10T00:00:00Z,1.4905883266223614
urn:ioos:station:GOA_RUNOFF_DISCHARGE,urn:ioos:sensor:GOA_RUNOFF_DISCHARGE:q,58.069320239858385,-154.46915010358515,1990-04-11T00:00:00Z,1.0550449746138841
urn:ioos:station:GOA_RUNOFF_DISCHARGE,urn:ioos:sensor:GOA_RUNOFF_DISCHARGE:q,58.069320239858385,-154.46915010358515,1990-04-12T00:00:00Z,0.7467574761082172
urn:ioos:station:GOA_RUNOFF_DISCHARGE,urn:ioos:sensor:GOA_RUNOFF_DISCHARGE:q,58.069320239858385,-154.46915010358515,1990-04-13T00:00:00Z,0.5285517594004253
urn:ioos:station:GOA_RUNOFF_DISCHARGE,urn:ioos:sensor:GOA_RUNOFF_DISCHARGE:q,58.069320239858385,-154.46915010358515,1990-04-14T00:00:00Z,0.37410664506714486
urn:ioos:station:GOA_RUNOFF_DISCHARGE,urn:ioos:sensor:GOA_RUNOFF_DISCHARGE:q,58.069320239858385,-154.46915010358515,1990-04-15T00:00:00Z,0.26479102553182243
urn:ioos:station:GOA_RUNOFF_DISCHARGE,urn:ioos:sensor:GOA_RUNOFF_DISCHARGE:q,58.069320239858385,-154.46915010358515,1990-04-16T00:00:00Z,0.1874179009376709
urn:ioos:station:GOA_RUNOFF_DISCHARGE,urn:ioos:sensor:GOA_RUNOFF_DISCHARGE:q,58.069320239858385,-154.46915010358515,1990-04-17T00:00:00Z,1.127502704175241
urn:ioos:station:GOA_RUNOFF_DISCHARGE,urn:ioos:sensor:GOA_RUNOFF_DISCHARGE:q,58.069320239858385,-154.46915010358515,1990-04-18T00:00:00Z,1.3847704068461604
urn:ioos:station:GOA_RUNOFF_DISCHARGE,urn:ioos:sensor:GOA_RUNOFF_DISCHARGE:q,58.069320239858385,-154.46915010358515,1990-04-19T00:00:00Z,2.365229711190959
urn:ioos:station:GOA_RUNOFF_DISCHARGE,urn:ioos:sensor:GOA_RUNOFF_DISCHARGE:q,58.069320239858385,-154.46915010358515,1990-04-20T00:00:00Z,2.7956612694350156
urn:ioos:station:GOA_RUNOFF_DISCHARGE,urn:ioos:sensor:GOA_RUNOFF_DISCHARGE:q,58.069320239858385,-154.46915010358515,1990-04-21T00:00:00Z,2.035339437554863
urn:ioos:station:GOA_RUNOFF_DISCHARGE,urn:ioos:sensor:GOA_RUNOFF_DISCHARGE:q,58.069320239858385,-154.46915010358515,1990-04-22T00:00:00Z,1.4462544086675193
urn:ioos:station:GOA_RUNOFF_DISCHARGE,urn:ioos:sensor:GOA_RUNOFF_DISCHARGE:q,58.069320239858385,-154.46915010358515,1990-04-23T00:00:00Z,1.0242166720584276
urn:ioos:station:GOA_RUNOFF_DISCHARGE,urn:ioos:sensor:GOA_RUNOFF_DISCHARGE:q,58.069320239858385,-154.46915010358515,1990-04-24T00:00:00Z,0.7249923591642896
urn:ioos:station:GOA_RUNOFF_DISCHARGE,urn:ioos:sensor:GOA_RUNOFF_DISCHARGE:q,58.069320239858385,-154.46915010358515,1990-04-25T00:00:00Z,0.5131519807670444
urn:ioos:station:GOA_RUNOFF_DISCHARGE,urn:ioos:sensor:GOA_RUNOFF_DISCHARGE:q,58.069320239858385,-154.46915010358515,1990-04-26T00:00:00Z,0.36320728013920506
urn:ioos:station:GOA_RUNOFF_DISCHARGE,urn:ioos:sensor:GOA_RUNOFF_DISCHARGE:q,58.069320239858385,-154.46915010358515,1990-04-27T00:00:00Z,0.25707653334536024
urn:ioos:station:GOA_RUNOFF_DISCHARGE,urn:ioos:sensor:GOA_RUNOFF_DISCHARGE:q,58.069320239858385,-154.46915010358515,1990-04-28T00:00:00Z,0.18195764454885502
urn:ioos:station:GOA_RUNOFF_DISCHARGE,urn:ioos:sensor:GOA_RUNOFF_DISCHARGE:q,58.069320239858385,-154.46915010358515,1990-04-29T00:00:00Z,0.12878880949070637
urn:ioos:station:GOA_RUNOFF_DISCHARGE,urn:ioos:sensor:GOA_RUNOFF_DISCHARGE:q,58.069320239858385,-154.46915010358515,1990-04-30T00:00:00Z,0.0911561451851805
urn:ioos:station:GOA_RUNOFF_DISCHARGE,urn:ioos:sensor:GOA_RUNOFF_DISCHARGE:q,58.069320239858385,-154.46915010358515,1990-05-01T00:00:00Z,2.922218158549563
urn:ioos:station:GOA_RUNOFF_DISCHARGE,urn:ioos:sensor:GOA_RUNOFF_DISCHARGE:q,58.069320239858385,-154.46915010358515,1990-05-02T00:00:00Z,2.3619213060646556
urn:ioos:station:GOA_RUNOFF_DISCHARGE,urn:ioos:sensor:GOA_RUNOFF_DISCHARGE:q,58.069320239858385,-154.46915010358515,1990-05-03T00:00:00Z,2.074921897423706
urn:ioos:station:GOA_RUNOFF_DISCHARGE,urn:ioos:sensor:GOA_RUNOFF_DISCHARGE:q,58.069320239858385,-154.46915010358515,1990-05-04T00:00:00Z,1.4887955941324562
urn:ioos:station:GOA_RUNOFF_DISCHARGE,urn:ioos:sensor:GOA_RUNOFF_DISCHARGE:q,58.069320239858385,-154.46915010358515,1990-05-05T00:00:00Z,1.0557775519140997
urn:ioos:station:GOA_RUNOFF_DISCHARGE,urn:ioos:sensor:GOA_RUNOFF_DISCHARGE:q,58.069320239858385,-154.46915010358515,1990-05-06T00:00:00Z,1.0900670634989216
urn:ioos:station:GOA_RUNOFF_DISCHARGE,urn:ioos:sensor:GOA_RUNOFF_DISCHARGE:q,58.069320239858385,-154.46915010358515,1990-05-07T00:00:00Z,0.7883573684811108
urn:ioos:station:GOA_RUNOFF_DISCHARGE,urn:ioos:sensor:GOA_RUNOFF_DISCHARGE:q,58.069320239858385,-154.46915010358515,1990-05-08T00:00:00Z,0.5596439331815094
urn:ioos:station:GOA_RUNOFF_DISCHARGE,urn:ioos:sensor:GOA_RUNOFF_DISCHARGE:q,58.069320239858385,-154.46915010358515,1990-05-09T00:00:00Z,0.39627807699566714
urn:ioos:station:GOA_RUNOFF_DISCHARGE,urn:ioos:sensor:GOA_RUNOFF_DISCHARGE:q,58.069320239858385,-154.46915010358515,1990-05-10T00:00:00Z,0.28050027646952125
urn:ioos:station:GOA_RUNOFF_DISCHARGE,urn:ioos:sensor:GOA_RUNOFF_DISCHARGE:q,58.069320239858385,-154.46915010358515,1990-05-11T00:00:00Z,0.19853849605371793
urn:ioos:station:GOA_RUNOFF_DISCHARGE,urn:ioos:sensor:GOA_RUNOFF_DISCHARGE:q,58.069320239858385,-154.46915010358515,1990-05-12T00:00:00Z,0.1405248300553317
urn:ioos:station:GOA_RUNOFF_DISCHARGE,urn:ioos:sensor:GOA_RUNOFF_DISCHARGE:q,58.069320239858385,-154.46915010358515,1990-05-13T00:00:00Z,0.09946286760871982
urn:ioos:station:GOA_RUNOFF_DISCHARGE,urn:ioos:sensor:GOA_RUNOFF_DISCHARGE:q,58.069320239858385,-154.46915010358515,1990-05-14T00:00:00Z,0.07039937448813198
urn:ioos:station:GOA_RUNOFF_DISCHARGE,urn:ioos:sensor:GOA_RUNOFF_DISCHARGE:q,58.069320239858385,-154.46915010358515,1990-05-15T00:00:00Z,0.04982836693033909
urn:ioos:station:GOA_RUNOFF_DISCHARGE,urn:ioos:sensor:GOA_RUNOFF_DISCHARGE:q,58.069320239858385,-154.46915010358515,1990-05-16T00:00:00Z,0.03526829853168439
urn:ioos:station:GOA_RUNOFF_DISCHARGE,urn:ioos:sensor:GOA_RUNOFF_DISCHARGE:q,58.069320239858385,-154.46915010358515,1990-05-17T00:00:00Z,0.5651606605779786
urn:ioos:station:GOA_RUNOFF_DISCHARGE,urn:ioos:sensor:GOA_RUNOFF_DISCHARGE:q,58.069320239858385,-154.46915010358515,1990-05-18T00:00:00Z,4.478830137688899
urn:ioos:station:GOA_RUNOFF_DISCHARGE,urn:ioos:sensor:GOA_RUNOFF_DISCHARGE:q,58.069320239858385,-154.46915010358515,1990-05-19T00:00:00Z,5.435159712645831
urn:ioos:station:GOA_RUNOFF_DISCHARGE,urn:ioos:sensor:GOA_RUNOFF_DISCHARGE:q,58.069320239858385,-154.46915010358515,1990-05-20T00:00:00Z,3.9643428823500915
urn:ioos:station:GOA_RUNOFF_DISCHARGE,urn:ioos:sensor:GOA_RUNOFF_DISCHARGE:q,58.069320239858385,-154.46915010358515,1990-05-21T00:00:00Z,2.8176637159020803
urn:ioos:station:GOA_RUNOFF_DISCHARGE,urn:ioos:sensor:GOA_RUNOFF_DISCHARGE:q,58.069320239858385,-154.46915010358515,1990-05-22T00:00:00Z,1.9955000461124683
urn:ioos:station:GOA_RUNOFF_DISCHARGE,urn:ioos:sensor:GOA_RUNOFF_DISCHARGE:q,58.069320239858385,-154.46915010358515,1990-05-23T00:00:00Z,1.4125229635112715
urn:ioos:station:GOA_RUNOFF_DISCHARGE,urn:ioos:sensor:GOA_RUNOFF_DISCHARGE:q,58.069320239858385,-154.46915010358515,1990-05-24T00:00:00Z,0.9997892940862496
urn:ioos:station:GOA_RUNOFF_DISCHARGE,urn:ioos:sensor:GOA_RUNOFF_DISCHARGE:q,58.069320239858385,-154.46915010358515,1990-05-25T00:00:00Z,0.7076475703674829
urn:ioos:station:GOA_RUNOFF_DISCHARGE,urn:ioos:sensor:GOA_RUNOFF_DISCHARGE:q,58.069320239858385,-154.46915010358515,1990-05-26T00:00:00Z,0.5008698819405834
urn:ioos:station:GOA_RUNOFF_DISCHARGE,urn:ioos:sensor:GOA_RUNOFF_DISCHARGE:q,58.069320239858385,-154.46915010358515,1990-05-27T00:00:00Z,0.3545135076656854
urn:ioos:station:GOA_RUNOFF_DISCHARGE,urn:ioos:sensor:GOA_RUNOFF_DISCHARGE:q,58.069320239858385,-154.46915010358515,1990-05-28T00:00:00Z,2.9376419464057664
urn:ioos:station:GOA_RUNOFF_DISCHARGE,urn:ioos:sensor:GOA_RUNOFF_DISCHARGE:q,58.069320239858385,-154.46915010358515,1990-05-29T00:00:00Z,3.261742247956061
urn:ioos:station:GOA_RUNOFF_DISCHARGE,urn:ioos:sensor:GOA_RUNOFF_DISCHARGE:q,58.069320239858385,-154.46915010358515,1990-05-30T00:00:00Z,2.371264248456091
urn:ioos:station:GOA_RUNOFF_DISCHARGE,urn:ioos:sensor:GOA_RUNOFF_DISCHARGE:q,58.069320239858385,-154.46915010358515,1990-05-31T00:00:00Z,1.6846232351487171
urn:ioos:station:GOA_RUNOFF_DISCHARGE,urn:ioos:sensor:GOA_RUNOFF_DISCHARGE:q,58.069320239858385,-154.46915010358515,1990-06-01T00:00:00Z,1.1929932861668548
urn:ioos:station:GOA_RUNOFF_DISCHARGE,urn:ioos:sensor:GOA_RUNOFF_DISCHARGE:q,58.069320239858385,-154.46915010358515,1990-06-02T00:00:00Z,0.8444577132012627
urn:ioos:station:GOA_RUNOFF_DISCHARGE,urn:ioos:sensor:GOA_RUNOFF_DISCHARGE:q,58.069320239858385,-154.46915010358515,1990-06-03T00:00:00Z,0.5977096679548718
urn:ioos:station:GOA_RUNOFF_DISCHARGE,urn:ioos:sensor:GOA_RUNOFF_DISCHARGE:q,58.069320239858385,-154.46915010358515,1990-06-04T00:00:00Z,0.4230568458945582
urn:ioos:station:GOA_RUNOFF_DISCHARGE,urn:ioos:sensor:GOA_RUNOFF_DISCHARGE:q,58.069320239858385,-154.46915010358515,1990-06-05T00:00:00Z,0.2994378305305301
urn:ioos:station:GOA_RUNOFF_DISCHARGE,urn:ioos:sensor:GOA_RUNOFF_DISCHARGE:q,58.069320239858385,-154.46915010358515,1990-06-06T00:00:00Z,0.21194077312692589
urn:ioos:station:GOA_RUNOFF_DISCHARGE,urn:ioos:sensor:GOA_RUNOFF_DISCHARGE:q,58.069320239858385,-154.46915010358515,1990-06-07T00:00:00Z,0.15001074243527548
urn:ioos:station:GOA_RUNOFF_DISCHARGE,urn:ioos:sensor:GOA_RUNOFF_DISCHARGE:q,58.069320239858385,-154.46915010358515,1990-06-08T00:00:00Z,0.10617693988076916
urn:ioos:station:GOA_RUNOFF_DISCHARGE,urn:ioos:sensor:GOA_RUNOFF_DISCHARGE:q,58.069320239858385,-154.46915010358515,1990-06-09T00:00:00Z,0.0751515643620868
urn:ioos:station:GOA_RUNOFF_DISCHARGE,urn:ioos:sensor:GOA_RUNOFF_DISCHARGE:q,58.069320239858385,-154.46915010358515,1990-06-10T00:00:00Z,0.053191943935115685
urn:ioos:station:GOA_RUNOFF_DISCHARGE,urn:ioos:sensor:GOA_RUNOFF_DISCHARGE:q,58.069320239858385,-154.46915010358515,1990-06-11T00:00:00Z,0.03764902264415813
urn:ioos:station:GOA_RUNOFF_DISCHARGE,urn:ioos:sensor:GOA_RUNOFF_DISCHARGE:q,58.069320239858385,-154.46915010358515,1990-06-12T00:00:00Z,0.02664780968854654
urn:ioos:station:GOA_RUNOFF_DISCHARGE,urn:ioos:sensor:GOA_RUNOFF_DISCHARGE:q,58.069320239858385,-154.46915010358515,1990-06-13T00:00:00Z,1.7354688490052865
urn:ioos:station:GOA_RUNOFF_DISCHARGE,urn:ioos:sensor:GOA_RUNOFF_DISCHARGE:q,58.069320239858385,-154.46915010358515,1990-06-14T00:00:00Z,1.309561943914918
urn:ioos:station:GOA_RUNOFF_DISCHARGE,urn:ioos:sensor:GOA_RUNOFF_DISCHARGE:q,58.069320239858385,-154.46915010358515,1990-06-15T00:00:00Z,1.2537183334322395
urn:ioos:station:GOA_RUNOFF_DISCHARGE,urn:ioos:sensor:GOA_RUNOFF_DISCHARGE:q,58.069320239858385,-154.46915010358515,1990-06-16T00:00:00Z,1.9750762882693755
urn:ioos:station:GOA_RUNOFF_DISCHARGE,urn:ioos:sensor:GOA_RUNOFF_DISCHARGE:q,58.069320239858385,-154.46915010358515,1990-06-17T00:00:00Z,1.6085837242143388
urn:ioos:station:GOA_RUNOFF_DISCHARGE,urn:ioos:sensor:GOA_RUNOFF_DISCHARGE:q,58.069320239858385,-154.46915010358515,1990-06-18T00:00:00Z,1.151260520834777
urn:ioos:station:GOA_RUNOFF_DISCHARGE,urn:ioos:sensor:GOA_RUNOFF_DISCHARGE:q,58.069320239858385,-154.46915010358515,1990-06-19T00:00:00Z,0.8161265013767734
urn:ioos:station:GOA_RUNOFF_DISCHARGE,urn:ioos:sensor:GOA_RUNOFF_DISCHARGE:q,58.069320239858385,-154.46915010358515,1990-06-20T00:00:00Z,1.1469112336757348
urn:ioos:station:GOA_RUNOFF_DISCHARGE,urn:ioos:sensor:GOA_RUNOFF_DISCHARGE:q,58.069320239858385,-154.46915010358515,1990-06-21T00:00:00Z,0.838714378208561
urn:ioos:station:GOA_RUNOFF_DISCHARGE,urn:ioos:sensor:GOA_RUNOFF_DISCHARGE:q,58.069320239858385,-154.46915010358515,1990-06-22T00:00:00Z,0.5963280522941258
urn:ioos:station:GOA_RUNOFF_DISCHARGE,urn:ioos:sensor:GOA_RUNOFF_DISCHARGE:q,58.069320239858385,-154.46915010358515,1990-06-23T00:00:00Z,0.42234696224331225
urn:ioos:station:GOA_RUNOFF_DISCHARGE,urn:ioos:sensor:GOA_RUNOFF_DISCHARGE:q,58.069320239858385,-154.46915010358515,1990-06-24T00:00:00Z,0.298962086135827
urn:ioos:station:GOA_RUNOFF_DISCHARGE,urn:ioos:sensor:GOA_RUNOFF_DISCHARGE:q,58.069320239858385,-154.46915010358515,1990-06-25T00:00:00Z,0.21160669959155104
urn:ioos:station:GOA_RUNOFF_DISCHARGE,urn:ioos:sensor:GOA_RUNOFF_DISCHARGE:q,58.069320239858385,-154.46915010358515,1990-06-26T00:00:00Z,0.14977456403926004
urn:ioos:station:GOA_RUNOFF_DISCHARGE,urn:ioos:sensor:GOA_RUNOFF_DISCHARGE:q,58.069320239858385,-154.46915010358515,1990-06-27T00:00:00Z,0.10600978800036957
urn:ioos:station:GOA_RUNOFF_DISCHARGE,urn:ioos:sensor:GOA_RUNOFF_DISCHARGE:q,58.069320239858385,-154.46915010358515,1990-06-28T00:00:00Z,0.07503326960566449
urn:ioos:station:GOA_RUNOFF_DISCHARGE,urn:ioos:sensor:GOA_RUNOFF_DISCHARGE:q,58.069320239858385,-154.46915010358515,1990-06-29T00:00:00Z,0.053108215881689104
urn:ioos:station:GOA_RUNOFF_DISCHARGE,urn:ioos:sensor:GOA_RUNOFF_DISCHARGE:q,58.069320239858385,-154.46915010358515,1990-06-30T00:00:00Z,0.03758975193089823
urn:ioos:station:GOA_RUNOFF_DISCHARGE,urn:ioos:sensor:GOA_RUNOFF_DISCHARGE:q,58.069320239858385,-154.46915010358515,1990-07-01T00:00:00Z,1.7597286886472454
urn:ioos:station:GOA_RUNOFF_DISCHARGE,urn:ioos:sensor:GOA_RUNOFF_DISCHARGE:q,58.069320239858385,-154.46915010358515,1990-07-02T00:00:00Z,1.3275140016024125
urn:ioos:station:GOA_RUNOFF_DISCHARGE,urn:ioos:sensor:GOA_RUNOFF_DISCHARGE:q,58.069320239858385,-154.46915010358515,1990-07-03T00:00:00Z,0.9477955789278968
urn:ioos:station:GOA_RUNOFF_DISCHARGE,urn:ioos:sensor:GOA_RUNOFF_DISCHARGE:q,58.069320239858385,-154.46915010358515,1990-07-04T00:00:00Z,0.6716630734300567
urn:ioos:station:GOA_RUNOFF_DISCHARGE,urn:ioos:sensor:GOA_RUNOFF_DISCHARGE:q,58.069320239858385,-154.46915010358515,1990-07-05T00:00:00Z,1.1350076583362174
urn:ioos:station:GOA_RUNOFF_DISCHARGE,urn:ioos:sensor:GOA_RUNOFF_DISCHARGE:q,58.069320239858385,-154.46915010358515,1990-07-06T00:00:00Z,0.8554362427858255
urn:ioos:station:GOA_RUNOFF_DISCHARGE,urn:ioos:sensor:GOA_RUNOFF_DISCHARGE:q,58.069320239858385,-154.46915010358515,1990-07-07T00:00:00Z,1.7266908140264623
urn:ioos:station:GOA_RUNOFF_DISCHARGE,urn:ioos:sensor:GOA_RUNOFF_DISCHARGE:q,58.069320239858385,-154.46915010358515,1990-07-08T00:00:00Z,1.3782579216001212
urn:ioos:station:GOA_RUNOFF_DISCHARGE,urn:ioos:sensor:GOA_RUNOFF_DISCHARGE:q,58.069320239858385,-154.46915010358515,1990-07-09T00:00:00Z,0.9857086413555824
urn:ioos:station:GOA_RUNOFF_DISCHARGE,urn:ioos:sensor:GOA_RUNOFF_DISCHARGE:q,58.069320239858385,-154.46915010358515,1990-07-10T00:00:00Z,0.6986971294351825
urn:ioos:station:GOA_RUNOFF_DISCHARGE,urn:ioos:sensor:GOA_RUNOFF_DISCHARGE:q,58.069320239858385,-154.46915010358515,1990-07-11T00:00:00Z,0.4946362983514457
urn:ioos:station:GOA_RUNOFF_DISCHARGE,urn:ioos:sensor:GOA_RUNOFF_DISCHARGE:q,58.069320239858385,-154.46915010358515,1990-07-12T00:00:00Z,0.3501114988844719
urn:ioos:station:GOA_RUNOFF_DISCHARGE,urn:ioos:sensor:GOA_RUNOFF_DISCHARGE:q,58.069320239858385,-154.46915010358515,1990-07-13T00:00:00Z,0.24780834843813923
urn:ioos:station:GOA_RUNOFF_DISCHARGE,urn:ioos:sensor:GOA_RUNOFF_DISCHARGE:q,58.069320239858385,-154.46915010358515,1990-07-14T00:00:00Z,0.6891100165365729
urn:ioos:station:GOA_RUNOFF_DISCHARGE,urn:ioos:sensor:GOA_RUNOFF_DISCHARGE:q,58.069320239858385,-154.46915010358515,1990-07-15T00:00:00Z,0.5120503521116291
urn:ioos:station:GOA_RUNOFF_DISCHARGE,urn:ioos:sensor:GOA_RUNOFF_DISCHARGE:q,58.069320239858385,-154.46915010358515,1990-07-16T00:00:00Z,0.3648536879272759
urn:ioos:station:GOA_RUNOFF_DISCHARGE,urn:ioos:sensor:GOA_RUNOFF_DISCHARGE:q,58.069320239858385,-154.46915010358515,1990-07-17T00:00:00Z,0.2584841480343822
urn:ioos:station:GOA_RUNOFF_DISCHARGE,urn:ioos:sensor:GOA_RUNOFF_DISCHARGE:q,58.069320239858385,-154.46915010358515,1990-07-18T00:00:00Z,0.18297811874219425
urn:ioos:station:GOA_RUNOFF_DISCHARGE,urn:ioos:sensor:GOA_RUNOFF_DISCHARGE:q,58.069320239858385,-154.46915010358515,1990-07-19T00:00:00Z,0.1295135262371484
urn:ioos:station:GOA_RUNOFF_DISCHARGE,urn:ioos:sensor:GOA_RUNOFF_DISCHARGE:q,58.069320239858385,-154.46915010358515,1990-07-20T00:00:00Z,0.09166934232302006
urn:ioos:station:GOA_RUNOFF_DISCHARGE,urn:ioos:sensor:GOA_RUNOFF_DISCHARGE:q,58.069320239858385,-154.46915010358515,1990-07-21T00:00:00Z,0.06488316921003581
urn:ioos:station:GOA_RUNOFF_DISCHARGE,urn:ioos:sensor:GOA_RUNOFF_DISCHARGE:q,58.069320239858385,-154.46915010358515,1990-07-22T00:00:00Z,0.045924019181991224
urn:ioos:station:GOA_RUNOFF_DISCHARGE,urn:ioos:sensor:GOA_RUNOFF_DISCHARGE:q,58.069320239858385,-154.46915010358515,1990-07-23T00:00:00Z,0.03250482054009504
urn:ioos:station:GOA_RUNOFF_DISCHARGE,urn:ioos:sensor:GOA_RUNOFF_DISCHARGE:q,58.069320239858385,-154.46915010358515,1990-07-24T00:00:00Z,1.0571791642974158
urn:ioos:station:GOA_RUNOFF_DISCHARGE,urn:ioos:sensor:GOA_RUNOFF_DISCHARGE:q,58.069320239858385,-154.46915010358515,1990-07-25T00:00:00Z,0.7971886184223013
urn:ioos:station:GOA_RUNOFF_DISCHARGE,urn:ioos:sensor:GOA_RUNOFF_DISCHARGE:q,58.069320239858385,-154.46915010358515,1990-07-26T00:00:00Z,2.134046154424383
urn:ioos:station:GOA_RUNOFF_DISCHARGE,urn:ioos:sensor:GOA_RUNOFF_DISCHARGE:q,58.069320239858385,-154.46915010358515,1990-07-27T00:00:00Z,3.460202878482336
urn:ioos:station:GOA_RUNOFF_DISCHARGE,urn:ioos:sensor:GOA_RUNOFF_DISCHARGE:q,58.069320239858385,-154.46915010358515,1990-07-28T00:00:00Z,6.111834596227457
urn:ioos:station:GOA_RUNOFF_DISCHARGE,urn:ioos:sensor:GOA_RUNOFF_DISCHARGE:q,58.069320239858385,-154.46915010358515,1990-07-29T00:00:00Z,7.557614477406087
urn:ioos:station:GOA_RUNOFF_DISCHARGE,urn:ioos:sensor:GOA_RUNOFF_DISCHARGE:q,58.069320239858385,-154.46915010358515,1990-07-30T00:00:00Z,5.8586403048785405
urn:ioos:station:GOA_RUNOFF_DISCHARGE,urn:ioos:sensor:GOA_RUNOFF_DISCHARGE:q,58.069320239858385,-154.46915010358515,1990-07-31T00:00:00Z,5.98273786023171
urn:ioos:station:GOA_RUNOFF_DISCHARGE,urn:ioos:sensor:GOA_RUNOFF_DISCHARGE:q,58.069320239858385,-154.46915010358515,1990-08-01T00:00:00Z,8.791423837044034
urn:ioos:station:GOA_RUNOFF_DISCHARGE,urn:ioos:sensor:GOA_RUNOFF_DISCHARGE:q,58.069320239858385,-154.46915010358515,1990-08-02T00:00:00Z,6.442749833452666
urn:ioos:station:GOA_RUNOFF_DISCHARGE,urn:ioos:sensor:GOA_RUNOFF_DISCHARGE:q,58.069320239858385,-154.46915010358515,1990-08-03T00:00:00Z,4.582140573700691
urn:ioos:station:GOA_RUNOFF_DISCHARGE,urn:ioos:sensor:GOA_RUNOFF_DISCHARGE:q,58.069320239858385,-154.46915010358515,1990-08-04T00:00:00Z,3.2454149239774037
urn:ioos:station:GOA_RUNOFF_DISCHARGE,urn:ioos:sensor:GOA_RUNOFF_DISCHARGE:q,58.069320239858385,-154.46915010358515,1990-08-05T00:00:00Z,2.2973095274070525
urn:ioos:station:GOA_RUNOFF_DISCHARGE,urn:ioos:sensor:GOA_RUNOFF_DISCHARGE:q,58.069320239858385,-154.46915010358515,1990-08-06T00:00:00Z,1.6260473093300996
urn:ioos:station:GOA_RUNOFF_DISCHARGE,urn:ioos:sensor:GOA_RUNOFF_DISCHARGE:q,58.069320239858385,-154.46915010358515,1990-08-07T00:00:00Z,1.1509113675341085
urn:ioos:station:GOA_RUNOFF_DISCHARGE,urn:ioos:sensor:GOA_RUNOFF_DISCHARGE:q,58.069320239858385,-154.46915010358515,1990-08-08T00:00:00Z,0.814610105174756
urn:ioos:station:GOA_RUNOFF_DISCHARGE,urn:ioos:sensor:GOA_RUNOFF_DISCHARGE:q,58.069320239858385,-154.46915010358515,1990-08-09T00:00:00Z,0.8487543116274798
urn:ioos:station:GOA_RUNOFF_DISCHARGE,urn:ioos:sensor:GOA_RUNOFF_DISCHARGE:q,58.069320239858385,-154.46915010358515,1990-08-10T00:00:00Z,0.6136199550220295
urn:ioos:station:GOA_RUNOFF_DISCHARGE,urn:ioos:sensor:GOA_RUNOFF_DISCHARGE:q,58.069320239858385,-154.46915010358515,1990-08-11T00:00:00Z,1.743737099115953
urn:ioos:station:GOA_RUNOFF_DISCHARGE,urn:ioos:sensor:GOA_RUNOFF_DISCHARGE:q,58.069320239858385,-154.46915010358515,1990-08-12T00:00:00Z,1.2962193938946502
urn:ioos:station:GOA_RUNOFF_DISCHARGE,urn:ioos:sensor:GOA_RUNOFF_DISCHARGE:q,58.069320239858385,-154.46915010358515,1990-08-13T00:00:00Z,0.9236505231046392
urn:ioos:station:GOA_RUNOFF_DISCHARGE,urn:ioos:sensor:GOA_RUNOFF_DISCHARGE:q,58.069320239858385,-154.46915010358515,1990-08-14T00:00:00Z,0.654374130743323
urn:ioos:station:GOA_RUNOFF_DISCHARGE,urn:ioos:sensor:GOA_RUNOFF_DISCHARGE:q,58.069320239858385,-154.46915010358515,1990-08-15T00:00:00Z,0.4632249005748559
urn:ioos:station:GOA_RUNOFF_DISCHARGE,urn:ioos:sensor:GOA_RUNOFF_DISCHARGE:q,58.069320239858385,-154.46915010358515,1990-08-16T00:00:00Z,5.825814106090755
urn:ioos:station:GOA_RUNOFF_DISCHARGE,urn:ioos:sensor:GOA_RUNOFF_DISCHARGE:q,58.069320239858385,-154.46915010358515,1990-08-17T00:00:00Z,4.383568119396885
urn:ioos:station:GOA_RUNOFF_DISCHARGE,urn:ioos:sensor:GOA_RUNOFF_DISCHARGE:q,58.069320239858385,-154.46915010358515,1990-08-18T00:00:00Z,3.128641694495151
urn:ioos:station:GOA_RUNOFF_DISCHARGE,urn:ioos:sensor:GOA_RUNOFF_DISCHARGE:q,58.069320239858385,-154.46915010358515,1990-08-19T00:00:00Z,2.217032158419008
urn:ioos:station:GOA_RUNOFF_DISCHARGE,urn:ioos:sensor:GOA_RUNOFF_DISCHARGE:q,58.069320239858385,-154.46915010358515,1990-08-20T00:00:00Z,1.5694644778992461
urn:ioos:station:GOA_RUNOFF_DISCHARGE,urn:ioos:sensor:GOA_RUNOFF_DISCHARGE:q,58.069320239858385,-154.46915010358515,1990-08-21T00:00:00Z,1.1108858223914706
urn:ioos:station:GOA_RUNOFF_DISCHARGE,urn:ioos:sensor:GOA_RUNOFF_DISCHARGE:q,58.069320239858385,-154.46915010358515,1990-08-22T00:00:00Z,0.7862826427357487
urn:ioos:station:GOA_RUNOFF_DISCHARGE,urn:ioos:sensor:GOA_RUNOFF_DISCHARGE:q,58.069320239858385,-154.46915010358515,1990-08-23T00:00:00Z,2.5214672620100274
urn:ioos:station:GOA_RUNOFF_DISCHARGE,urn:ioos:sensor:GOA_RUNOFF_DISCHARGE:q,58.069320239858385,-154.46915010358515,1990-08-24T00:00:00Z,1.877635548118895
urn:ioos:station:GOA_RUNOFF_DISCHARGE,urn:ioos:sensor:GOA_RUNOFF_DISCHARGE:q,58.069320239858385,-154.46915010358515,1990-08-25T00:00:00Z,1.3382642133447333
urn:ioos:station:GOA_RUNOFF_DISCHARGE,urn:ioos:sensor:GOA_RUNOFF_DISCHARGE:q,58.069320239858385,-154.46915010358515,1990-08-26T00:00:00Z,0.9481443375564093
urn:ioos:station:GOA_RUNOFF_DISCHARGE,urn:ioos:sensor:GOA_RUNOFF_DISCHARGE:q,58.069320239858385,-154.46915010358515,1990-08-27T00:00:00Z,0.6711849281130712
urn:ioos:station:GOA_RUNOFF_DISCHARGE,urn:ioos:sensor:GOA_RUNOFF_DISCHARGE:q,58.069320239858385,-154.46915010358515,1990-08-28T00:00:00Z,0.47507091955829106
urn:ioos:station:GOA_RUNOFF_DISCHARGE,urn:ioos:sensor:GOA_RUNOFF_DISCHARGE:q,58.069320239858385,-154.46915010358515,1990-08-29T00:00:00Z,0.3362540003686724
urn:ioos:station:GOA_RUNOFF_DISCHARGE,urn:ioos:sensor:GOA_RUNOFF_DISCHARGE:q,58.069320239858385,-154.46915010358515,1990-08-30T00:00:00Z,0.2379991666730909
urn:ioos:station:GOA_RUNOFF_DISCHARGE,urn:ioos:sensor:GOA_RUNOFF_DISCHARGE:q,58.069320239858385,-154.46915010358515,1990-08-31T00:00:00Z,0.16845477540988835
urn:ioos:station:GOA_RUNOFF_DISCHARGE,urn:ioos:sensor:GOA_RUNOFF_DISCHARGE:q,58.069320239858385,-154.46915010358515,1990-09-01T00:00:00Z,0.15259140499527427
urn:ioos:station:GOA_RUNOFF_DISCHARGE,urn:ioos:sensor:GOA_RUNOFF_DISCHARGE:q,58.069320239858385,-154.46915010358515,1990-09-02T00:00:00Z,0.10800351550805079
urn:ioos:station:GOA_RUNOFF_DISCHARGE,urn:ioos:sensor:GOA_RUNOFF_DISCHARGE:q,58.069320239858385,-154.46915010358515,1990-09-03T00:00:00Z,1.6571628674364263
urn:ioos:station:GOA_RUNOFF_DISCHARGE,urn:ioos:sensor:GOA_RUNOFF_DISCHARGE:q,58.069320239858385,-154.46915010358515,1990-09-04T00:00:00Z,1.2477090551850911
urn:ioos:station:GOA_RUNOFF_DISCHARGE,urn:ioos:sensor:GOA_RUNOFF_DISCHARGE:q,58.069320239858385,-154.46915010358515,1990-09-05T00:00:00Z,0.8905900206135793
urn:ioos:station:GOA_RUNOFF_DISCHARGE,urn:ioos:sensor:GOA_RUNOFF_DISCHARGE:q,58.069320239858385,-154.46915010358515,1990-09-06T00:00:00Z,0.6311013661635024
urn:ioos:station:GOA_RUNOFF_DISCHARGE,urn:ioos:sensor:GOA_RUNOFF_DISCHARGE:q,58.069320239858385,-154.46915010358515,1990-09-07T00:00:00Z,0.44676513119851696
urn:ioos:station:GOA_RUNOFF_DISCHARGE,urn:ioos:sensor:GOA_RUNOFF_DISCHARGE:q,58.069320239858385,-154.46915010358515,1990-09-08T00:00:00Z,2.809766852290203
urn:ioos:station:GOA_RUNOFF_DISCHARGE,urn:ioos:sensor:GOA_RUNOFF_DISCHARGE:q,58.069320239858385,-154.46915010358515,1990-09-09T00:00:00Z,2.4879527549821905
urn:ioos:station:GOA_RUNOFF_DISCHARGE,urn:ioos:sensor:GOA_RUNOFF_DISCHARGE:q,58.069320239858385,-154.46915010358515,1990-09-10T00:00:00Z,1.7907764947001268
urn:ioos:station:GOA_RUNOFF_DISCHARGE,urn:ioos:sensor:GOA_RUNOFF_DISCHARGE:q,58.069320239858385,-154.46915010358515,1990-09-11T00:00:00Z,2.0265048329003466
urn:ioos:station:GOA_RUNOFF_DISCHARGE,urn:ioos:sensor:GOA_RUNOFF_DISCHARGE:q,58.069320239858385,-154.46915010358515,1990-09-12T00:00:00Z,4.125617502338713
urn:ioos:station:GOA_RUNOFF_DISCHARGE,urn:ioos:sensor:GOA_RUNOFF_DISCHARGE:q,58.069320239858385,-154.46915010358515,1990-09-13T00:00:00Z,3.0493004878611214
urn:ioos:station:GOA_RUNOFF_DISCHARGE,urn:ioos:sensor:GOA_RUNOFF_DISCHARGE:q,58.069320239858385,-154.46915010358515,1990-09-14T00:00:00Z,3.9511484659457063
urn:ioos:station:GOA_RUNOFF_DISCHARGE,urn:ioos:sensor:GOA_RUNOFF_DISCHARGE:q,58.069320239858385,-154.46915010358515,1990-09-15T00:00:00Z,2.8820955240565507
urn:ioos:station:GOA_RUNOFF_DISCHARGE,urn:ioos:sensor:GOA_RUNOFF_DISCHARGE:q,58.069320239858385,-154.46915010358515,1990-09-16T00:00:00Z,6.964369077765037
urn:ioos:station:GOA_RUNOFF_DISCHARGE,urn:ioos:sensor:GOA_RUNOFF_DISCHARGE:q,58.069320239858385,-154.46915010358515,1990-09-17T00:00:00Z,5.7770247341669085
urn:ioos:station:GOA_RUNOFF_DISCHARGE,urn:ioos:sensor:GOA_RUNOFF_DISCHARGE:q,58.069320239858385,-154.46915010358515,1990-09-18T00:00:00Z,4.141317823818882
urn:ioos:station:GOA_RUNOFF_DISCHARGE,urn:ioos:sensor:GOA_RUNOFF_DISCHARGE:q,58.069320239858385,-154.46915010358515,1990-09-19T00:00:00Z,4.876000831544037
urn:ioos:station:GOA_RUNOFF_DISCHARGE,urn:ioos:sensor:GOA_RUNOFF_DISCHARGE:q,58.069320239858385,-154.46915010358515,1990-09-20T00:00:00Z,7.241973578847345
urn:ioos:station:GOA_RUNOFF_DISCHARGE,urn:ioos:sensor:GOA_RUNOFF_DISCHARGE:q,58.069320239858385,-154.46915010358515,1990-09-21T00:00:00Z,5.859993241029284
urn:ioos:station:GOA_RUNOFF_DISCHARGE,urn:ioos:sensor:GOA_RUNOFF_DISCHARGE:q,58.069320239858385,-154.46915010358515,1990-09-22T00:00:00Z,4.192085555703335
urn:ioos:station:GOA_RUNOFF_DISCHARGE,urn:ioos:sensor:GOA_RUNOFF_DISCHARGE:q,58.069320239858385,-154.46915010358515,1990-09-23T00:00:00Z,2.9715737534598734
urn:ioos:station:GOA_RUNOFF_DISCHARGE,urn:ioos:sensor:GOA_RUNOFF_DISCHARGE:q,58.069320239858385,-154.46915010358515,1990-09-24T00:00:00Z,2.1037095475966012
urn:ioos:station:GOA_RUNOFF_DISCHARGE,urn:ioos:sensor:GOA_RUNOFF_DISCHARGE:q,58.069320239858385,-154.46915010358515,1990-09-25T00:00:00Z,1.4890405539839424
urn:ioos:station:GOA_RUNOFF_DISCHARGE,urn:ioos:sensor:GOA_RUNOFF_DISCHARGE:q,58.069320239858385,-154.46915010358515,1990-09-26T00:00:00Z,1.6853654819167545
urn:ioos:station:GOA_RUNOFF_DISCHARGE,urn:ioos:sensor:GOA_RUNOFF_DISCHARGE:q,58.069320239858385,-154.46915010358515,1990-09-27T00:00:00Z,5.8198324548945255
urn:ioos:station:GOA_RUNOFF_DISCHARGE,urn:ioos:sensor:GOA_RUNOFF_DISCHARGE:q,58.069320239858385,-154.46915010358515,1990-09-28T00:00:00Z,4.3397000461435
urn:ioos:station:GOA_RUNOFF_DISCHARGE,urn:ioos:sensor:GOA_RUNOFF_DISCHARGE:q,58.069320239858385,-154.46915010358515,1990-09-29T00:00:00Z,3.0936342742585783
urn:ioos:station:GOA_RUNOFF_DISCHARGE,urn:ioos:sensor:GOA_RUNOFF_DISCHARGE:q,58.069320239858385,-154.46915010358515,1990-09-30T00:00:00Z,2.191859047408081
urn:ioos:station:GOA_RUNOFF_DISCHARGE,urn:ioos:sensor:GOA_RUNOFF_DISCHARGE:q,58.069320239858385,-154.46915010358515,1990-10-01T00:00:00Z,1.551607536201346
urn:ioos:station:GOA_RUNOFF_DISCHARGE,urn:ioos:sensor:GOA_RUNOFF_DISCHARGE:q,58.069320239858385,-154.46915010358515,1990-10-02T00:00:00Z,1.0982428287677004
urn:ioos:station:GOA_RUNOFF_DISCHARGE,urn:ioos:sensor:GOA_RUNOFF_DISCHARGE:q,58.069320239858385,-154.46915010358515,1990-10-03T00:00:00Z,0.7773336489346869
urn:ioos:station:GOA_RUNOFF_DISCHARGE,urn:ioos:sensor:GOA_RUNOFF_DISCHARGE:q,58.069320239858385,-154.46915010358515,1990-10-04T00:00:00Z,0.5501934426275661
urn:ioos:station:GOA_RUNOFF_DISCHARGE,urn:ioos:sensor:GOA_RUNOFF_DISCHARGE:q,58.069320239858385,-154.46915010358515,1990-10-05T00:00:00Z,0.6297707947682649
urn:ioos:station:GOA_RUNOFF_DISCHARGE,urn:ioos:sensor:GOA_RUNOFF_DISCHARGE:q,58.069320239858385,-154.46915010358515,1990-10-06T00:00:00Z,0.4571186316453722
urn:ioos:station:GOA_RUNOFF_DISCHARGE,urn:ioos:sensor:GOA_RUNOFF_DISCHARGE:q,58.069320239858385,-154.46915010358515,1990-10-07T00:00:00Z,1.9899013584649379
urn:ioos:station:GOA_RUNOFF_DISCHARGE,urn:ioos:sensor:GOA_RUNOFF_DISCHARGE:q,58.069320239858385,-154.46915010358515,1990-10-08T00:00:00Z,1.6198605601701397
urn:ioos:station:GOA_RUNOFF_DISCHARGE,urn:ioos:sensor:GOA_RUNOFF_DISCHARGE:q,58.069320239858385,-154.46915010358515,1990-10-09T00:00:00Z,1.1606770038046124
urn:ioos:station:GOA_RUNOFF_DISCHARGE,urn:ioos:sensor:GOA_RUNOFF_DISCHARGE:q,58.069320239858385,-154.46915010358515,1990-10-10T00:00:00Z,6.425753671726986
urn:ioos:station:GOA_RUNOFF_DISCHARGE,urn:ioos:sensor:GOA_RUNOFF_DISCHARGE:q,58.069320239858385,-154.46915010358515,1990-10-11T00:00:00Z,6.302069206563756
urn:ioos:station:GOA_RUNOFF_DISCHARGE,urn:ioos:sensor:GOA_RUNOFF_DISCHARGE:q,58.069320239858385,-154.46915010358515,1990-10-12T00:00:00Z,4.817611454097818
urn:ioos:station:GOA_RUNOFF_DISCHARGE,urn:ioos:sensor:GOA_RUNOFF_DISCHARGE:q,58.069320239858385,-154.46915010358515,1990-10-13T00:00:00Z,3.653775625914024
urn:ioos:station:GOA_RUNOFF_DISCHARGE,urn:ioos:sensor:GOA_RUNOFF_DISCHARGE:q,58.069320239858385,-154.46915010358515,1990-10-14T00:00:00Z,2.598819057863082
urn:ioos:station:GOA_RUNOFF_DISCHARGE,urn:ioos:sensor:GOA_RUNOFF_DISCHARGE:q,58.069320239858385,-154.46915010358515,1990-10-15T00:00:00Z,1.8406997597281407
urn:ioos:station:GOA_RUNOFF_DISCHARGE,urn:ioos:sensor:GOA_RUNOFF_DISCHARGE:q,58.069320239858385,-154.46915010358515,1990-10-16T00:00:00Z,1.846531303947707
urn:ioos:station:GOA_RUNOFF_DISCHARGE,urn:ioos:sensor:GOA_RUNOFF_DISCHARGE:q,58.069320239858385,-154.46915010358515,1990-10-17T00:00:00Z,1.3326928896333516
urn:ioos:station:GOA_RUNOFF_DISCHARGE,urn:ioos:sensor:GOA_RUNOFF_DISCHARGE:q,58.069320239858385,-154.46915010358515,1990-10-18T00:00:00Z,4.1709942756870735
urn:ioos:station:GOA_RUNOFF_DISCHARGE,urn:ioos:sensor:GOA_RUNOFF_DISCHARGE:q,58.069320239858385,-154.46915010358515,1990-10-19T00:00:00Z,3.9944910990020794
urn:ioos:station:GOA_RUNOFF_DISCHARGE,urn:ioos:sensor:GOA_RUNOFF_DISCHARGE:q,58.069320239858385,-154.46915010358515,1990-10-20T00:00:00Z,2.9910466145217938
urn:ioos:station:GOA_RUNOFF_DISCHARGE,urn:ioos:sensor:GOA_RUNOFF_DISCHARGE:q,58.069320239858385,-154.46915010358515,1990-10-21T00:00:00Z,2.1278095450153827
urn:ioos:station:GOA_RUNOFF_DISCHARGE,urn:ioos:sensor:GOA_RUNOFF_DISCHARGE:q,58.069320239858385,-154.46915010358515,1990-10-22T00:00:00Z,5.004076682229615
urn:ioos:station:GOA_RUNOFF_DISCHARGE,urn:ioos:sensor:GOA_RUNOFF_DISCHARGE:q,58.069320239858385,-154.46915010358515,1990-10-23T00:00:00Z,9.902409643048356
urn:ioos:station:GOA_RUNOFF_DISCHARGE,urn:ioos:sensor:GOA_RUNOFF_DISCHARGE:q,58.069320239858385,-154.46915010358515,1990-10-24T00:00:00Z,7.318468936121895
urn:ioos:station:GOA_RUNOFF_DISCHARGE,urn:ioos:sensor:GOA_RUNOFF_DISCHARGE:q,58.069320239858385,-154.46915010358515,1990-10-25T00:00:00Z,5.324692028642492
urn:ioos:station:GOA_RUNOFF_DISCHARGE,urn:ioos:sensor:GOA_RUNOFF_DISCHARGE:q,58.069320239858385,-154.46915010358515,1990-10-26T00:00:00Z,4.300732222378923
urn:ioos:station:GOA_RUNOFF_DISCHARGE,urn:ioos:sensor:GOA_RUNOFF_DISCHARGE:q,58.069320239858385,-154.46915010358515,1990-10-27T00:00:00Z,2.798836012257823
urn:ioos:station:GOA_RUNOFF_DISCHARGE,urn:ioos:sensor:GOA_RUNOFF_DISCHARGE:q,58.069320239858385,-154.46915010358515,1990-10-28T00:00:00Z,1.81739910498263
urn:ioos:station:GOA_RUNOFF_DISCHARGE,urn:ioos:sensor:GOA_RUNOFF_DISCHARGE:q,58.069320239858385,-154.46915010358515,1990-10-29T00:00:00Z,1.1798931964077521
urn:ioos:station:GOA_RUNOFF_DISCHARGE,urn:ioos:sensor:GOA_RUNOFF_DISCHARGE:q,58.069320239858385,-154.46915010358515,1990-10-30T00:00:00Z,0.8403437164258851
urn:ioos:station:GOA_RUNOFF_DISCHARGE,urn:ioos:sensor:GOA_RUNOFF_DISCHARGE:q,58.069320239858385,-154.46915010358515,1990-10-31T00:00:00Z,0.5953128897302193
urn:ioos:station:GOA_RUNOFF_DISCHARGE,urn:ioos:sensor:GOA_RUNOFF_DISCHARGE:q,58.069320239858385,-154.46915010358515,1990-11-01T00:00:00Z,1.9591413999711609
urn:ioos:station:GOA_RUNOFF_DISCHARGE,urn:ioos:sensor:GOA_RUNOFF_DISCHARGE:q,58.069320239858385,-154.46915010358515,1990-11-02T00:00:00Z,1.7610514981567484
urn:ioos:station:GOA_RUNOFF_DISCHARGE,urn:ioos:sensor:GOA_RUNOFF_DISCHARGE:q,58.069320239858385,-154.46915010358515,1990-11-03T00:00:00Z,1.2679978351508343
urn:ioos:station:GOA_RUNOFF_DISCHARGE,urn:ioos:sensor:GOA_RUNOFF_DISCHARGE:q,58.069320239858385,-154.46915010358515,1990-11-04T00:00:00Z,0.8996335383960014
urn:ioos:station:GOA_RUNOFF_DISCHARGE,urn:ioos:sensor:GOA_RUNOFF_DISCHARGE:q,58.069320239858385,-154.46915010358515,1990-11-05T00:00:00Z,0.6369713251395853
urn:ioos:station:GOA_RUNOFF_DISCHARGE,urn:ioos:sensor:GOA_RUNOFF_DISCHARGE:q,58.069320239858385,-154.46915010358515,1990-11-06T00:00:00Z,0.41130834382299963
urn:ioos:station:GOA_RUNOFF_DISCHARGE,urn:ioos:sensor:GOA_RUNOFF_DISCHARGE:q,58.069320239858385,-154.46915010358515,1990-11-07T00:00:00Z,0.26688655378874004
urn:ioos:station:GOA_RUNOFF_DISCHARGE,urn:ioos:sensor:GOA_RUNOFF_DISCHARGE:q,58.069320239858385,-154.46915010358515,1990-11-08T00:00:00Z,0.1732574586528005
urn:ioos:station:GOA_RUNOFF_DISCHARGE,urn:ioos:sensor:GOA_RUNOFF_DISCHARGE:q,58.069320239858385,-154.46915010358515,1990-11-09T00:00:00Z,0.1124799446576787
urn:ioos:station:GOA_RUNOFF_DISCHARGE,urn:ioos:sensor:GOA_RUNOFF_DISCHARGE:q,58.069320239858385,-154.46915010358515,1990-11-10T00:00:00Z,0.0730230069791145
urn:ioos:station:GOA_RUNOFF_DISCHARGE,urn:ioos:sensor:GOA_RUNOFF_DISCHARGE:q,58.069320239858385,-154.46915010358515,1990-11-11T00:00:00Z,0.04740721770005412
urn:ioos:station:GOA_RUNOFF_DISCHARGE,urn:ioos:sensor:GOA_RUNOFF_DISCHARGE:q,58.069320239858385,-154.46915010358515,1990-11-12T00:00:00Z,0.03077720895592865
urn:ioos:station:GOA_RUNOFF_DISCHARGE,urn:ioos:sensor:GOA_RUNOFF_DISCHARGE:q,58.069320239858385,-154.46915010358515,1990-11-13T00:00:00Z,0.8389075702289195
urn:ioos:station:GOA_RUNOFF_DISCHARGE,urn:ioos:sensor:GOA_RUNOFF_DISCHARGE:q,58.069320239858385,-154.46915010358515,1990-11-14T00:00:00Z,4.122800332489235
urn:ioos:station:GOA_RUNOFF_DISCHARGE,urn:ioos:sensor:GOA_RUNOFF_DISCHARGE:q,58.069320239858385,-154.46915010358515,1990-11-15T00:00:00Z,3.5923664802449182
urn:ioos:station:GOA_RUNOFF_DISCHARGE,urn:ioos:sensor:GOA_RUNOFF_DISCHARGE:q,58.069320239858385,-154.46915010358515,1990-11-16T00:00:00Z,3.0414936095008107
urn:ioos:station:GOA_RUNOFF_DISCHARGE,urn:ioos:sensor:GOA_RUNOFF_DISCHARGE:q,58.069320239858385,-154.46915010358515,1990-11-17T00:00:00Z,2.679164573576729
urn:ioos:station:GOA_RUNOFF_DISCHARGE,urn:ioos:sensor:GOA_RUNOFF_DISCHARGE:q,58.069320239858385,-154.46915010358515,1990-11-18T00:00:00Z,2.06247841057479
urn:ioos:station:GOA_RUNOFF_DISCHARGE,urn:ioos:sensor:GOA_RUNOFF_DISCHARGE:q,58.069320239858385,-154.46915010358515,1990-11-19T00:00:00Z,1.6815328206099072
urn:ioos:station:GOA_RUNOFF_DISCHARGE,urn:ioos:sensor:GOA_RUNOFF_DISCHARGE:q,58.069320239858385,-154.46915010358515,1990-11-20T00:00:00Z,1.0988214181483862
urn:ioos:station:GOA_RUNOFF_DISCHARGE,urn:ioos:sensor:GOA_RUNOFF_DISCHARGE:q,58.069320239858385,-154.46915010358515,1990-11-21T00:00:00Z,0.7136728986156416
urn:ioos:station:GOA_RUNOFF_DISCHARGE,urn:ioos:sensor:GOA_RUNOFF_DISCHARGE:q,58.069320239858385,-154.46915010358515,1990-11-22T00:00:00Z,0.46334040795917647
urn:ioos:station:GOA_RUNOFF_DISCHARGE,urn:ioos:sensor:GOA_RUNOFF_DISCHARGE:q,58.069320239858385,-154.46915010358515,1990-11-23T00:00:00Z,0.3008059286699333
urn:ioos:station:GOA_RUNOFF_DISCHARGE,urn:ioos:sensor:GOA_RUNOFF_DISCHARGE:q,58.069320239858385,-154.46915010358515,1990-11-24T00:00:00Z,0.195286085039546
urn:ioos:station:GOA_RUNOFF_DISCHARGE,urn:ioos:sensor:GOA_RUNOFF_DISCHARGE:q,58.069320239858385,-154.46915010358515,1990-11-25T00:00:00Z,4.057145566880728
urn:ioos:station:GOA_RUNOFF_DISCHARGE,urn:ioos:sensor:GOA_RUNOFF_DISCHARGE:q,58.069320239858385,-154.46915010358515,1990-11-26T00:00:00Z,2.796146716186887
urn:ioos:station:GOA_RUNOFF_DISCHARGE,urn:ioos:sensor:GOA_RUNOFF_DISCHARGE:q,58.069320239858385,-154.46915010358515,1990-11-27T00:00:00Z,1.8243903275538886
urn:ioos:station:GOA_RUNOFF_DISCHARGE,urn:ioos:sensor:GOA_RUNOFF_DISCHARGE:q,58.069320239858385,-154.46915010358515,1990-11-28T00:00:00Z,1.1849223721341848
urn:ioos:station:GOA_RUNOFF_DISCHARGE,urn:ioos:sensor:GOA_RUNOFF_DISCHARGE:q,58.069320239858385,-154.46915010358515,1990-11-29T00:00:00Z,0.7692914144120189
urn:ioos:station:GOA_RUNOFF_DISCHARGE,urn:ioos:sensor:GOA_RUNOFF_DISCHARGE:q,58.069320239858385,-154.46915010358515,1990-11-30T00:00:00Z,0.4994328148419204
urn:ioos:station:GOA_RUNOFF_DISCHARGE,urn:ioos:sensor:GOA_RUNOFF_DISCHARGE:q,58.069320239858385,-154.46915010358515,1990-12-01T00:00:00Z,0.32423656211215096
urn:ioos:station:GOA_RUNOFF_DISCHARGE,urn:ioos:sensor:GOA_RUNOFF_DISCHARGE:q,58.069320239858385,-154.46915010358515,1990-12-02T00:00:00Z,0.2104974241631134
urn:ioos:station:GOA_RUNOFF_DISCHARGE,urn:ioos:sensor:GOA_RUNOFF_DISCHARGE:q,58.069320239858385,-154.46915010358515,1990-12-03T00:00:00Z,0.13665690314687906
urn:ioos:station:GOA_RUNOFF_DISCHARGE,urn:ioos:sensor:GOA_RUNOFF_DISCHARGE:q,58.069320239858385,-154.46915010358515,1990-12-04T00:00:00Z,0.08871893773154857
urn:ioos:station:GOA_RUNOFF_DISCHARGE,urn:ioos:sensor:GOA_RUNOFF_DISCHARGE:q,58.069320239858385,-154.46915010358515,1990-12-05T00:00:00Z,0.057597171761101504
urn:ioos:station:GOA_RUNOFF_DISCHARGE,urn:ioos:sensor:GOA_RUNOFF_DISCHARGE:q,58.069320239858385,-154.46915010358515,1990-12-06T00:00:00Z,0.03739262552248464
urn:ioos:station:GOA_RUNOFF_DISCHARGE,urn:ioos:sensor:GOA_RUNOFF_DISCHARGE:q,58.069320239858385,-154.46915010358515,1990-12-07T00:00:00Z,0.024275642972871752
urn:ioos:station:GOA_RUNOFF_DISCHARGE,urn:ioos:sensor:GOA_RUNOFF_DISCHARGE:q,58.069320239858385,-154.46915010358515,1990-12-08T00:00:00Z,0.015759974532080508
urn:ioos:station:GOA_RUNOFF_DISCHARGE,urn:ioos:sensor:GOA_RUNOFF_DISCHARGE:q,58.069320239858385,-154.46915010358515,1990-12-09T00:00:00Z,0.010231523111435756
urn:ioos:station:GOA_RUNOFF_DISCHARGE,urn:ioos:sensor:GOA_RUNOFF_DISCHARGE:q,58.069320239858385,-154.46915010358515,1990-12-10T00:00:00Z,0.006642401247429928
urn:ioos:station:GOA_RUNOFF_DISCHARGE,urn:ioos:sensor:GOA_RUNOFF_DISCHARGE:q,58.069320239858385,-154.46915010358515,1990-12-11T00:00:00Z,0.004312309255843376
urn:ioos:station:GOA_RUNOFF_DISCHARGE,urn:ioos:sensor:GOA_RUNOFF_DISCHARGE:q,58.069320239858385,-154.46915010358515,1990-12-12T00:00:00Z,0.002799591521654769
urn:ioos:station:GOA_RUNOFF_DISCHARGE,urn:ioos:sensor:GOA_RUNOFF_DISCHARGE:q,58.069320239858385,-154.46915010358515,1990-12-13T00:00:00Z,0.0018175211645414153
urn:ioos:station:GOA_RUNOFF_DISCHARGE,urn:ioos:sensor:GOA_RUNOFF_DISCHARGE:q,58.069320239858385,-154.46915010358515,1990-12-14T00:00:00Z,0.0011799516788044923
urn:ioos:station:GOA_RUNOFF_DISCHARGE,urn:ioos:sensor:GOA_RUNOFF_DISCHARGE:q,58.069320239858385,-154.46915010358515,1990-12-15T00:00:00Z,7.660357221716543E-4
urn:ioos:station:GOA_RUNOFF_DISCHARGE,urn:ioos:sensor:GOA_RUNOFF_DISCHARGE:q,58.069320239858385,-154.46915010358515,1990-12-16T00:00:00Z,4.973176218392721E-4
urn:ioos:station:GOA_RUNOFF_DISCHARGE,urn:ioos:sensor:GOA_RUNOFF_DISCHARGE:q,58.069320239858385,-154.46915010358515,1990-12-17T00:00:00Z,3.228632466432378E-4
urn:ioos:station:GOA_RUNOFF_DISCHARGE,urn:ioos:sensor:GOA_RUNOFF_DISCHARGE:q,58.069320239858385,-154.46915010358515,1990-12-18T00:00:00Z,2.0960584370347424E-4
urn:ioos:station:GOA_RUNOFF_DISCHARGE,urn:ioos:sensor:GOA_RUNOFF_DISCHARGE:q,58.069320239858385,-154.46915010358515,1990-12-19T00:00:00Z,1.3607809664511802E-4
urn:ioos:station:GOA_RUNOFF_DISCHARGE,urn:ioos:sensor:GOA_RUNOFF_DISCHARGE:q,58.069320239858385,-154.46915010358515,1990-12-20T00:00:00Z,8.834317707817098E-5
urn:ioos:station:GOA_RUNOFF_DISCHARGE,urn:ioos:sensor:GOA_RUNOFF_DISCHARGE:q,58.069320239858385,-154.46915010358515,1990-12-21T00:00:00Z,5.735322261464491E-5
urn:ioos:station:GOA_RUNOFF_DISCHARGE,urn:ioos:sensor:GOA_RUNOFF_DISCHARGE:q,58.069320239858385,-154.46915010358515,1990-12-22T00:00:00Z,3.723424899504046E-5
urn:ioos:station:GOA_RUNOFF_DISCHARGE,urn:ioos:sensor:GOA_RUNOFF_DISCHARGE:q,58.069320239858385,-154.46915010358515,1990-12-23T00:00:00Z,2.417282644388228E-5
urn:ioos:station:GOA_RUNOFF_DISCHARGE,urn:ioos:sensor:GOA_RUNOFF_DISCHARGE:q,58.069320239858385,-154.46915010358515,1990-12-24T00:00:00Z,1.5693224672261637E-5
urn:ioos:station:GOA_RUNOFF_DISCHARGE,urn:ioos:sensor:GOA_RUNOFF_DISCHARGE:q,58.069320239858385,-154.46915010358515,1990-12-25T00:00:00Z,1.2846866788243807
urn:ioos:station:GOA_RUNOFF_DISCHARGE,urn:ioos:sensor:GOA_RUNOFF_DISCHARGE:q,58.069320239858385,-154.46915010358515,1990-12-26T00:00:00Z,1.7750799883841317
urn:ioos:station:GOA_RUNOFF_DISCHARGE,urn:ioos:sensor:GOA_RUNOFF_DISCHARGE:q,58.069320239858385,-154.46915010358515,1990-12-27T00:00:00Z,1.179059911929066
urn:ioos:station:GOA_RUNOFF_DISCHARGE,urn:ioos:sensor:GOA_RUNOFF_DISCHARGE:q,58.069320239858385,-154.46915010358515,1990-12-28T00:00:00Z,6.417585536786556
urn:ioos:station:GOA_RUNOFF_DISCHARGE,urn:ioos:sensor:GOA_RUNOFF_DISCHARGE:q,58.069320239858385,-154.46915010358515,1990-12-29T00:00:00Z,4.897322600099399
urn:ioos:station:GOA_RUNOFF_DISCHARGE,urn:ioos:sensor:GOA_RUNOFF_DISCHARGE:q,58.069320239858385,-154.46915010358515,1990-12-30T00:00:00Z,3.203761750863451
urn:ioos:station:GOA_RUNOFF_DISCHARGE,urn:ioos:sensor:GOA_RUNOFF_DISCHARGE:q,58.069320239858385,-154.46915010358515,1990-12-31T00:00:00Z,2.081280460528908
urn:ioos:station:GOA_RUNOFF_DISCHARGE,urn:ioos:sensor:GOA_RUNOFF_DISCHARGE:q,58.069320239858385,-154.46915010358515,1991-01-01T00:00:00Z,1.3512636617040579
urn:ioos:station:GOA_RUNOFF_DISCHARGE,urn:ioos:sensor:GOA_RUNOFF_DISCHARGE:q,58.069320239858385,-154.46915010358515,1991-01-02T00:00:00Z,0.8772573373972113
urn:ioos:station:GOA_RUNOFF_DISCHARGE,urn:ioos:sensor:GOA_RUNOFF_DISCHARGE:q,58.069320239858385,-154.46915010358515,1991-01-03T00:00:00Z,2.9163496467047185
urn:ioos:station:GOA_RUNOFF_DISCHARGE,urn:ioos:sensor:GOA_RUNOFF_DISCHARGE:q,58.069320239858385,-154.46915010358515,1991-01-04T00:00:00Z,8.536940283318874
urn:ioos:station:GOA_RUNOFF_DISCHARGE,urn:ioos:sensor:GOA_RUNOFF_DISCHARGE:q,58.069320239858385,-154.46915010358515,1991-01-05T00:00:00Z,10.68717154818837
urn:ioos:station:GOA_RUNOFF_DISCHARGE,urn:ioos:sensor:GOA_RUNOFF_DISCHARGE:q,58.069320239858385,-154.46915010358515,1991-01-06T00:00:00Z,7.154715248764097
urn:ioos:station:GOA_RUNOFF_DISCHARGE,urn:ioos:sensor:GOA_RUNOFF_DISCHARGE:q,58.069320239858385,-154.46915010358515,1991-01-07T00:00:00Z,4.655011261894602
urn:ioos:station:GOA_RUNOFF_DISCHARGE,urn:ioos:sensor:GOA_RUNOFF_DISCHARGE:q,58.069320239858385,-154.46915010358515,1991-01-08T00:00:00Z,3.0226443304453587
urn:ioos:station:GOA_RUNOFF_DISCHARGE,urn:ioos:sensor:GOA_RUNOFF_DISCHARGE:q,58.069320239858385,-154.46915010358515,1991-01-09T00:00:00Z,1.9623610038623658
urn:ioos:station:GOA_RUNOFF_DISCHARGE,urn:ioos:sensor:GOA_RUNOFF_DISCHARGE:q,58.069320239858385,-154.46915010358515,1991-01-10T00:00:00Z,1.273984880199862
urn:ioos:station:GOA_RUNOFF_DISCHARGE,urn:ioos:sensor:GOA_RUNOFF_DISCHARGE:q,58.069320239858385,-154.46915010358515,1991-01-11T00:00:00Z,0.8270830608779859
urn:ioos:station:GOA_RUNOFF_DISCHARGE,urn:ioos:sensor:GOA_RUNOFF_DISCHARGE:q,58.069320239858385,-154.46915010358515,1991-01-12T00:00:00Z,0.5369500868758379
urn:ioos:station:GOA_RUNOFF_DISCHARGE,urn:ioos:sensor:GOA_RUNOFF_DISCHARGE:q,58.069320239858385,-154.46915010358515,1991-01-13T00:00:00Z,0.34859303065363545
urn:ioos:station:GOA_RUNOFF_DISCHARGE,urn:ioos:sensor:GOA_RUNOFF_DISCHARGE:q,58.069320239858385,-154.46915010358515,1991-01-14T00:00:00Z,0.2263098818696044
urn:ioos:station:GOA_RUNOFF_DISCHARGE,urn:ioos:sensor:GOA_RUNOFF_DISCHARGE:q,58.069320239858385,-154.46915010358515,1991-01-15T00:00:00Z,0.1469224821486503
urn:ioos:station:GOA_RUNOFF_DISCHARGE,urn:ioos:sensor:GOA_RUNOFF_DISCHARGE:q,58.069320239858385,-154.46915010358515,1991-01-16T00:00:00Z,0.09538346220334763
urn:ioos:station:GOA_RUNOFF_DISCHARGE,urn:ioos:sensor:GOA_RUNOFF_DISCHARGE:q,58.069320239858385,-154.46915010358515,1991-01-17T00:00:00Z,0.06192383516103498
urn:ioos:station:GOA_RUNOFF_DISCHARGE,urn:ioos:sensor:GOA_RUNOFF_DISCHARGE:q,58.069320239858385,-154.46915010358515,1991-01-18T00:00:00Z,0.04020153603486437
urn:ioos:station:GOA_RUNOFF_DISCHARGE,urn:ioos:sensor:GOA_RUNOFF_DISCHARGE:q,58.069320239858385,-154.46915010358515,1991-01-19T00:00:00Z,6.9462452061323
urn:ioos:station:GOA_RUNOFF_DISCHARGE,urn:ioos:sensor:GOA_RUNOFF_DISCHARGE:q,58.069320239858385,-154.46915010358515,1991-01-20T00:00:00Z,10.411621973464932
urn:ioos:station:GOA_RUNOFF_DISCHARGE,urn:ioos:sensor:GOA_RUNOFF_DISCHARGE:q,58.069320239858385,-154.46915010358515,1991-01-21T00:00:00Z,10.999689800648897
urn:ioos:station:GOA_RUNOFF_DISCHARGE,urn:ioos:sensor:GOA_RUNOFF_DISCHARGE:q,58.069320239858385,-154.46915010358515,1991-01-22T00:00:00Z,10.883375180211909
urn:ioos:station:GOA_RUNOFF_DISCHARGE,urn:ioos:sensor:GOA_RUNOFF_DISCHARGE:q,58.069320239858385,-154.46915010358515,1991-01-23T00:00:00Z,8.292899228611745
urn:ioos:station:GOA_RUNOFF_DISCHARGE,urn:ioos:sensor:GOA_RUNOFF_DISCHARGE:q,58.069320239858385,-154.46915010358515,1991-01-24T00:00:00Z,6.014375306485644
urn:ioos:station:GOA_RUNOFF_DISCHARGE,urn:ioos:sensor:GOA_RUNOFF_DISCHARGE:q,58.069320239858385,-154.46915010358515,1991-01-25T00:00:00Z,4.66411661164813
urn:ioos:station:GOA_RUNOFF_DISCHARGE,urn:ioos:sensor:GOA_RUNOFF_DISCHARGE:q,58.069320239858385,-154.46915010358515,1991-01-26T00:00:00Z,3.0695926883188833
urn:ioos:station:GOA_RUNOFF_DISCHARGE,urn:ioos:sensor:GOA_RUNOFF_DISCHARGE:q,58.069320239858385,-154.46915010358515,1991-01-27T00:00:00Z,2.033515525964634
urn:ioos:station:GOA_RUNOFF_DISCHARGE,urn:ioos:sensor:GOA_RUNOFF_DISCHARGE:q,58.069320239858385,-154.46915010358515,1991-01-28T00:00:00Z,1.3213375139185084
urn:ioos:station:GOA_RUNOFF_DISCHARGE,urn:ioos:sensor:GOA_RUNOFF_DISCHARGE:q,58.069320239858385,-154.46915010358515,1991-01-29T00:00:00Z,0.8578897222435555
urn:ioos:station:GOA_RUNOFF_DISCHARGE,urn:ioos:sensor:GOA_RUNOFF_DISCHARGE:q,58.069320239858385,-154.46915010358515,1991-01-30T00:00:00Z,0.5569537162088763
urn:ioos:station:GOA_RUNOFF_DISCHARGE,urn:ioos:sensor:GOA_RUNOFF_DISCHARGE:q,58.069320239858385,-154.46915010358515,1991-01-31T00:00:00Z,0.36157978372527555
urn:ioos:station:GOA_RUNOFF_DISCHARGE,urn:ioos:sensor:GOA_RUNOFF_DISCHARGE:q,58.069320239858385,-154.46915010358515,1991-02-01T00:00:00Z,0.2347410164679839
urn:ioos:station:GOA_RUNOFF_DISCHARGE,urn:ioos:sensor:GOA_RUNOFF_DISCHARGE:q,58.069320239858385,-154.46915010358515,1991-02-02T00:00:00Z,0.1523960751674041
urn:ioos:station:GOA_RUNOFF_DISCHARGE,urn:ioos:sensor:GOA_RUNOFF_DISCHARGE:q,58.069320239858385,-154.46915010358515,1991-02-03T00:00:00Z,0.09893695051618608
urn:ioos:station:GOA_RUNOFF_DISCHARGE,urn:ioos:sensor:GOA_RUNOFF_DISCHARGE:q,58.069320239858385,-154.46915010358515,1991-02-04T00:00:00Z,0.06423080080318924
urn:ioos:station:GOA_RUNOFF_DISCHARGE,urn:ioos:sensor:GOA_RUNOFF_DISCHARGE:q,58.069320239858385,-154.46915010358515,1991-02-05T00:00:00Z,0.04169923875466001
urn:ioos:station:GOA_RUNOFF_DISCHARGE,urn:ioos:sensor:GOA_RUNOFF_DISCHARGE:q,58.069320239858385,-154.46915010358515,1991-02-06T00:00:00Z,0.027071537526440308
urn:ioos:station:GOA_RUNOFF_DISCHARGE,urn:ioos:sensor:GOA_RUNOFF_DISCHARGE:q,58.069320239858385,-154.46915010358515,1991-02-07T00:00:00Z,0.017575094388917606
urn:ioos:station:GOA_RUNOFF_DISCHARGE,urn:ioos:sensor:GOA_RUNOFF_DISCHARGE:q,58.069320239858385,-154.46915010358515,1991-02-08T00:00:00Z,0.011409916528983724
urn:ioos:station:GOA_RUNOFF_DISCHARGE,urn:ioos:sensor:GOA_RUNOFF_DISCHARGE:q,58.069320239858385,-154.46915010358515,1991-02-09T00:00:00Z,7.767880541462422
urn:ioos:station:GOA_RUNOFF_DISCHARGE,urn:ioos:sensor:GOA_RUNOFF_DISCHARGE:q,58.069320239858385,-154.46915010358515,1991-02-10T00:00:00Z,13.762281227018494
urn:ioos:station:GOA_RUNOFF_DISCHARGE,urn:ioos:sensor:GOA_RUNOFF_DISCHARGE:q,58.069320239858385,-154.46915010358515,1991-02-11T00:00:00Z,12.581421083828559
urn:ioos:station:GOA_RUNOFF_DISCHARGE,urn:ioos:sensor:GOA_RUNOFF_DISCHARGE:q,58.069320239858385,-154.46915010358515,1991-02-12T00:00:00Z,8.77315367359881
urn:ioos:station:GOA_RUNOFF_DISCHARGE,urn:ioos:sensor:GOA_RUNOFF_DISCHARGE:q,58.069320239858385,-154.46915010358515,1991-02-13T00:00:00Z,6.910220584192348
urn:ioos:station:GOA_RUNOFF_DISCHARGE,urn:ioos:sensor:GOA_RUNOFF_DISCHARGE:q,58.069320239858385,-154.46915010358515,1991-02-14T00:00:00Z,8.886029910212788
urn:ioos:station:GOA_RUNOFF_DISCHARGE,urn:ioos:sensor:GOA_RUNOFF_DISCHARGE:q,58.069320239858385,-154.46915010358515,1991-02-15T00:00:00Z,9.843503508192557
urn:ioos:station:GOA_RUNOFF_DISCHARGE,urn:ioos:sensor:GOA_RUNOFF_DISCHARGE:q,58.069320239858385,-154.46915010358515,1991-02-16T00:00:00Z,6.505046991472756
urn:ioos:station:GOA_RUNOFF_DISCHARGE,urn:ioos:sensor:GOA_RUNOFF_DISCHARGE:q,58.069320239858385,-154.46915010358515,1991-02-17T00:00:00Z,4.229567833472755
urn:ioos:station:GOA_RUNOFF_DISCHARGE,urn:ioos:sensor:GOA_RUNOFF_DISCHARGE:q,58.069320239858385,-154.46915010358515,1991-02-18T00:00:00Z,2.7462359491104795
urn:ioos:station:GOA_RUNOFF_DISCHARGE,urn:ioos:sensor:GOA_RUNOFF_DISCHARGE:q,58.069320239858385,-154.46915010358515,1991-02-19T00:00:00Z,1.782902522073297
urn:ioos:station:GOA_RUNOFF_DISCHARGE,urn:ioos:sensor:GOA_RUNOFF_DISCHARGE:q,58.069320239858385,-154.46915010358515,1991-02-20T00:00:00Z,1.1574781859802896
urn:ioos:station:GOA_RUNOFF_DISCHARGE,urn:ioos:sensor:GOA_RUNOFF_DISCHARGE:q,58.069320239858385,-154.46915010358515,1991-02-21T00:00:00Z,0.7514457208705645
urn:ioos:station:GOA_RUNOFF_DISCHARGE,urn:ioos:sensor:GOA_RUNOFF_DISCHARGE:q,58.069320239858385,-154.46915010358515,1991-02-22T00:00:00Z,2.735979998464847
urn:ioos:station:GOA_RUNOFF_DISCHARGE,urn:ioos:sensor:GOA_RUNOFF_DISCHARGE:q,58.069320239858385,-154.46915010358515,1991-02-23T00:00:00Z,8.999362914068636
urn:ioos:station:GOA_RUNOFF_DISCHARGE,urn:ioos:sensor:GOA_RUNOFF_DISCHARGE:q,58.069320239858385,-154.46915010358515,1991-02-24T00:00:00Z,9.73222595692512
urn:ioos:station:GOA_RUNOFF_DISCHARGE,urn:ioos:sensor:GOA_RUNOFF_DISCHARGE:q,58.069320239858385,-154.46915010358515,1991-02-25T00:00:00Z,11.95602779527849
urn:ioos:station:GOA_RUNOFF_DISCHARGE,urn:ioos:sensor:GOA_RUNOFF_DISCHARGE:q,58.069320239858385,-154.46915010358515,1991-02-26T00:00:00Z,16.098055239633847
urn:ioos:station:GOA_RUNOFF_DISCHARGE,urn:ioos:sensor:GOA_RUNOFF_DISCHARGE:q,58.069320239858385,-154.46915010358515,1991-02-27T00:00:00Z,12.104256132478609
urn:ioos:station:GOA_RUNOFF_DISCHARGE,urn:ioos:sensor:GOA_RUNOFF_DISCHARGE:q,58.069320239858385,-154.46915010358515,1991-02-28T00:00:00Z,8.61724975230894
urn:ioos:station:GOA_RUNOFF_DISCHARGE,urn:ioos:sensor:GOA_RUNOFF_DISCHARGE:q,58.069320239858385,-154.46915010358515,1991-03-01T00:00:00Z,6.104234262962115
urn:ioos:station:GOA_RUNOFF_DISCHARGE,urn:ioos:sensor:GOA_RUNOFF_DISCHARGE:q,58.069320239858385,-154.46915010358515,1991-03-02T00:00:00Z,4.321048103166045
urn:ioos:station:GOA_RUNOFF_DISCHARGE,urn:ioos:sensor:GOA_RUNOFF_DISCHARGE:q,58.069320239858385,-154.46915010358515,1991-03-03T00:00:00Z,3.0584684589300664
urn:ioos:station:GOA_RUNOFF_DISCHARGE,urn:ioos:sensor:GOA_RUNOFF_DISCHARGE:q,58.069320239858385,-154.46915010358515,1991-03-04T00:00:00Z,3.056354857977339
urn:ioos:station:GOA_RUNOFF_DISCHARGE,urn:ioos:sensor:GOA_RUNOFF_DISCHARGE:q,58.069320239858385,-154.46915010358515,1991-03-05T00:00:00Z,2.0206109304801334
urn:ioos:station:GOA_RUNOFF_DISCHARGE,urn:ioos:sensor:GOA_RUNOFF_DISCHARGE:q,58.069320239858385,-154.46915010358515,1991-03-06T00:00:00Z,2.529641974819724
urn:ioos:station:GOA_RUNOFF_DISCHARGE,urn:ioos:sensor:GOA_RUNOFF_DISCHARGE:q,58.069320239858385,-154.46915010358515,1991-03-07T00:00:00Z,2.1261606047476445
urn:ioos:station:GOA_RUNOFF_DISCHARGE,urn:ioos:sensor:GOA_RUNOFF_DISCHARGE:q,58.069320239858385,-154.46915010358515,1991-03-08T00:00:00Z,1.3946703632070871
urn:ioos:station:GOA_RUNOFF_DISCHARGE,urn:ioos:sensor:GOA_RUNOFF_DISCHARGE:q,58.069320239858385,-154.46915010358515,1991-03-09T00:00:00Z,0.9062383769265431
urn:ioos:station:GOA_RUNOFF_DISCHARGE,urn:ioos:sensor:GOA_RUNOFF_DISCHARGE:q,58.069320239858385,-154.46915010358515,1991-03-10T00:00:00Z,0.5883836306874515
urn:ioos:station:GOA_RUNOFF_DISCHARGE,urn:ioos:sensor:GOA_RUNOFF_DISCHARGE:q,58.069320239858385,-154.46915010358515,1991-03-11T00:00:00Z,1.3553845652421654
urn:ioos:station:GOA_RUNOFF_DISCHARGE,urn:ioos:sensor:GOA_RUNOFF_DISCHARGE:q,58.069320239858385,-154.46915010358515,1991-03-12T00:00:00Z,1.9841512482668915
urn:ioos:station:GOA_RUNOFF_DISCHARGE,urn:ioos:sensor:GOA_RUNOFF_DISCHARGE:q,58.069320239858385,-154.46915010358515,1991-03-13T00:00:00Z,1.458008929489457
urn:ioos:station:GOA_RUNOFF_DISCHARGE,urn:ioos:sensor:GOA_RUNOFF_DISCHARGE:q,58.069320239858385,-154.46915010358515,1991-03-14T00:00:00Z,2.4196244801889875
urn:ioos:station:GOA_RUNOFF_DISCHARGE,urn:ioos:sensor:GOA_RUNOFF_DISCHARGE:q,58.069320239858385,-154.46915010358515,1991-03-15T00:00:00Z,1.6111614596225141
urn:ioos:station:GOA_RUNOFF_DISCHARGE,urn:ioos:sensor:GOA_RUNOFF_DISCHARGE:q,58.069320239858385,-154.46915010358515,1991-03-16T00:00:00Z,4.0969645669283965
urn:ioos:station:GOA_RUNOFF_DISCHARGE,urn:ioos:sensor:GOA_RUNOFF_DISCHARGE:q,58.069320239858385,-154.46915010358515,1991-03-17T00:00:00Z,3.283698123108718
urn:ioos:station:GOA_RUNOFF_DISCHARGE,urn:ioos:sensor:GOA_RUNOFF_DISCHARGE:q,58.069320239858385,-154.46915010358515,1991-03-18T00:00:00Z,2.142471220938364
urn:ioos:station:GOA_RUNOFF_DISCHARGE,urn:ioos:sensor:GOA_RUNOFF_DISCHARGE:q,58.069320239858385,-154.46915010358515,1991-03-19T00:00:00Z,1.3915110125983636
urn:ioos:station:GOA_RUNOFF_DISCHARGE,urn:ioos:sensor:GOA_RUNOFF_DISCHARGE:q,58.069320239858385,-154.46915010358515,1991-03-20T00:00:00Z,0.9034155501094963
urn:ioos:station:GOA_RUNOFF_DISCHARGE,urn:ioos:sensor:GOA_RUNOFF_DISCHARGE:q,58.069320239858385,-154.46915010358515,1991-03-21T00:00:00Z,0.9649452681222577
urn:ioos:station:GOA_RUNOFF_DISCHARGE,urn:ioos:sensor:GOA_RUNOFF_DISCHARGE:q,58.069320239858385,-154.46915010358515,1991-03-22T00:00:00Z,0.6979031148360174
urn:ioos:station:GOA_RUNOFF_DISCHARGE,urn:ioos:sensor:GOA_RUNOFF_DISCHARGE:q,58.069320239858385,-154.46915010358515,1991-03-23T00:00:00Z,0.49546254451001687
urn:ioos:station:GOA_RUNOFF_DISCHARGE,urn:ioos:sensor:GOA_RUNOFF_DISCHARGE:q,58.069320239858385,-154.46915010358515,1991-03-24T00:00:00Z,0.350834932946407
urn:ioos:station:GOA_RUNOFF_DISCHARGE,urn:ioos:sensor:GOA_RUNOFF_DISCHARGE:q,58.069320239858385,-154.46915010358515,1991-03-25T00:00:00Z,0.2548423107149574
urn:ioos:station:GOA_RUNOFF_DISCHARGE,urn:ioos:sensor:GOA_RUNOFF_DISCHARGE:q,58.069320239858385,-154.46915010358515,1991-03-26T00:00:00Z,0.5298166507710362
urn:ioos:station:GOA_RUNOFF_DISCHARGE,urn:ioos:sensor:GOA_RUNOFF_DISCHARGE:q,58.069320239858385,-154.46915010358515,1991-03-27T00:00:00Z,1.0164037420583913
urn:ioos:station:GOA_RUNOFF_DISCHARGE,urn:ioos:sensor:GOA_RUNOFF_DISCHARGE:q,58.069320239858385,-154.46915010358515,1991-03-28T00:00:00Z,2.542846389585394
urn:ioos:station:GOA_RUNOFF_DISCHARGE,urn:ioos:sensor:GOA_RUNOFF_DISCHARGE:q,58.069320239858385,-154.46915010358515,1991-03-29T00:00:00Z,3.3895568256743718
urn:ioos:station:GOA_RUNOFF_DISCHARGE,urn:ioos:sensor:GOA_RUNOFF_DISCHARGE:q,58.069320239858385,-154.46915010358515,1991-03-30T00:00:00Z,2.249421849802265
urn:ioos:station:GOA_RUNOFF_DISCHARGE,urn:ioos:sensor:GOA_RUNOFF_DISCHARGE:q,58.069320239858385,-154.46915010358515,1991-03-31T00:00:00Z,1.799455993197338
urn:ioos:station:GOA_RUNOFF_DISCHARGE,urn:ioos:sensor:GOA_RUNOFF_DISCHARGE:q,58.069320239858385,-154.46915010358515,1991-04-01T00:00:00Z,1.1883906194836653
urn:ioos:station:GOA_RUNOFF_DISCHARGE,urn:ioos:sensor:GOA_RUNOFF_DISCHARGE:q,58.069320239858385,-154.46915010358515,1991-04-02T00:00:00Z,1.196013449061898
urn:ioos:station:GOA_RUNOFF_DISCHARGE,urn:ioos:sensor:GOA_RUNOFF_DISCHARGE:q,58.069320239858385,-154.46915010358515,1991-04-03T00:00:00Z,2.354522781828412
urn:ioos:station:GOA_RUNOFF_DISCHARGE,urn:ioos:sensor:GOA_RUNOFF_DISCHARGE:q,58.069320239858385,-154.46915010358515,1991-04-04T00:00:00Z,2.1897076894857634
urn:ioos:station:GOA_RUNOFF_DISCHARGE,urn:ioos:sensor:GOA_RUNOFF_DISCHARGE:q,58.069320239858385,-154.46915010358515,1991-04-05T00:00:00Z,1.5775140796354927
urn:ioos:station:GOA_RUNOFF_DISCHARGE,urn:ioos:sensor:GOA_RUNOFF_DISCHARGE:q,58.069320239858385,-154.46915010358515,1991-04-06T00:00:00Z,1.1193183876764157
urn:ioos:station:GOA_RUNOFF_DISCHARGE,urn:ioos:sensor:GOA_RUNOFF_DISCHARGE:q,58.069320239858385,-154.46915010358515,1991-04-07T00:00:00Z,1.6437359891321612
urn:ioos:station:GOA_RUNOFF_DISCHARGE,urn:ioos:sensor:GOA_RUNOFF_DISCHARGE:q,58.069320239858385,-154.46915010358515,1991-04-08T00:00:00Z,1.3302799956289963
urn:ioos:station:GOA_RUNOFF_DISCHARGE,urn:ioos:sensor:GOA_RUNOFF_DISCHARGE:q,58.069320239858385,-154.46915010358515,1991-04-09T00:00:00Z,1.3182927497924084
urn:ioos:station:GOA_RUNOFF_DISCHARGE,urn:ioos:sensor:GOA_RUNOFF_DISCHARGE:q,58.069320239858385,-154.46915010358515,1991-04-10T00:00:00Z,0.9514087367373194
urn:ioos:station:GOA_RUNOFF_DISCHARGE,urn:ioos:sensor:GOA_RUNOFF_DISCHARGE:q,58.069320239858385,-154.46915010358515,1991-04-11T00:00:00Z,0.6752329488597054
urn:ioos:station:GOA_RUNOFF_DISCHARGE,urn:ioos:sensor:GOA_RUNOFF_DISCHARGE:q,58.069320239858385,-154.46915010358515,1991-04-12T00:00:00Z,0.47810963204466594
urn:ioos:station:GOA_RUNOFF_DISCHARGE,urn:ioos:sensor:GOA_RUNOFF_DISCHARGE:q,58.069320239858385,-154.46915010358515,1991-04-13T00:00:00Z,1.2436862934564403
urn:ioos:station:GOA_RUNOFF_DISCHARGE,urn:ioos:sensor:GOA_RUNOFF_DISCHARGE:q,58.069320239858385,-154.46915010358515,1991-04-14T00:00:00Z,2.3414817613353227
urn:ioos:station:GOA_RUNOFF_DISCHARGE,urn:ioos:sensor:GOA_RUNOFF_DISCHARGE:q,58.069320239858385,-154.46915010358515,1991-04-15T00:00:00Z,3.193455282181852
urn:ioos:station:GOA_RUNOFF_DISCHARGE,urn:ioos:sensor:GOA_RUNOFF_DISCHARGE:q,58.069320239858385,-154.46915010358515,1991-04-16T00:00:00Z,2.493894675848049
urn:ioos:station:GOA_RUNOFF_DISCHARGE,urn:ioos:sensor:GOA_RUNOFF_DISCHARGE:q,58.069320239858385,-154.46915010358515,1991-04-17T00:00:00Z,1.7802332227249316
urn:ioos:station:GOA_RUNOFF_DISCHARGE,urn:ioos:sensor:GOA_RUNOFF_DISCHARGE:q,58.069320239858385,-154.46915010358515,1991-04-18T00:00:00Z,1.2615456031872765
urn:ioos:station:GOA_RUNOFF_DISCHARGE,urn:ioos:sensor:GOA_RUNOFF_DISCHARGE:q,58.069320239858385,-154.46915010358515,1991-04-19T00:00:00Z,2.226455087700724
urn:ioos:station:GOA_RUNOFF_DISCHARGE,urn:ioos:sensor:GOA_RUNOFF_DISCHARGE:q,58.069320239858385,-154.46915010358515,1991-04-20T00:00:00Z,1.9609776779556105
urn:ioos:station:GOA_RUNOFF_DISCHARGE,urn:ioos:sensor:GOA_RUNOFF_DISCHARGE:q,58.069320239858385,-154.46915010358515,1991-04-21T00:00:00Z,4.718019882254562
urn:ioos:station:GOA_RUNOFF_DISCHARGE,urn:ioos:sensor:GOA_RUNOFF_DISCHARGE:q,58.069320239858385,-154.46915010358515,1991-04-22T00:00:00Z,3.913948773439978
urn:ioos:station:GOA_RUNOFF_DISCHARGE,urn:ioos:sensor:GOA_RUNOFF_DISCHARGE:q,58.069320239858385,-154.46915010358515,1991-04-23T00:00:00Z,2.805793293023666
urn:ioos:station:GOA_RUNOFF_DISCHARGE,urn:ioos:sensor:GOA_RUNOFF_DISCHARGE:q,58.069320239858385,-154.46915010358515,1991-04-24T00:00:00Z,1.989474849421695
urn:ioos:station:GOA_RUNOFF_DISCHARGE,urn:ioos:sensor:GOA_RUNOFF_DISCHARGE:q,58.069320239858385,-154.46915010358515,1991-04-25T00:00:00Z,2.181495877493404
urn:ioos:station:GOA_RUNOFF_DISCHARGE,urn:ioos:sensor:GOA_RUNOFF_DISCHARGE:q,58.069320239858385,-154.46915010358515,1991-04-26T00:00:00Z,1.5806554068824257
urn:ioos:station:GOA_RUNOFF_DISCHARGE,urn:ioos:sensor:GOA_RUNOFF_DISCHARGE:q,58.069320239858385,-154.46915010358515,1991-04-27T00:00:00Z,1.1224360345939892
urn:ioos:station:GOA_RUNOFF_DISCHARGE,urn:ioos:sensor:GOA_RUNOFF_DISCHARGE:q,58.069320239858385,-154.46915010358515,1991-04-28T00:00:00Z,0.867432237188538
urn:ioos:station:GOA_RUNOFF_DISCHARGE,urn:ioos:sensor:GOA_RUNOFF_DISCHARGE:q,58.069320239858385,-154.46915010358515,1991-04-29T00:00:00Z,1.861488589315527
urn:ioos:station:GOA_RUNOFF_DISCHARGE,urn:ioos:sensor:GOA_RUNOFF_DISCHARGE:q,58.069320239858385,-154.46915010358515,1991-04-30T00:00:00Z,1.3767504055216133
urn:ioos:station:GOA_RUNOFF_DISCHARGE,urn:ioos:sensor:GOA_RUNOFF_DISCHARGE:q,58.069320239858385,-154.46915010358515,1991-05-01T00:00:00Z,1.0370037210191352
urn:ioos:station:GOA_RUNOFF_DISCHARGE,urn:ioos:sensor:GOA_RUNOFF_DISCHARGE:q,58.069320239858385,-154.46915010358515,1991-05-02T00:00:00Z,2.4941825234071535
urn:ioos:station:GOA_RUNOFF_DISCHARGE,urn:ioos:sensor:GOA_RUNOFF_DISCHARGE:q,58.069320239858385,-154.46915010358515,1991-05-03T00:00:00Z,2.3183947557835896
urn:ioos:station:GOA_RUNOFF_DISCHARGE,urn:ioos:sensor:GOA_RUNOFF_DISCHARGE:q,58.069320239858385,-154.46915010358515,1991-05-04T00:00:00Z,2.236878905570039
urn:ioos:station:GOA_RUNOFF_DISCHARGE,urn:ioos:sensor:GOA_RUNOFF_DISCHARGE:q,58.069320239858385,-154.46915010358515,1991-05-05T00:00:00Z,5.9400069690171255
urn:ioos:station:GOA_RUNOFF_DISCHARGE,urn:ioos:sensor:GOA_RUNOFF_DISCHARGE:q,58.069320239858385,-154.46915010358515,1991-05-06T00:00:00Z,7.867854682182221
urn:ioos:station:GOA_RUNOFF_DISCHARGE,urn:ioos:sensor:GOA_RUNOFF_DISCHARGE:q,58.069320239858385,-154.46915010358515,1991-05-07T00:00:00Z,6.121028352543926
urn:ioos:station:GOA_RUNOFF_DISCHARGE,urn:ioos:sensor:GOA_RUNOFF_DISCHARGE:q,58.069320239858385,-154.46915010358515,1991-05-08T00:00:00Z,4.368239842202431
urn:ioos:station:GOA_RUNOFF_DISCHARGE,urn:ioos:sensor:GOA_RUNOFF_DISCHARGE:q,58.069320239858385,-154.46915010358515,1991-05-09T00:00:00Z,7.8566386257384435
urn:ioos:station:GOA_RUNOFF_DISCHARGE,urn:ioos:sensor:GOA_RUNOFF_DISCHARGE:q,58.069320239858385,-154.46915010358515,1991-05-10T00:00:00Z,8.44993401718592
urn:ioos:station:GOA_RUNOFF_DISCHARGE,urn:ioos:sensor:GOA_RUNOFF_DISCHARGE:q,58.069320239858385,-154.46915010358515,1991-05-11T00:00:00Z,6.129348567821799
urn:ioos:station:GOA_RUNOFF_DISCHARGE,urn:ioos:sensor:GOA_RUNOFF_DISCHARGE:q,58.069320239858385,-154.46915010358515,1991-05-12T00:00:00Z,4.353156524859465
urn:ioos:station:GOA_RUNOFF_DISCHARGE,urn:ioos:sensor:GOA_RUNOFF_DISCHARGE:q,58.069320239858385,-154.46915010358515,1991-05-13T00:00:00Z,3.082626341598394
urn:ioos:station:GOA_RUNOFF_DISCHARGE,urn:ioos:sensor:GOA_RUNOFF_DISCHARGE:q,58.069320239858385,-154.46915010358515,1991-05-14T00:00:00Z,2.1820167131819295
urn:ioos:station:GOA_RUNOFF_DISCHARGE,urn:ioos:sensor:GOA_RUNOFF_DISCHARGE:q,58.069320239858385,-154.46915010358515,1991-05-15T00:00:00Z,1.5444367377991104
urn:ioos:station:GOA_RUNOFF_DISCHARGE,urn:ioos:sensor:GOA_RUNOFF_DISCHARGE:q,58.069320239858385,-154.46915010358515,1991-05-16T00:00:00Z,1.0931468218895197
urn:ioos:station:GOA_RUNOFF_DISCHARGE,urn:ioos:sensor:GOA_RUNOFF_DISCHARGE:q,58.069320239858385,-154.46915010358515,1991-05-17T00:00:00Z,0.7737246351829022
urn:ioos:station:GOA_RUNOFF_DISCHARGE,urn:ioos:sensor:GOA_RUNOFF_DISCHARGE:q,58.069320239858385,-154.46915010358515,1991-05-18T00:00:00Z,3.20993021354685
urn:ioos:station:GOA_RUNOFF_DISCHARGE,urn:ioos:sensor:GOA_RUNOFF_DISCHARGE:q,58.069320239858385,-154.46915010358515,1991-05-19T00:00:00Z,2.3979151435764403
urn:ioos:station:GOA_RUNOFF_DISCHARGE,urn:ioos:sensor:GOA_RUNOFF_DISCHARGE:q,58.069320239858385,-154.46915010358515,1991-05-20T00:00:00Z,1.7098098965703328
urn:ioos:station:GOA_RUNOFF_DISCHARGE,urn:ioos:sensor:GOA_RUNOFF_DISCHARGE:q,58.069320239858385,-154.46915010358515,1991-05-21T00:00:00Z,1.2114517082304883
urn:ioos:station:GOA_RUNOFF_DISCHARGE,urn:ioos:sensor:GOA_RUNOFF_DISCHARGE:q,58.069320239858385,-154.46915010358515,1991-05-22T00:00:00Z,0.8575854957899777
urn:ioos:station:GOA_RUNOFF_DISCHARGE,urn:ioos:sensor:GOA_RUNOFF_DISCHARGE:q,58.069320239858385,-154.46915010358515,1991-05-23T00:00:00Z,0.6070076834992165
urn:ioos:station:GOA_RUNOFF_DISCHARGE,urn:ioos:sensor:GOA_RUNOFF_DISCHARGE:q,58.069320239858385,-154.46915010358515,1991-05-24T00:00:00Z,0.42963859610397437
urn:ioos:station:GOA_RUNOFF_DISCHARGE,urn:ioos:sensor:GOA_RUNOFF_DISCHARGE:q,58.069320239858385,-154.46915010358515,1991-05-25T00:00:00Z,0.3040964091024853
urn:ioos:station:GOA_RUNOFF_DISCHARGE,urn:ioos:sensor:GOA_RUNOFF_DISCHARGE:q,58.069320239858385,-154.46915010358515,1991-05-26T00:00:00Z,0.21523809454351517
urn:ioos:station:GOA_RUNOFF_DISCHARGE,urn:ioos:sensor:GOA_RUNOFF_DISCHARGE:q,58.069320239858385,-154.46915010358515,1991-05-27T00:00:00Z,1.385820761010643
urn:ioos:station:GOA_RUNOFF_DISCHARGE,urn:ioos:sensor:GOA_RUNOFF_DISCHARGE:q,58.069320239858385,-154.46915010358515,1991-05-28T00:00:00Z,1.624561368662786
urn:ioos:station:GOA_RUNOFF_DISCHARGE,urn:ioos:sensor:GOA_RUNOFF_DISCHARGE:q,58.069320239858385,-154.46915010358515,1991-05-29T00:00:00Z,1.1833734154792979
urn:ioos:station:GOA_RUNOFF_DISCHARGE,urn:ioos:sensor:GOA_RUNOFF_DISCHARGE:q,58.069320239858385,-154.46915010358515,1991-05-30T00:00:00Z,0.8460226540784674
urn:ioos:station:GOA_RUNOFF_DISCHARGE,urn:ioos:sensor:GOA_RUNOFF_DISCHARGE:q,58.069320239858385,-154.46915010358515,1991-05-31T00:00:00Z,0.5993860379374517
urn:ioos:station:GOA_RUNOFF_DISCHARGE,urn:ioos:sensor:GOA_RUNOFF_DISCHARGE:q,58.069320239858385,-154.46915010358515,1991-06-01T00:00:00Z,0.4243001947433213
urn:ioos:station:GOA_RUNOFF_DISCHARGE,urn:ioos:sensor:GOA_RUNOFF_DISCHARGE:q,58.069320239858385,-154.46915010358515,1991-06-02T00:00:00Z,0.3003235406272709
urn:ioos:station:GOA_RUNOFF_DISCHARGE,urn:ioos:sensor:GOA_RUNOFF_DISCHARGE:q,58.069320239858385,-154.46915010358515,1991-06-03T00:00:00Z,2.0581074164471684
urn:ioos:station:GOA_RUNOFF_DISCHARGE,urn:ioos:sensor:GOA_RUNOFF_DISCHARGE:q,58.069320239858385,-154.46915010358515,1991-06-04T00:00:00Z,2.4470228843727875
urn:ioos:station:GOA_RUNOFF_DISCHARGE,urn:ioos:sensor:GOA_RUNOFF_DISCHARGE:q,58.069320239858385,-154.46915010358515,1991-06-05T00:00:00Z,1.7834266466964557
urn:ioos:station:GOA_RUNOFF_DISCHARGE,urn:ioos:sensor:GOA_RUNOFF_DISCHARGE:q,58.069320239858385,-154.46915010358515,1991-06-06T00:00:00Z,1.2674377953614804
urn:ioos:station:GOA_RUNOFF_DISCHARGE,urn:ioos:sensor:GOA_RUNOFF_DISCHARGE:q,58.069320239858385,-154.46915010358515,1991-06-07T00:00:00Z,0.8975997927761697
urn:ioos:station:GOA_RUNOFF_DISCHARGE,urn:ioos:sensor:GOA_RUNOFF_DISCHARGE:q,58.069320239858385,-154.46915010358515,1991-06-08T00:00:00Z,0.6353682983993273
urn:ioos:station:GOA_RUNOFF_DISCHARGE,urn:ioos:sensor:GOA_RUNOFF_DISCHARGE:q,58.069320239858385,-154.46915010358515,1991-06-09T00:00:00Z,0.44971599624083713
urn:ioos:station:GOA_RUNOFF_DISCHARGE,urn:ioos:sensor:GOA_RUNOFF_DISCHARGE:q,58.069320239858385,-154.46915010358515,1991-06-10T00:00:00Z,0.31830746809136184
urn:ioos:station:GOA_RUNOFF_DISCHARGE,urn:ioos:sensor:GOA_RUNOFF_DISCHARGE:q,58.069320239858385,-154.46915010358515,1991-06-11T00:00:00Z,0.22529667622180471
urn:ioos:station:GOA_RUNOFF_DISCHARGE,urn:ioos:sensor:GOA_RUNOFF_DISCHARGE:q,58.069320239858385,-154.46915010358515,1991-06-12T00:00:00Z,0.1594639792496377
urn:ioos:station:GOA_RUNOFF_DISCHARGE,urn:ioos:sensor:GOA_RUNOFF_DISCHARGE:q,58.069320239858385,-154.46915010358515,1991-06-13T00:00:00Z,0.11286790738701975
urn:ioos:station:GOA_RUNOFF_DISCHARGE,urn:ioos:sensor:GOA_RUNOFF_DISCHARGE:q,58.069320239858385,-154.46915010358515,1991-06-14T00:00:00Z,0.07988740000857765
urn:ioos:station:GOA_RUNOFF_DISCHARGE,urn:ioos:sensor:GOA_RUNOFF_DISCHARGE:q,58.069320239858385,-154.46915010358515,1991-06-15T00:00:00Z,0.05654395211231974
urn:ioos:station:GOA_RUNOFF_DISCHARGE,urn:ioos:sensor:GOA_RUNOFF_DISCHARGE:q,58.069320239858385,-154.46915010358515,1991-06-16T00:00:00Z,0.04002155319822672
urn:ioos:station:GOA_RUNOFF_DISCHARGE,urn:ioos:sensor:GOA_RUNOFF_DISCHARGE:q,58.069320239858385,-154.46915010358515,1991-06-17T00:00:00Z,0.02832707804477209
urn:ioos:station:GOA_RUNOFF_DISCHARGE,urn:ioos:sensor:GOA_RUNOFF_DISCHARGE:q,58.069320239858385,-154.46915010358515,1991-06-18T00:00:00Z,1.1240010412498864
urn:ioos:station:GOA_RUNOFF_DISCHARGE,urn:ioos:sensor:GOA_RUNOFF_DISCHARGE:q,58.069320239858385,-154.46915010358515,1991-06-19T00:00:00Z,1.9527695495700403
urn:ioos:station:GOA_RUNOFF_DISCHARGE,urn:ioos:sensor:GOA_RUNOFF_DISCHARGE:q,58.069320239858385,-154.46915010358515,1991-06-20T00:00:00Z,4.7361553309372075
urn:ioos:station:GOA_RUNOFF_DISCHARGE,urn:ioos:sensor:GOA_RUNOFF_DISCHARGE:q,58.069320239858385,-154.46915010358515,1991-06-21T00:00:00Z,3.51391223350279
urn:ioos:station:GOA_RUNOFF_DISCHARGE,urn:ioos:sensor:GOA_RUNOFF_DISCHARGE:q,58.069320239858385,-154.46915010358515,1991-06-22T00:00:00Z,2.5032768223403132
urn:ioos:station:GOA_RUNOFF_DISCHARGE,urn:ioos:sensor:GOA_RUNOFF_DISCHARGE:q,58.069320239858385,-154.46915010358515,1991-06-23T00:00:00Z,1.773420523525567
urn:ioos:station:GOA_RUNOFF_DISCHARGE,urn:ioos:sensor:GOA_RUNOFF_DISCHARGE:q,58.069320239858385,-154.46915010358515,1991-06-24T00:00:00Z,4.985595500738319
urn:ioos:station:GOA_RUNOFF_DISCHARGE,urn:ioos:sensor:GOA_RUNOFF_DISCHARGE:q,58.069320239858385,-154.46915010358515,1991-06-25T00:00:00Z,3.705257451286054
urn:ioos:station:GOA_RUNOFF_DISCHARGE,urn:ioos:sensor:GOA_RUNOFF_DISCHARGE:q,58.069320239858385,-154.46915010358515,1991-06-26T00:00:00Z,4.079097495311825
urn:ioos:station:GOA_RUNOFF_DISCHARGE,urn:ioos:sensor:GOA_RUNOFF_DISCHARGE:q,58.069320239858385,-154.46915010358515,1991-06-27T00:00:00Z,3.242986111529423
urn:ioos:station:GOA_RUNOFF_DISCHARGE,urn:ioos:sensor:GOA_RUNOFF_DISCHARGE:q,58.069320239858385,-154.46915010358515,1991-06-28T00:00:00Z,2.3158730638215657
urn:ioos:station:GOA_RUNOFF_DISCHARGE,urn:ioos:sensor:GOA_RUNOFF_DISCHARGE:q,58.069320239858385,-154.46915010358515,1991-06-29T00:00:00Z,1.6412119291372012
urn:ioos:station:GOA_RUNOFF_DISCHARGE,urn:ioos:sensor:GOA_RUNOFF_DISCHARGE:q,58.069320239858385,-154.46915010358515,1991-06-30T00:00:00Z,1.1618469436323606
urn:ioos:station:GOA_RUNOFF_DISCHARGE,urn:ioos:sensor:GOA_RUNOFF_DISCHARGE:q,58.069320239858385,-154.46915010358515,1991-07-01T00:00:00Z,0.822370543778045
urn:ioos:station:GOA_RUNOFF_DISCHARGE,urn:ioos:sensor:GOA_RUNOFF_DISCHARGE:q,58.069320239858385,-154.46915010358515,1991-07-02T00:00:00Z,0.5820722309048905
urn:ioos:station:GOA_RUNOFF_DISCHARGE,urn:ioos:sensor:GOA_RUNOFF_DISCHARGE:q,58.069320239858385,-154.46915010358515,1991-07-03T00:00:00Z,0.41198836394777544
urn:ioos:station:GOA_RUNOFF_DISCHARGE,urn:ioos:sensor:GOA_RUNOFF_DISCHARGE:q,58.069320239858385,-154.46915010358515,1991-07-04T00:00:00Z,0.2916035882340704
urn:ioos:station:GOA_RUNOFF_DISCHARGE,urn:ioos:sensor:GOA_RUNOFF_DISCHARGE:q,58.069320239858385,-154.46915010358515,1991-07-05T00:00:00Z,0.20639569511391787
urn:ioos:station:GOA_RUNOFF_DISCHARGE,urn:ioos:sensor:GOA_RUNOFF_DISCHARGE:q,58.069320239858385,-154.46915010358515,1991-07-06T00:00:00Z,0.1460859580693501
urn:ioos:station:GOA_RUNOFF_DISCHARGE,urn:ioos:sensor:GOA_RUNOFF_DISCHARGE:q,58.069320239858385,-154.46915010358515,1991-07-07T00:00:00Z,0.10339899057679341
urn:ioos:station:GOA_RUNOFF_DISCHARGE,urn:ioos:sensor:GOA_RUNOFF_DISCHARGE:q,58.069320239858385,-154.46915010358515,1991-07-08T00:00:00Z,0.07318534879261292
urn:ioos:station:GOA_RUNOFF_DISCHARGE,urn:ioos:sensor:GOA_RUNOFF_DISCHARGE:q,58.069320239858385,-154.46915010358515,1991-07-09T00:00:00Z,0.05180026413439195
urn:ioos:station:GOA_RUNOFF_DISCHARGE,urn:ioos:sensor:GOA_RUNOFF_DISCHARGE:q,58.069320239858385,-154.46915010358515,1991-07-10T00:00:00Z,0.03666399905499731
urn:ioos:station:GOA_RUNOFF_DISCHARGE,urn:ioos:sensor:GOA_RUNOFF_DISCHARGE:q,58.069320239858385,-154.46915010358515,1991-07-11T00:00:00Z,0.02595061515823259
urn:ioos:station:GOA_RUNOFF_DISCHARGE,urn:ioos:sensor:GOA_RUNOFF_DISCHARGE:q,58.069320239858385,-154.46915010358515,1991-07-12T00:00:00Z,0.018367731746705036
urn:ioos:station:GOA_RUNOFF_DISCHARGE,urn:ioos:sensor:GOA_RUNOFF_DISCHARGE:q,58.069320239858385,-154.46915010358515,1991-07-13T00:00:00Z,0.013000598458654103
urn:ioos:station:GOA_RUNOFF_DISCHARGE,urn:ioos:sensor:GOA_RUNOFF_DISCHARGE:q,58.069320239858385,-154.46915010358515,1991-07-14T00:00:00Z,0.00920176487230204
urn:ioos:station:GOA_RUNOFF_DISCHARGE,urn:ioos:sensor:GOA_RUNOFF_DISCHARGE:q,58.069320239858385,-154.46915010358515,1991-07-15T00:00:00Z,0.006512968308313632
urn:ioos:station:GOA_RUNOFF_DISCHARGE,urn:ioos:sensor:GOA_RUNOFF_DISCHARGE:q,58.069320239858385,-154.46915010358515,1991-07-16T00:00:00Z,0.004609850435883094
urn:ioos:station:GOA_RUNOFF_DISCHARGE,urn:ioos:sensor:GOA_RUNOFF_DISCHARGE:q,58.069320239858385,-154.46915010358515,1991-07-17T00:00:00Z,0.0032628315410510172
urn:ioos:station:GOA_RUNOFF_DISCHARGE,urn:ioos:sensor:GOA_RUNOFF_DISCHARGE:q,58.069320239858385,-154.46915010358515,1991-07-18T00:00:00Z,0.0023094176970921854
urn:ioos:station:GOA_RUNOFF_DISCHARGE,urn:ioos:sensor:GOA_RUNOFF_DISCHARGE:q,58.069320239858385,-154.46915010358515,1991-07-19T00:00:00Z,0.0016345955022510376
urn:ioos:station:GOA_RUNOFF_DISCHARGE,urn:ioos:sensor:GOA_RUNOFF_DISCHARGE:q,58.069320239858385,-154.46915010358515,1991-07-20T00:00:00Z,0.0011569594562377216
urn:ioos:station:GOA_RUNOFF_DISCHARGE,urn:ioos:sensor:GOA_RUNOFF_DISCHARGE:q,58.069320239858385,-154.46915010358515,1991-07-21T00:00:00Z,8.188907646015065E-4
urn:ioos:station:GOA_RUNOFF_DISCHARGE,urn:ioos:sensor:GOA_RUNOFF_DISCHARGE:q,58.069320239858385,-154.46915010358515,1991-07-22T00:00:00Z,5.796072160228303E-4
urn:ioos:station:GOA_RUNOFF_DISCHARGE,urn:ioos:sensor:GOA_RUNOFF_DISCHARGE:q,58.069320239858385,-154.46915010358515,1991-07-23T00:00:00Z,4.102433986083542E-4
urn:ioos:station:GOA_RUNOFF_DISCHARGE,urn:ioos:sensor:GOA_RUNOFF_DISCHARGE:q,58.069320239858385,-154.46915010358515,1991-07-24T00:00:00Z,2.903684761109795E-4
urn:ioos:station:GOA_RUNOFF_DISCHARGE,urn:ioos:sensor:GOA_RUNOFF_DISCHARGE:q,58.069320239858385,-154.46915010358515,1991-07-25T00:00:00Z,2.0552151042053452E-4
urn:ioos:station:GOA_RUNOFF_DISCHARGE,urn:ioos:sensor:GOA_RUNOFF_DISCHARGE:q,58.069320239858385,-154.46915010358515,1991-07-26T00:00:00Z,1.4546721811981071E-4
urn:ioos:station:GOA_RUNOFF_DISCHARGE,urn:ioos:sensor:GOA_RUNOFF_DISCHARGE:q,58.069320239858385,-154.46915010358515,1991-07-27T00:00:00Z,1.0296104619047331E-4
urn:ioos:station:GOA_RUNOFF_DISCHARGE,urn:ioos:sensor:GOA_RUNOFF_DISCHARGE:q,58.069320239858385,-154.46915010358515,1991-07-28T00:00:00Z,7.287537209933519E-5
urn:ioos:station:GOA_RUNOFF_DISCHARGE,urn:ioos:sensor:GOA_RUNOFF_DISCHARGE:q,58.069320239858385,-154.46915010358515,1991-07-29T00:00:00Z,5.158086129635335E-5
urn:ioos:station:GOA_RUNOFF_DISCHARGE,urn:ioos:sensor:GOA_RUNOFF_DISCHARGE:q,58.069320239858385,-154.46915010358515,1991-07-30T00:00:00Z,3.650870808782998E-5
urn:ioos:station:GOA_RUNOFF_DISCHARGE,urn:ioos:sensor:GOA_RUNOFF_DISCHARGE:q,58.069320239858385,-154.46915010358515,1991-07-31T00:00:00Z,1.145874693036712
urn:ioos:station:GOA_RUNOFF_DISCHARGE,urn:ioos:sensor:GOA_RUNOFF_DISCHARGE:q,58.069320239858385,-154.46915010358515,1991-08-01T00:00:00Z,0.8652497659445898
urn:ioos:station:GOA_RUNOFF_DISCHARGE,urn:ioos:sensor:GOA_RUNOFF_DISCHARGE:q,58.069320239858385,-154.46915010358515,1991-08-02T00:00:00Z,0.6178328171724834
urn:ioos:station:GOA_RUNOFF_DISCHARGE,urn:ioos:sensor:GOA_RUNOFF_DISCHARGE:q,58.069320239858385,-154.46915010358515,1991-08-03T00:00:00Z,0.43783985061616115
urn:ioos:station:GOA_RUNOFF_DISCHARGE,urn:ioos:sensor:GOA_RUNOFF_DISCHARGE:q,58.069320239858385,-154.46915010358515,1991-08-04T00:00:00Z,0.3099550541434297
urn:ioos:station:GOA_RUNOFF_DISCHARGE,urn:ioos:sensor:GOA_RUNOFF_DISCHARGE:q,58.069320239858385,-154.46915010358515,1991-08-05T00:00:00Z,0.21939017718194614
urn:ioos:station:GOA_RUNOFF_DISCHARGE,urn:ioos:sensor:GOA_RUNOFF_DISCHARGE:q,58.069320239858385,-154.46915010358515,1991-08-06T00:00:00Z,0.15528394066682388
urn:ioos:station:GOA_RUNOFF_DISCHARGE,urn:ioos:sensor:GOA_RUNOFF_DISCHARGE:q,58.069320239858385,-154.46915010358515,1991-08-07T00:00:00Z,0.10990933801532116
urn:ioos:station:GOA_RUNOFF_DISCHARGE,urn:ioos:sensor:GOA_RUNOFF_DISCHARGE:q,58.069320239858385,-154.46915010358515,1991-08-08T00:00:00Z,0.0777933435499084
urn:ioos:station:GOA_RUNOFF_DISCHARGE,urn:ioos:sensor:GOA_RUNOFF_DISCHARGE:q,58.069320239858385,-154.46915010358515,1991-08-09T00:00:00Z,0.05506178549749804
urn:ioos:station:GOA_RUNOFF_DISCHARGE,urn:ioos:sensor:GOA_RUNOFF_DISCHARGE:q,58.069320239858385,-154.46915010358515,1991-08-10T00:00:00Z,1.1597176873507788
urn:ioos:station:GOA_RUNOFF_DISCHARGE,urn:ioos:sensor:GOA_RUNOFF_DISCHARGE:q,58.069320239858385,-154.46915010358515,1991-08-11T00:00:00Z,2.288144450600585
urn:ioos:station:GOA_RUNOFF_DISCHARGE,urn:ioos:sensor:GOA_RUNOFF_DISCHARGE:q,58.069320239858385,-154.46915010358515,1991-08-12T00:00:00Z,1.691735753629251
urn:ioos:station:GOA_RUNOFF_DISCHARGE,urn:ioos:sensor:GOA_RUNOFF_DISCHARGE:q,58.069320239858385,-154.46915010358515,1991-08-13T00:00:00Z,3.9601093656901405
urn:ioos:station:GOA_RUNOFF_DISCHARGE,urn:ioos:sensor:GOA_RUNOFF_DISCHARGE:q,58.069320239858385,-154.46915010358515,1991-08-14T00:00:00Z,2.9340178035546685
urn:ioos:station:GOA_RUNOFF_DISCHARGE,urn:ioos:sensor:GOA_RUNOFF_DISCHARGE:q,58.069320239858385,-154.46915010358515,1991-08-15T00:00:00Z,3.5473946405286063
urn:ioos:station:GOA_RUNOFF_DISCHARGE,urn:ioos:sensor:GOA_RUNOFF_DISCHARGE:q,58.069320239858385,-154.46915010358515,1991-08-16T00:00:00Z,2.5810903846158797
urn:ioos:station:GOA_RUNOFF_DISCHARGE,urn:ioos:sensor:GOA_RUNOFF_DISCHARGE:q,58.069320239858385,-154.46915010358515,1991-08-17T00:00:00Z,1.8339003478246945
urn:ioos:station:GOA_RUNOFF_DISCHARGE,urn:ioos:sensor:GOA_RUNOFF_DISCHARGE:q,58.069320239858385,-154.46915010358515,1991-08-18T00:00:00Z,1.2987271407738294
urn:ioos:station:GOA_RUNOFF_DISCHARGE,urn:ioos:sensor:GOA_RUNOFF_DISCHARGE:q,58.069320239858385,-154.46915010358515,1991-08-19T00:00:00Z,3.8175440476989793
urn:ioos:station:GOA_RUNOFF_DISCHARGE,urn:ioos:sensor:GOA_RUNOFF_DISCHARGE:q,58.069320239858385,-154.46915010358515,1991-08-20T00:00:00Z,2.839149931189106
urn:ioos:station:GOA_RUNOFF_DISCHARGE,urn:ioos:sensor:GOA_RUNOFF_DISCHARGE:q,58.069320239858385,-154.46915010358515,1991-08-21T00:00:00Z,2.023229317120376
urn:ioos:station:GOA_RUNOFF_DISCHARGE,urn:ioos:sensor:GOA_RUNOFF_DISCHARGE:q,58.069320239858385,-154.46915010358515,1991-08-22T00:00:00Z,1.4333999365468295
urn:ioos:station:GOA_RUNOFF_DISCHARGE,urn:ioos:sensor:GOA_RUNOFF_DISCHARGE:q,58.069320239858385,-154.46915010358515,1991-08-23T00:00:00Z,1.014690667565304
urn:ioos:station:GOA_RUNOFF_DISCHARGE,urn:ioos:sensor:GOA_RUNOFF_DISCHARGE:q,58.069320239858385,-154.46915010358515,1991-08-24T00:00:00Z,2.29947469885483
urn:ioos:station:GOA_RUNOFF_DISCHARGE,urn:ioos:sensor:GOA_RUNOFF_DISCHARGE:q,58.069320239858385,-154.46915010358515,1991-08-25T00:00:00Z,1.7023619067572047
urn:ioos:station:GOA_RUNOFF_DISCHARGE,urn:ioos:sensor:GOA_RUNOFF_DISCHARGE:q,58.069320239858385,-154.46915010358515,1991-08-26T00:00:00Z,1.2123939222242288
urn:ioos:station:GOA_RUNOFF_DISCHARGE,urn:ioos:sensor:GOA_RUNOFF_DISCHARGE:q,58.069320239858385,-154.46915010358515,1991-08-27T00:00:00Z,0.8588729821415193
urn:ioos:station:GOA_RUNOFF_DISCHARGE,urn:ioos:sensor:GOA_RUNOFF_DISCHARGE:q,58.069320239858385,-154.46915010358515,1991-08-28T00:00:00Z,0.6079809450358952
urn:ioos:station:GOA_RUNOFF_DISCHARGE,urn:ioos:sensor:GOA_RUNOFF_DISCHARGE:q,58.069320239858385,-154.46915010358515,1991-08-29T00:00:00Z,0.4303336466600242
urn:ioos:station:GOA_RUNOFF_DISCHARGE,urn:ioos:sensor:GOA_RUNOFF_DISCHARGE:q,58.069320239858385,-154.46915010358515,1991-08-30T00:00:00Z,0.30458899284251084
urn:ioos:station:GOA_RUNOFF_DISCHARGE,urn:ioos:sensor:GOA_RUNOFF_DISCHARGE:q,58.069320239858385,-154.46915010358515,1991-08-31T00:00:00Z,0.21558683672735443
urn:ioos:station:GOA_RUNOFF_DISCHARGE,urn:ioos:sensor:GOA_RUNOFF_DISCHARGE:q,58.069320239858385,-154.46915010358515,1991-09-01T00:00:00Z,3.0632753026752897
urn:ioos:station:GOA_RUNOFF_DISCHARGE,urn:ioos:sensor:GOA_RUNOFF_DISCHARGE:q,58.069320239858385,-154.46915010358515,1991-09-02T00:00:00Z,2.260506611975482
urn:ioos:station:GOA_RUNOFF_DISCHARGE,urn:ioos:sensor:GOA_RUNOFF_DISCHARGE:q,58.069320239858385,-154.46915010358515,1991-09-03T00:00:00Z,1.6091967816299813
urn:ioos:station:GOA_RUNOFF_DISCHARGE,urn:ioos:sensor:GOA_RUNOFF_DISCHARGE:q,58.069320239858385,-154.46915010358515,1991-09-04T00:00:00Z,2.041726153940526
urn:ioos:station:GOA_RUNOFF_DISCHARGE,urn:ioos:sensor:GOA_RUNOFF_DISCHARGE:q,58.069320239858385,-154.46915010358515,1991-09-05T00:00:00Z,1.8557499246100044
urn:ioos:station:GOA_RUNOFF_DISCHARGE,urn:ioos:sensor:GOA_RUNOFF_DISCHARGE:q,58.069320239858385,-154.46915010358515,1991-09-06T00:00:00Z,1.3351631426577115
urn:ioos:station:GOA_RUNOFF_DISCHARGE,urn:ioos:sensor:GOA_RUNOFF_DISCHARGE:q,58.069320239858385,-154.46915010358515,1991-09-07T00:00:00Z,0.9471866655698924
urn:ioos:station:GOA_RUNOFF_DISCHARGE,urn:ioos:sensor:GOA_RUNOFF_DISCHARGE:q,58.069320239858385,-154.46915010358515,1991-09-08T00:00:00Z,0.6706306768486718
urn:ioos:station:GOA_RUNOFF_DISCHARGE,urn:ioos:sensor:GOA_RUNOFF_DISCHARGE:q,58.069320239858385,-154.46915010358515,1991-09-09T00:00:00Z,4.127353007365999
urn:ioos:station:GOA_RUNOFF_DISCHARGE,urn:ioos:sensor:GOA_RUNOFF_DISCHARGE:q,58.069320239858385,-154.46915010358515,1991-09-10T00:00:00Z,4.520502781295881
urn:ioos:station:GOA_RUNOFF_DISCHARGE,urn:ioos:sensor:GOA_RUNOFF_DISCHARGE:q,58.069320239858385,-154.46915010358515,1991-09-11T00:00:00Z,4.605505165335473
urn:ioos:station:GOA_RUNOFF_DISCHARGE,urn:ioos:sensor:GOA_RUNOFF_DISCHARGE:q,58.069320239858385,-154.46915010358515,1991-09-12T00:00:00Z,3.330716206396468
urn:ioos:station:GOA_RUNOFF_DISCHARGE,urn:ioos:sensor:GOA_RUNOFF_DISCHARGE:q,58.069320239858385,-154.46915010358515,1991-09-13T00:00:00Z,2.3645521906565046
urn:ioos:station:GOA_RUNOFF_DISCHARGE,urn:ioos:sensor:GOA_RUNOFF_DISCHARGE:q,58.069320239858385,-154.46915010358515,1991-09-14T00:00:00Z,3.9854670517126864
urn:ioos:station:GOA_RUNOFF_DISCHARGE,urn:ioos:sensor:GOA_RUNOFF_DISCHARGE:q,58.069320239858385,-154.46915010358515,1991-09-15T00:00:00Z,5.294526972645182
urn:ioos:station:GOA_RUNOFF_DISCHARGE,urn:ioos:sensor:GOA_RUNOFF_DISCHARGE:q,58.069320239858385,-154.46915010358515,1991-09-16T00:00:00Z,4.331985257952921
urn:ioos:station:GOA_RUNOFF_DISCHARGE,urn:ioos:sensor:GOA_RUNOFF_DISCHARGE:q,58.069320239858385,-154.46915010358515,1991-09-17T00:00:00Z,8.89758170110393
urn:ioos:station:GOA_RUNOFF_DISCHARGE,urn:ioos:sensor:GOA_RUNOFF_DISCHARGE:q,58.069320239858385,-154.46915010358515,1991-09-18T00:00:00Z,7.60058375060289
urn:ioos:station:GOA_RUNOFF_DISCHARGE,urn:ioos:sensor:GOA_RUNOFF_DISCHARGE:q,58.069320239858385,-154.46915010358515,1991-09-19T00:00:00Z,5.455885789360415
urn:ioos:station:GOA_RUNOFF_DISCHARGE,urn:ioos:sensor:GOA_RUNOFF_DISCHARGE:q,58.069320239858385,-154.46915010358515,1991-09-20T00:00:00Z,3.869263465708917
urn:ioos:station:GOA_RUNOFF_DISCHARGE,urn:ioos:sensor:GOA_RUNOFF_DISCHARGE:q,58.069320239858385,-154.46915010358515,1991-09-21T00:00:00Z,2.7394075945822607
urn:ioos:station:GOA_RUNOFF_DISCHARGE,urn:ioos:sensor:GOA_RUNOFF_DISCHARGE:q,58.069320239858385,-154.46915010358515,1991-09-22T00:00:00Z,1.9535836266704683
urn:ioos:station:GOA_RUNOFF_DISCHARGE,urn:ioos:sensor:GOA_RUNOFF_DISCHARGE:q,58.069320239858385,-154.46915010358515,1991-09-23T00:00:00Z,4.691938893727467
urn:ioos:station:GOA_RUNOFF_DISCHARGE,urn:ioos:sensor:GOA_RUNOFF_DISCHARGE:q,58.069320239858385,-154.46915010358515,1991-09-24T00:00:00Z,7.82739447143845
urn:ioos:station:GOA_RUNOFF_DISCHARGE,urn:ioos:sensor:GOA_RUNOFF_DISCHARGE:q,58.069320239858385,-154.46915010358515,1991-09-25T00:00:00Z,7.498277360555944
urn:ioos:station:GOA_RUNOFF_DISCHARGE,urn:ioos:sensor:GOA_RUNOFF_DISCHARGE:q,58.069320239858385,-154.46915010358515,1991-09-26T00:00:00Z,5.757792623120143
urn:ioos:station:GOA_RUNOFF_DISCHARGE,urn:ioos:sensor:GOA_RUNOFF_DISCHARGE:q,58.069320239858385,-154.46915010358515,1991-09-27T00:00:00Z,4.102132404138968
urn:ioos:station:GOA_RUNOFF_DISCHARGE,urn:ioos:sensor:GOA_RUNOFF_DISCHARGE:q,58.069320239858385,-154.46915010358515,1991-09-28T00:00:00Z,2.906146582127989
urn:ioos:station:GOA_RUNOFF_DISCHARGE,urn:ioos:sensor:GOA_RUNOFF_DISCHARGE:q,58.069320239858385,-154.46915010358515,1991-09-29T00:00:00Z,2.5479363448238495
urn:ioos:station:GOA_RUNOFF_DISCHARGE,urn:ioos:sensor:GOA_RUNOFF_DISCHARGE:q,58.069320239858385,-154.46915010358515,1991-09-30T00:00:00Z,11.430877024514295
urn:ioos:station:GOA_RUNOFF_DISCHARGE,urn:ioos:sensor:GOA_RUNOFF_DISCHARGE:q,58.069320239858385,-154.46915010358515,1991-10-01T00:00:00Z,10.509999533756355
urn:ioos:station:GOA_RUNOFF_DISCHARGE,urn:ioos:sensor:GOA_RUNOFF_DISCHARGE:q,58.069320239858385,-154.46915010358515,1991-10-02T00:00:00Z,8.483253293053926
urn:ioos:station:GOA_RUNOFF_DISCHARGE,urn:ioos:sensor:GOA_RUNOFF_DISCHARGE:q,58.069320239858385,-154.46915010358515,1991-10-03T00:00:00Z,6.068877952539644
urn:ioos:station:GOA_RUNOFF_DISCHARGE,urn:ioos:sensor:GOA_RUNOFF_DISCHARGE:q,58.069320239858385,-154.46915010358515,1991-10-04T00:00:00Z,8.32148033368967
urn:ioos:station:GOA_RUNOFF_DISCHARGE,urn:ioos:sensor:GOA_RUNOFF_DISCHARGE:q,58.069320239858385,-154.46915010358515,1991-10-05T00:00:00Z,6.08067338770842
urn:ioos:station:GOA_RUNOFF_DISCHARGE,urn:ioos:sensor:GOA_RUNOFF_DISCHARGE:q,58.069320239858385,-154.46915010358515,1991-10-06T00:00:00Z,4.3718760883329795
urn:ioos:station:GOA_RUNOFF_DISCHARGE,urn:ioos:sensor:GOA_RUNOFF_DISCHARGE:q,58.069320239858385,-154.46915010358515,1991-10-07T00:00:00Z,3.0986121426047317
urn:ioos:station:GOA_RUNOFF_DISCHARGE,urn:ioos:sensor:GOA_RUNOFF_DISCHARGE:q,58.069320239858385,-154.46915010358515,1991-10-08T00:00:00Z,2.193605208583579
urn:ioos:station:GOA_RUNOFF_DISCHARGE,urn:ioos:sensor:GOA_RUNOFF_DISCHARGE:q,58.069320239858385,-154.46915010358515,1991-10-09T00:00:00Z,1.552666046923719
urn:ioos:station:GOA_RUNOFF_DISCHARGE,urn:ioos:sensor:GOA_RUNOFF_DISCHARGE:q,58.069320239858385,-154.46915010358515,1991-10-10T00:00:00Z,1.0989742878301407
urn:ioos:station:GOA_RUNOFF_DISCHARGE,urn:ioos:sensor:GOA_RUNOFF_DISCHARGE:q,58.069320239858385,-154.46915010358515,1991-10-11T00:00:00Z,0.7778495512212623
urn:ioos:station:GOA_RUNOFF_DISCHARGE,urn:ioos:sensor:GOA_RUNOFF_DISCHARGE:q,58.069320239858385,-154.46915010358515,1991-10-12T00:00:00Z,0.5505584814825132
urn:ioos:station:GOA_RUNOFF_DISCHARGE,urn:ioos:sensor:GOA_RUNOFF_DISCHARGE:q,58.069320239858385,-154.46915010358515,1991-10-13T00:00:00Z,0.3896828421542546
urn:ioos:station:GOA_RUNOFF_DISCHARGE,urn:ioos:sensor:GOA_RUNOFF_DISCHARGE:q,58.069320239858385,-154.46915010358515,1991-10-14T00:00:00Z,1.1059100589634825
urn:ioos:station:GOA_RUNOFF_DISCHARGE,urn:ioos:sensor:GOA_RUNOFF_DISCHARGE:q,58.069320239858385,-154.46915010358515,1991-10-15T00:00:00Z,0.7556760143745748
urn:ioos:station:GOA_RUNOFF_DISCHARGE,urn:ioos:sensor:GOA_RUNOFF_DISCHARGE:q,58.069320239858385,-154.46915010358515,1991-10-16T00:00:00Z,0.5402608929244236
urn:ioos:station:GOA_RUNOFF_DISCHARGE,urn:ioos:sensor:GOA_RUNOFF_DISCHARGE:q,58.069320239858385,-154.46915010358515,1991-10-17T00:00:00Z,2.118102846453507
urn:ioos:station:GOA_RUNOFF_DISCHARGE,urn:ioos:sensor:GOA_RUNOFF_DISCHARGE:q,58.069320239858385,-154.46915010358515,1991-10-18T00:00:00Z,6.059516328999492
urn:ioos:station:GOA_RUNOFF_DISCHARGE,urn:ioos:sensor:GOA_RUNOFF_DISCHARGE:q,58.069320239858385,-154.46915010358515,1991-10-19T00:00:00Z,7.131003871861583
urn:ioos:station:GOA_RUNOFF_DISCHARGE,urn:ioos:sensor:GOA_RUNOFF_DISCHARGE:q,58.069320239858385,-154.46915010358515,1991-10-20T00:00:00Z,5.311005324502198
urn:ioos:station:GOA_RUNOFF_DISCHARGE,urn:ioos:sensor:GOA_RUNOFF_DISCHARGE:q,58.069320239858385,-154.46915010358515,1991-10-21T00:00:00Z,3.7792547969279395
urn:ioos:station:GOA_RUNOFF_DISCHARGE,urn:ioos:sensor:GOA_RUNOFF_DISCHARGE:q,58.069320239858385,-154.46915010358515,1991-10-22T00:00:00Z,2.676951515240691
urn:ioos:station:GOA_RUNOFF_DISCHARGE,urn:ioos:sensor:GOA_RUNOFF_DISCHARGE:q,58.069320239858385,-154.46915010358515,1991-10-23T00:00:00Z,1.8949353442899186
urn:ioos:station:GOA_RUNOFF_DISCHARGE,urn:ioos:sensor:GOA_RUNOFF_DISCHARGE:q,58.069320239858385,-154.46915010358515,1991-10-24T00:00:00Z,1.3412468823849573
urn:ioos:station:GOA_RUNOFF_DISCHARGE,urn:ioos:sensor:GOA_RUNOFF_DISCHARGE:q,58.069320239858385,-154.46915010358515,1991-10-25T00:00:00Z,1.480324877205765
urn:ioos:station:GOA_RUNOFF_DISCHARGE,urn:ioos:sensor:GOA_RUNOFF_DISCHARGE:q,58.069320239858385,-154.46915010358515,1991-10-26T00:00:00Z,1.0728864583190079
urn:ioos:station:GOA_RUNOFF_DISCHARGE,urn:ioos:sensor:GOA_RUNOFF_DISCHARGE:q,58.069320239858385,-154.46915010358515,1991-10-27T00:00:00Z,1.108198105009159
urn:ioos:station:GOA_RUNOFF_DISCHARGE,urn:ioos:sensor:GOA_RUNOFF_DISCHARGE:q,58.069320239858385,-154.46915010358515,1991-10-28T00:00:00Z,3.122482703943496
urn:ioos:station:GOA_RUNOFF_DISCHARGE,urn:ioos:sensor:GOA_RUNOFF_DISCHARGE:q,58.069320239858385,-154.46915010358515,1991-10-29T00:00:00Z,2.9721757600551477
urn:ioos:station:GOA_RUNOFF_DISCHARGE,urn:ioos:sensor:GOA_RUNOFF_DISCHARGE:q,58.069320239858385,-154.46915010358515,1991-10-30T00:00:00Z,2.660169002708789
urn:ioos:station:GOA_RUNOFF_DISCHARGE,urn:ioos:sensor:GOA_RUNOFF_DISCHARGE:q,58.069320239858385,-154.46915010358515,1991-10-31T00:00:00Z,1.9148124811969613
urn:ioos:station:GOA_RUNOFF_DISCHARGE,urn:ioos:sensor:GOA_RUNOFF_DISCHARGE:q,58.069320239858385,-154.46915010358515,1991-11-01T00:00:00Z,3.0171915399381604
urn:ioos:station:GOA_RUNOFF_DISCHARGE,urn:ioos:sensor:GOA_RUNOFF_DISCHARGE:q,58.069320239858385,-154.46915010358515,1991-11-02T00:00:00Z,8.113868045210232
urn:ioos:station:GOA_RUNOFF_DISCHARGE,urn:ioos:sensor:GOA_RUNOFF_DISCHARGE:q,58.069320239858385,-154.46915010358515,1991-11-03T00:00:00Z,7.645362727192308
urn:ioos:station:GOA_RUNOFF_DISCHARGE,urn:ioos:sensor:GOA_RUNOFF_DISCHARGE:q,58.069320239858385,-154.46915010358515,1991-11-04T00:00:00Z,6.404439796614744
urn:ioos:station:GOA_RUNOFF_DISCHARGE,urn:ioos:sensor:GOA_RUNOFF_DISCHARGE:q,58.069320239858385,-154.46915010358515,1991-11-05T00:00:00Z,6.281452059364227
urn:ioos:station:GOA_RUNOFF_DISCHARGE,urn:ioos:sensor:GOA_RUNOFF_DISCHARGE:q,58.069320239858385,-154.46915010358515,1991-11-06T00:00:00Z,7.1665864609868235
urn:ioos:station:GOA_RUNOFF_DISCHARGE,urn:ioos:sensor:GOA_RUNOFF_DISCHARGE:q,58.069320239858385,-154.46915010358515,1991-11-07T00:00:00Z,6.571444530078842
urn:ioos:station:GOA_RUNOFF_DISCHARGE,urn:ioos:sensor:GOA_RUNOFF_DISCHARGE:q,58.069320239858385,-154.46915010358515,1991-11-08T00:00:00Z,4.882896543453545
urn:ioos:station:GOA_RUNOFF_DISCHARGE,urn:ioos:sensor:GOA_RUNOFF_DISCHARGE:q,58.069320239858385,-154.46915010358515,1991-11-09T00:00:00Z,3.7002445886754023
urn:ioos:station:GOA_RUNOFF_DISCHARGE,urn:ioos:sensor:GOA_RUNOFF_DISCHARGE:q,58.069320239858385,-154.46915010358515,1991-11-10T00:00:00Z,3.1435879290426034
urn:ioos:station:GOA_RUNOFF_DISCHARGE,urn:ioos:sensor:GOA_RUNOFF_DISCHARGE:q,58.069320239858385,-154.46915010358515,1991-11-11T00:00:00Z,3.4546116896057693
urn:ioos:station:GOA_RUNOFF_DISCHARGE,urn:ioos:sensor:GOA_RUNOFF_DISCHARGE:q,58.069320239858385,-154.46915010358515,1991-11-12T00:00:00Z,3.980968578478679
urn:ioos:station:GOA_RUNOFF_DISCHARGE,urn:ioos:sensor:GOA_RUNOFF_DISCHARGE:q,58.069320239858385,-154.46915010358515,1991-11-13T00:00:00Z,2.893490761659149
urn:ioos:station:GOA_RUNOFF_DISCHARGE,urn:ioos:sensor:GOA_RUNOFF_DISCHARGE:q,58.069320239858385,-154.46915010358515,1991-11-14T00:00:00Z,1.9553858312921173
urn:ioos:station:GOA_RUNOFF_DISCHARGE,urn:ioos:sensor:GOA_RUNOFF_DISCHARGE:q,58.069320239858385,-154.46915010358515,1991-11-15T00:00:00Z,3.0683394726662203
urn:ioos:station:GOA_RUNOFF_DISCHARGE,urn:ioos:sensor:GOA_RUNOFF_DISCHARGE:q,58.069320239858385,-154.46915010358515,1991-11-16T00:00:00Z,2.0774734529122
urn:ioos:station:GOA_RUNOFF_DISCHARGE,urn:ioos:sensor:GOA_RUNOFF_DISCHARGE:q,58.069320239858385,-154.46915010358515,1991-11-17T00:00:00Z,1.541246076532678
urn:ioos:station:GOA_RUNOFF_DISCHARGE,urn:ioos:sensor:GOA_RUNOFF_DISCHARGE:q,58.069320239858385,-154.46915010358515,1991-11-18T00:00:00Z,1.4416602932143763
urn:ioos:station:GOA_RUNOFF_DISCHARGE,urn:ioos:sensor:GOA_RUNOFF_DISCHARGE:q,58.069320239858385,-154.46915010358515,1991-11-19T00:00:00Z,0.9478837223760685
urn:ioos:station:GOA_RUNOFF_DISCHARGE,urn:ioos:sensor:GOA_RUNOFF_DISCHARGE:q,58.069320239858385,-154.46915010358515,1991-11-20T00:00:00Z,0.6160455443140693
urn:ioos:station:GOA_RUNOFF_DISCHARGE,urn:ioos:sensor:GOA_RUNOFF_DISCHARGE:q,58.069320239858385,-154.46915010358515,1991-11-21T00:00:00Z,0.3999801675975735
urn:ioos:station:GOA_RUNOFF_DISCHARGE,urn:ioos:sensor:GOA_RUNOFF_DISCHARGE:q,58.069320239858385,-154.46915010358515,1991-11-22T00:00:00Z,0.2596729827915987
urn:ioos:station:GOA_RUNOFF_DISCHARGE,urn:ioos:sensor:GOA_RUNOFF_DISCHARGE:q,58.069320239858385,-154.46915010358515,1991-11-23T00:00:00Z,0.16858225451627407
urn:ioos:station:GOA_RUNOFF_DISCHARGE,urn:ioos:sensor:GOA_RUNOFF_DISCHARGE:q,58.069320239858385,-154.46915010358515,1991-11-24T00:00:00Z,0.10944519533753688
urn:ioos:station:GOA_RUNOFF_DISCHARGE,urn:ioos:sensor:GOA_RUNOFF_DISCHARGE:q,58.069320239858385,-154.46915010358515,1991-11-25T00:00:00Z,0.0710528446880807
urn:ioos:station:GOA_RUNOFF_DISCHARGE,urn:ioos:sensor:GOA_RUNOFF_DISCHARGE:q,58.069320239858385,-154.46915010358515,1991-11-26T00:00:00Z,0.04612817568818344
urn:ioos:station:GOA_RUNOFF_DISCHARGE,urn:ioos:sensor:GOA_RUNOFF_DISCHARGE:q,58.069320239858385,-154.46915010358515,1991-11-27T00:00:00Z,0.029946841351145125
urn:ioos:station:GOA_RUNOFF_DISCHARGE,urn:ioos:sensor:GOA_RUNOFF_DISCHARGE:q,58.069320239858385,-154.46915010358515,1991-11-28T00:00:00Z,0.7285367124611841
urn:ioos:station:GOA_RUNOFF_DISCHARGE,urn:ioos:sensor:GOA_RUNOFF_DISCHARGE:q,58.069320239858385,-154.46915010358515,1991-11-29T00:00:00Z,7.108867499976252
urn:ioos:station:GOA_RUNOFF_DISCHARGE,urn:ioos:sensor:GOA_RUNOFF_DISCHARGE:q,58.069320239858385,-154.46915010358515,1991-11-30T00:00:00Z,9.730005268260735
urn:ioos:station:GOA_RUNOFF_DISCHARGE,urn:ioos:sensor:GOA_RUNOFF_DISCHARGE:q,58.069320239858385,-154.46915010358515,1991-12-01T00:00:00Z,8.505611733805695
urn:ioos:station:GOA_RUNOFF_DISCHARGE,urn:ioos:sensor:GOA_RUNOFF_DISCHARGE:q,58.069320239858385,-154.46915010358515,1991-12-02T00:00:00Z,5.585760292618238
urn:ioos:station:GOA_RUNOFF_DISCHARGE,urn:ioos:sensor:GOA_RUNOFF_DISCHARGE:q,58.069320239858385,-154.46915010358515,1991-12-03T00:00:00Z,7.0914361464198965
urn:ioos:station:GOA_RUNOFF_DISCHARGE,urn:ioos:sensor:GOA_RUNOFF_DISCHARGE:q,58.069320239858385,-154.46915010358515,1991-12-04T00:00:00Z,6.027384753206254
urn:ioos:station:GOA_RUNOFF_DISCHARGE,urn:ioos:sensor:GOA_RUNOFF_DISCHARGE:q,58.069320239858385,-154.46915010358515,1991-12-05T00:00:00Z,4.563098431518345
urn:ioos:station:GOA_RUNOFF_DISCHARGE,urn:ioos:sensor:GOA_RUNOFF_DISCHARGE:q,58.069320239858385,-154.46915010358515,1991-12-06T00:00:00Z,4.165714877813741
urn:ioos:station:GOA_RUNOFF_DISCHARGE,urn:ioos:sensor:GOA_RUNOFF_DISCHARGE:q,58.069320239858385,-154.46915010358515,1991-12-07T00:00:00Z,2.73712981001264
urn:ioos:station:GOA_RUNOFF_DISCHARGE,urn:ioos:sensor:GOA_RUNOFF_DISCHARGE:q,58.069320239858385,-154.46915010358515,1991-12-08T00:00:00Z,1.778806482881017
urn:ioos:station:GOA_RUNOFF_DISCHARGE,urn:ioos:sensor:GOA_RUNOFF_DISCHARGE:q,58.069320239858385,-154.46915010358515,1991-12-09T00:00:00Z,1.1549208419668409
urn:ioos:station:GOA_RUNOFF_DISCHARGE,urn:ioos:sensor:GOA_RUNOFF_DISCHARGE:q,58.069320239858385,-154.46915010358515,1991-12-10T00:00:00Z,0.7497912551926421
urn:ioos:station:GOA_RUNOFF_DISCHARGE,urn:ioos:sensor:GOA_RUNOFF_DISCHARGE:q,58.069320239858385,-154.46915010358515,1991-12-11T00:00:00Z,0.4867718307457062
urn:ioos:station:GOA_RUNOFF_DISCHARGE,urn:ioos:sensor:GOA_RUNOFF_DISCHARGE:q,58.069320239858385,-154.46915010358515,1991-12-12T00:00:00Z,0.3160168237873252
urn:ioos:station:GOA_RUNOFF_DISCHARGE,urn:ioos:sensor:GOA_RUNOFF_DISCHARGE:q,58.069320239858385,-154.46915010358515,1991-12-13T00:00:00Z,0.2051611112759525
urn:ioos:station:GOA_RUNOFF_DISCHARGE,urn:ioos:sensor:GOA_RUNOFF_DISCHARGE:q,58.069320239858385,-154.46915010358515,1991-12-14T00:00:00Z,4.666788805258973
urn:ioos:station:GOA_RUNOFF_DISCHARGE,urn:ioos:sensor:GOA_RUNOFF_DISCHARGE:q,58.069320239858385,-154.46915010358515,1991-12-15T00:00:00Z,4.251263488117227
urn:ioos:station:GOA_RUNOFF_DISCHARGE,urn:ioos:sensor:GOA_RUNOFF_DISCHARGE:q,58.069320239858385,-154.46915010358515,1991-12-16T00:00:00Z,2.798661567164874
urn:ioos:station:GOA_RUNOFF_DISCHARGE,urn:ioos:sensor:GOA_RUNOFF_DISCHARGE:q,58.069320239858385,-154.46915010358515,1991-12-17T00:00:00Z,1.8190897489415183
urn:ioos:station:GOA_RUNOFF_DISCHARGE,urn:ioos:sensor:GOA_RUNOFF_DISCHARGE:q,58.069320239858385,-154.46915010358515,1991-12-18T00:00:00Z,1.1810920788602735
urn:ioos:station:GOA_RUNOFF_DISCHARGE,urn:ioos:sensor:GOA_RUNOFF_DISCHARGE:q,58.069320239858385,-154.46915010358515,1991-12-19T00:00:00Z,0.7667828781885279
urn:ioos:station:GOA_RUNOFF_DISCHARGE,urn:ioos:sensor:GOA_RUNOFF_DISCHARGE:q,58.069320239858385,-154.46915010358515,1991-12-20T00:00:00Z,0.4978030161737476
urn:ioos:station:GOA_RUNOFF_DISCHARGE,urn:ioos:sensor:GOA_RUNOFF_DISCHARGE:q,58.069320239858385,-154.46915010358515,1991-12-21T00:00:00Z,0.3231784460619339
urn:ioos:station:GOA_RUNOFF_DISCHARGE,urn:ioos:sensor:GOA_RUNOFF_DISCHARGE:q,58.069320239858385,-154.46915010358515,1991-12-22T00:00:00Z,0.20981046438626139
urn:ioos:station:GOA_RUNOFF_DISCHARGE,urn:ioos:sensor:GOA_RUNOFF_DISCHARGE:q,58.069320239858385,-154.46915010358515,1991-12-23T00:00:00Z,0.35906059135357266
urn:ioos:station:GOA_RUNOFF_DISCHARGE,urn:ioos:sensor:GOA_RUNOFF_DISCHARGE:q,58.069320239858385,-154.46915010358515,1991-12-24T00:00:00Z,1.772725374301478
urn:ioos:station:GOA_RUNOFF_DISCHARGE,urn:ioos:sensor:GOA_RUNOFF_DISCHARGE:q,58.069320239858385,-154.46915010358515,1991-12-25T00:00:00Z,2.390169307842923
urn:ioos:station:GOA_RUNOFF_DISCHARGE,urn:ioos:sensor:GOA_RUNOFF_DISCHARGE:q,58.069320239858385,-154.46915010358515,1991-12-26T00:00:00Z,1.5867165187393946
urn:ioos:station:GOA_RUNOFF_DISCHARGE,urn:ioos:sensor:GOA_RUNOFF_DISCHARGE:q,58.069320239858385,-154.46915010358515,1991-12-27T00:00:00Z,1.0320757129220222
urn:ioos:station:GOA_RUNOFF_DISCHARGE,urn:ioos:sensor:GOA_RUNOFF_DISCHARGE:q,58.069320239858385,-154.46915010358515,1991-12-28T00:00:00Z,0.6701435856294838
urn:ioos:station:GOA_RUNOFF_DISCHARGE,urn:ioos:sensor:GOA_RUNOFF_DISCHARGE:q,58.069320239858385,-154.46915010358515,1991-12-29T00:00:00Z,0.43506971253193943
urn:ioos:station:GOA_RUNOFF_DISCHARGE,urn:ioos:sensor:GOA_RUNOFF_DISCHARGE:q,58.069320239858385,-154.46915010358515,1991-12-30T00:00:00Z,0.2824516671661356
urn:ioos:station:GOA_RUNOFF_DISCHARGE,urn:ioos:sensor:GOA_RUNOFF_DISCHARGE:q,58.069320239858385,-154.46915010358515,1991-12-31T00:00:00Z,0.1833702913078659
urn:ioos:station:GOA_RUNOFF_DISCHARGE,urn:ioos:sensor:GOA_RUNOFF_DISCHARGE:q,58.069320239858385,-154.46915010358515,1992-01-01T00:00:00Z,0.11904571064477712
urn:ioos:station:GOA_RUNOFF_DISCHARGE,urn:ioos:sensor:GOA_RUNOFF_DISCHARGE:q,58.069320239858385,-154.46915010358515,1992-01-02T00:00:00Z,0.07728558959888691
urn:ioos:station:GOA_RUNOFF_DISCHARGE,urn:ioos:sensor:GOA_RUNOFF_DISCHARGE:q,58.069320239858385,-154.46915010358515,1992-01-03T00:00:00Z,0.05017453141165952
urn:ioos:station:GOA_RUNOFF_DISCHARGE,urn:ioos:sensor:GOA_RUNOFF_DISCHARGE:q,58.069320239858385,-154.46915010358515,1992-01-04T00:00:00Z,0.03257377305468164
urn:ioos:station:GOA_RUNOFF_DISCHARGE,urn:ioos:sensor:GOA_RUNOFF_DISCHARGE:q,58.069320239858385,-154.46915010358515,1992-01-05T00:00:00Z,0.02114720012736453
urn:ioos:station:GOA_RUNOFF_DISCHARGE,urn:ioos:sensor:GOA_RUNOFF_DISCHARGE:q,58.069320239858385,-154.46915010358515,1992-01-06T00:00:00Z,0.013728960783578693
urn:ioos:station:GOA_RUNOFF_DISCHARGE,urn:ioos:sensor:GOA_RUNOFF_DISCHARGE:q,58.069320239858385,-154.46915010358515,1992-01-07T00:00:00Z,0.008912970716698724
urn:ioos:station:GOA_RUNOFF_DISCHARGE,urn:ioos:sensor:GOA_RUNOFF_DISCHARGE:q,58.069320239858385,-154.46915010358515,1992-01-08T00:00:00Z,0.005786383549779118
urn:ioos:station:GOA_RUNOFF_DISCHARGE,urn:ioos:sensor:GOA_RUNOFF_DISCHARGE:q,58.069320239858385,-154.46915010358515,1992-01-09T00:00:00Z,3.3546022915067018
urn:ioos:station:GOA_RUNOFF_DISCHARGE,urn:ioos:sensor:GOA_RUNOFF_DISCHARGE:q,58.069320239858385,-154.46915010358515,1992-01-10T00:00:00Z,4.1699283977511215
urn:ioos:station:GOA_RUNOFF_DISCHARGE,urn:ioos:sensor:GOA_RUNOFF_DISCHARGE:q,58.069320239858385,-154.46915010358515,1992-01-11T00:00:00Z,2.764092496136224
urn:ioos:station:GOA_RUNOFF_DISCHARGE,urn:ioos:sensor:GOA_RUNOFF_DISCHARGE:q,58.069320239858385,-154.46915010358515,1992-01-12T00:00:00Z,1.797670891035782
urn:ioos:station:GOA_RUNOFF_DISCHARGE,urn:ioos:sensor:GOA_RUNOFF_DISCHARGE:q,58.069320239858385,-154.46915010358515,1992-01-13T00:00:00Z,2.8871328563408736
urn:ioos:station:GOA_RUNOFF_DISCHARGE,urn:ioos:sensor:GOA_RUNOFF_DISCHARGE:q,58.069320239858385,-154.46915010358515,1992-01-14T00:00:00Z,15.350485133556441
urn:ioos:station:GOA_RUNOFF_DISCHARGE,urn:ioos:sensor:GOA_RUNOFF_DISCHARGE:q,58.069320239858385,-154.46915010358515,1992-01-15T00:00:00Z,15.016948220756355
urn:ioos:station:GOA_RUNOFF_DISCHARGE,urn:ioos:sensor:GOA_RUNOFF_DISCHARGE:q,58.069320239858385,-154.46915010358515,1992-01-16T00:00:00Z,12.708624445934623
urn:ioos:station:GOA_RUNOFF_DISCHARGE,urn:ioos:sensor:GOA_RUNOFF_DISCHARGE:q,58.069320239858385,-154.46915010358515,1992-01-17T00:00:00Z,13.279056216270657
urn:ioos:station:GOA_RUNOFF_DISCHARGE,urn:ioos:sensor:GOA_RUNOFF_DISCHARGE:q,58.069320239858385,-154.46915010358515,1992-01-18T00:00:00Z,12.96202186188649
urn:ioos:station:GOA_RUNOFF_DISCHARGE,urn:ioos:sensor:GOA_RUNOFF_DISCHARGE:q,58.069320239858385,-154.46915010358515,1992-01-19T00:00:00Z,8.665324504515668
urn:ioos:station:GOA_RUNOFF_DISCHARGE,urn:ioos:sensor:GOA_RUNOFF_DISCHARGE:q,58.069320239858385,-154.46915010358515,1992-01-20T00:00:00Z,5.635969958074117
urn:ioos:station:GOA_RUNOFF_DISCHARGE,urn:ioos:sensor:GOA_RUNOFF_DISCHARGE:q,58.069320239858385,-154.46915010358515,1992-01-21T00:00:00Z,3.6595067918485826
urn:ioos:station:GOA_RUNOFF_DISCHARGE,urn:ioos:sensor:GOA_RUNOFF_DISCHARGE:q,58.069320239858385,-154.46915010358515,1992-01-22T00:00:00Z,2.375818502021479
urn:ioos:station:GOA_RUNOFF_DISCHARGE,urn:ioos:sensor:GOA_RUNOFF_DISCHARGE:q,58.069320239858385,-154.46915010358515,1992-01-23T00:00:00Z,1.9890816243969407
urn:ioos:station:GOA_RUNOFF_DISCHARGE,urn:ioos:sensor:GOA_RUNOFF_DISCHARGE:q,58.069320239858385,-154.46915010358515,1992-01-24T00:00:00Z,1.549508143446234
urn:ioos:station:GOA_RUNOFF_DISCHARGE,urn:ioos:sensor:GOA_RUNOFF_DISCHARGE:q,58.069320239858385,-154.46915010358515,1992-01-25T00:00:00Z,1.0131685486170248
urn:ioos:station:GOA_RUNOFF_DISCHARGE,urn:ioos:sensor:GOA_RUNOFF_DISCHARGE:q,58.069320239858385,-154.46915010358515,1992-01-26T00:00:00Z,2.409055686081038
urn:ioos:station:GOA_RUNOFF_DISCHARGE,urn:ioos:sensor:GOA_RUNOFF_DISCHARGE:q,58.069320239858385,-154.46915010358515,1992-01-27T00:00:00Z,1.7854144787888067
urn:ioos:station:GOA_RUNOFF_DISCHARGE,urn:ioos:sensor:GOA_RUNOFF_DISCHARGE:q,58.069320239858385,-154.46915010358515,1992-01-28T00:00:00Z,1.159224084041017
urn:ioos:station:GOA_RUNOFF_DISCHARGE,urn:ioos:sensor:GOA_RUNOFF_DISCHARGE:q,58.069320239858385,-154.46915010358515,1992-01-29T00:00:00Z,0.7525857313931501
urn:ioos:station:GOA_RUNOFF_DISCHARGE,urn:ioos:sensor:GOA_RUNOFF_DISCHARGE:q,58.069320239858385,-154.46915010358515,1992-01-30T00:00:00Z,0.48858610575745937
urn:ioos:station:GOA_RUNOFF_DISCHARGE,urn:ioos:sensor:GOA_RUNOFF_DISCHARGE:q,58.069320239858385,-154.46915010358515,1992-01-31T00:00:00Z,0.31719468994753974
urn:ioos:station:GOA_RUNOFF_DISCHARGE,urn:ioos:sensor:GOA_RUNOFF_DISCHARGE:q,58.069320239858385,-154.46915010358515,1992-02-01T00:00:00Z,0.20592575568884244
urn:ioos:station:GOA_RUNOFF_DISCHARGE,urn:ioos:sensor:GOA_RUNOFF_DISCHARGE:q,58.069320239858385,-154.46915010358515,1992-02-02T00:00:00Z,0.13368893564446588
urn:ioos:station:GOA_RUNOFF_DISCHARGE,urn:ioos:sensor:GOA_RUNOFF_DISCHARGE:q,58.069320239858385,-154.46915010358515,1992-02-03T00:00:00Z,0.08679211537664475
urn:ioos:station:GOA_RUNOFF_DISCHARGE,urn:ioos:sensor:GOA_RUNOFF_DISCHARGE:q,58.069320239858385,-154.46915010358515,1992-02-04T00:00:00Z,0.05634625836268191
urn:ioos:station:GOA_RUNOFF_DISCHARGE,urn:ioos:sensor:GOA_RUNOFF_DISCHARGE:q,58.069320239858385,-154.46915010358515,1992-02-05T00:00:00Z,0.036580513560499926
urn:ioos:station:GOA_RUNOFF_DISCHARGE,urn:ioos:sensor:GOA_RUNOFF_DISCHARGE:q,58.069320239858385,-154.46915010358515,1992-02-06T00:00:00Z,0.023748414417652988
urn:ioos:station:GOA_RUNOFF_DISCHARGE,urn:ioos:sensor:GOA_RUNOFF_DISCHARGE:q,58.069320239858385,-154.46915010358515,1992-02-07T00:00:00Z,0.015417694077003564
urn:ioos:station:GOA_RUNOFF_DISCHARGE,urn:ioos:sensor:GOA_RUNOFF_DISCHARGE:q,58.069320239858385,-154.46915010358515,1992-02-08T00:00:00Z,0.010009311381898933
urn:ioos:station:GOA_RUNOFF_DISCHARGE,urn:ioos:sensor:GOA_RUNOFF_DISCHARGE:q,58.069320239858385,-154.46915010358515,1992-02-09T00:00:00Z,0.006498139324285855
urn:ioos:station:GOA_RUNOFF_DISCHARGE,urn:ioos:sensor:GOA_RUNOFF_DISCHARGE:q,58.069320239858385,-154.46915010358515,1992-02-10T00:00:00Z,0.004218652730992595
urn:ioos:station:GOA_RUNOFF_DISCHARGE,urn:ioos:sensor:GOA_RUNOFF_DISCHARGE:q,58.069320239858385,-154.46915010358515,1992-02-11T00:00:00Z,0.0027387888843102173
urn:ioos:station:GOA_RUNOFF_DISCHARGE,urn:ioos:sensor:GOA_RUNOFF_DISCHARGE:q,58.069320239858385,-154.46915010358515,1992-02-12T00:00:00Z,0.0017780473967676574
urn:ioos:station:GOA_RUNOFF_DISCHARGE,urn:ioos:sensor:GOA_RUNOFF_DISCHARGE:q,58.069320239858385,-154.46915010358515,1992-02-13T00:00:00Z,0.0011543250966808743
urn:ioos:station:GOA_RUNOFF_DISCHARGE,urn:ioos:sensor:GOA_RUNOFF_DISCHARGE:q,58.069320239858385,-154.46915010358515,1992-02-14T00:00:00Z,7.49398723413641E-4
urn:ioos:station:GOA_RUNOFF_DISCHARGE,urn:ioos:sensor:GOA_RUNOFF_DISCHARGE:q,58.069320239858385,-154.46915010358515,1992-02-15T00:00:00Z,4.8651665130069105E-4
urn:ioos:station:GOA_RUNOFF_DISCHARGE,urn:ioos:sensor:GOA_RUNOFF_DISCHARGE:q,58.069320239858385,-154.46915010358515,1992-02-16T00:00:00Z,3.158511673443917E-4
urn:ioos:station:GOA_RUNOFF_DISCHARGE,urn:ioos:sensor:GOA_RUNOFF_DISCHARGE:q,58.069320239858385,-154.46915010358515,1992-02-17T00:00:00Z,2.0505354384234303E-4
urn:ioos:station:GOA_RUNOFF_DISCHARGE,urn:ioos:sensor:GOA_RUNOFF_DISCHARGE:q,58.069320239858385,-154.46915010358515,1992-02-18T00:00:00Z,1.3312268856912463E-4
urn:ioos:station:GOA_RUNOFF_DISCHARGE,urn:ioos:sensor:GOA_RUNOFF_DISCHARGE:q,58.069320239858385,-154.46915010358515,1992-02-19T00:00:00Z,8.642449804833472E-5
urn:ioos:station:GOA_RUNOFF_DISCHARGE,urn:ioos:sensor:GOA_RUNOFF_DISCHARGE:q,58.069320239858385,-154.46915010358515,1992-02-20T00:00:00Z,5.610759081485842E-5
urn:ioos:station:GOA_RUNOFF_DISCHARGE,urn:ioos:sensor:GOA_RUNOFF_DISCHARGE:q,58.069320239858385,-154.46915010358515,1992-02-21T00:00:00Z,3.642557335949598E-5
urn:ioos:station:GOA_RUNOFF_DISCHARGE,urn:ioos:sensor:GOA_RUNOFF_DISCHARGE:q,58.069320239858385,-154.46915010358515,1992-02-22T00:00:00Z,2.3647823427864115E-5
urn:ioos:station:GOA_RUNOFF_DISCHARGE,urn:ioos:sensor:GOA_RUNOFF_DISCHARGE:q,58.069320239858385,-154.46915010358515,1992-02-23T00:00:00Z,1.535238914830593E-5
urn:ioos:station:GOA_RUNOFF_DISCHARGE,urn:ioos:sensor:GOA_RUNOFF_DISCHARGE:q,58.069320239858385,-154.46915010358515,1992-02-24T00:00:00Z,9.966914260314456E-6
urn:ioos:station:GOA_RUNOFF_DISCHARGE,urn:ioos:sensor:GOA_RUNOFF_DISCHARGE:q,58.069320239858385,-154.46915010358515,1992-02-25T00:00:00Z,6.470614044855631E-6
urn:ioos:station:GOA_RUNOFF_DISCHARGE,urn:ioos:sensor:GOA_RUNOFF_DISCHARGE:q,58.069320239858385,-154.46915010358515,1992-02-26T00:00:00Z,4.20078342961324E-6
urn:ioos:station:GOA_RUNOFF_DISCHARGE,urn:ioos:sensor:GOA_RUNOFF_DISCHARGE:q,58.069320239858385,-154.46915010358515,1992-02-27T00:00:00Z,2.7271883015759533E-6
urn:ioos:station:GOA_RUNOFF_DISCHARGE,urn:ioos:sensor:GOA_RUNOFF_DISCHARGE:q,58.069320239858385,-154.46915010358515,1992-02-28T00:00:00Z,1.7705161279017053E-6
urn:ioos:station:GOA_RUNOFF_DISCHARGE,urn:ioos:sensor:GOA_RUNOFF_DISCHARGE:q,58.069320239858385,-154.46915010358515,1992-02-29T00:00:00Z,1.1494356308346726E-6
urn:ioos:station:GOA_RUNOFF_DISCHARGE,urn:ioos:sensor:GOA_RUNOFF_DISCHARGE:q,58.069320239858385,-154.46915010358515,1992-03-01T00:00:00Z,7.462244071687071E-7
urn:ioos:station:GOA_RUNOFF_DISCHARGE,urn:ioos:sensor:GOA_RUNOFF_DISCHARGE:q,58.069320239858385,-154.46915010358515,1992-03-02T00:00:00Z,4.844558847843668E-7
urn:ioos:station:GOA_RUNOFF_DISCHARGE,urn:ioos:sensor:GOA_RUNOFF_DISCHARGE:q,58.069320239858385,-154.46915010358515,1992-03-03T00:00:00Z,3.1451331353845866E-7
urn:ioos:station:GOA_RUNOFF_DISCHARGE,urn:ioos:sensor:GOA_RUNOFF_DISCHARGE:q,58.069320239858385,-154.46915010358515,1992-03-04T00:00:00Z,2.0418497221856595E-7
urn:ioos:station:GOA_RUNOFF_DISCHARGE,urn:ioos:sensor:GOA_RUNOFF_DISCHARGE:q,58.069320239858385,-154.46915010358515,1992-03-05T00:00:00Z,1.3255881451211313E-7
urn:ioos:station:GOA_RUNOFF_DISCHARGE,urn:ioos:sensor:GOA_RUNOFF_DISCHARGE:q,58.069320239858385,-154.46915010358515,1992-03-06T00:00:00Z,8.605842948875826E-8
urn:ioos:station:GOA_RUNOFF_DISCHARGE,urn:ioos:sensor:GOA_RUNOFF_DISCHARGE:q,58.069320239858385,-154.46915010358515,1992-03-07T00:00:00Z,5.5869942597638963E-8
urn:ioos:station:GOA_RUNOFF_DISCHARGE,urn:ioos:sensor:GOA_RUNOFF_DISCHARGE:q,58.069320239858385,-154.46915010358515,1992-03-08T00:00:00Z,3.627128896586505E-8
urn:ioos:station:GOA_RUNOFF_DISCHARGE,urn:ioos:sensor:GOA_RUNOFF_DISCHARGE:q,58.069320239858385,-154.46915010358515,1992-03-09T00:00:00Z,2.3547661125732553E-8
urn:ioos:station:GOA_RUNOFF_DISCHARGE,urn:ioos:sensor:GOA_RUNOFF_DISCHARGE:q,58.069320239858385,-154.46915010358515,1992-03-10T00:00:00Z,2.802854301035372
urn:ioos:station:GOA_RUNOFF_DISCHARGE,urn:ioos:sensor:GOA_RUNOFF_DISCHARGE:q,58.069320239858385,-154.46915010358515,1992-03-11T00:00:00Z,5.399540287452698
urn:ioos:station:GOA_RUNOFF_DISCHARGE,urn:ioos:sensor:GOA_RUNOFF_DISCHARGE:q,58.069320239858385,-154.46915010358515,1992-03-12T00:00:00Z,3.8601554848076827
urn:ioos:station:GOA_RUNOFF_DISCHARGE,urn:ioos:sensor:GOA_RUNOFF_DISCHARGE:q,58.069320239858385,-154.46915010358515,1992-03-13T00:00:00Z,2.518599574124583
urn:ioos:station:GOA_RUNOFF_DISCHARGE,urn:ioos:sensor:GOA_RUNOFF_DISCHARGE:q,58.069320239858385,-154.46915010358515,1992-03-14T00:00:00Z,2.1208114814600867
urn:ioos:station:GOA_RUNOFF_DISCHARGE,urn:ioos:sensor:GOA_RUNOFF_DISCHARGE:q,58.069320239858385,-154.46915010358515,1992-03-15T00:00:00Z,4.2922625579113145
urn:ioos:station:GOA_RUNOFF_DISCHARGE,urn:ioos:sensor:GOA_RUNOFF_DISCHARGE:q,58.069320239858385,-154.46915010358515,1992-03-16T00:00:00Z,4.863974907836162
urn:ioos:station:GOA_RUNOFF_DISCHARGE,urn:ioos:sensor:GOA_RUNOFF_DISCHARGE:q,58.069320239858385,-154.46915010358515,1992-03-17T00:00:00Z,5.177942922683035
urn:ioos:station:GOA_RUNOFF_DISCHARGE,urn:ioos:sensor:GOA_RUNOFF_DISCHARGE:q,58.069320239858385,-154.46915010358515,1992-03-18T00:00:00Z,4.8807926777473325
urn:ioos:station:GOA_RUNOFF_DISCHARGE,urn:ioos:sensor:GOA_RUNOFF_DISCHARGE:q,58.069320239858385,-154.46915010358515,1992-03-19T00:00:00Z,6.481209319480324
urn:ioos:station:GOA_RUNOFF_DISCHARGE,urn:ioos:sensor:GOA_RUNOFF_DISCHARGE:q,58.069320239858385,-154.46915010358515,1992-03-20T00:00:00Z,9.70355486659563
urn:ioos:station:GOA_RUNOFF_DISCHARGE,urn:ioos:sensor:GOA_RUNOFF_DISCHARGE:q,58.069320239858385,-154.46915010358515,1992-03-21T00:00:00Z,7.1878577115062185
urn:ioos:station:GOA_RUNOFF_DISCHARGE,urn:ioos:sensor:GOA_RUNOFF_DISCHARGE:q,58.069320239858385,-154.46915010358515,1992-03-22T00:00:00Z,4.6963839546630295
urn:ioos:station:GOA_RUNOFF_DISCHARGE,urn:ioos:sensor:GOA_RUNOFF_DISCHARGE:q,58.069320239858385,-154.46915010358515,1992-03-23T00:00:00Z,4.7816541895391556
urn:ioos:station:GOA_RUNOFF_DISCHARGE,urn:ioos:sensor:GOA_RUNOFF_DISCHARGE:q,58.069320239858385,-154.46915010358515,1992-03-24T00:00:00Z,6.6030098828856145
urn:ioos:station:GOA_RUNOFF_DISCHARGE,urn:ioos:sensor:GOA_RUNOFF_DISCHARGE:q,58.069320239858385,-154.46915010358515,1992-03-25T00:00:00Z,8.442337367527369
urn:ioos:station:GOA_RUNOFF_DISCHARGE,urn:ioos:sensor:GOA_RUNOFF_DISCHARGE:q,58.069320239858385,-154.46915010358515,1992-03-26T00:00:00Z,6.149133219886954
urn:ioos:station:GOA_RUNOFF_DISCHARGE,urn:ioos:sensor:GOA_RUNOFF_DISCHARGE:q,58.069320239858385,-154.46915010358515,1992-03-27T00:00:00Z,4.014461246980551
urn:ioos:station:GOA_RUNOFF_DISCHARGE,urn:ioos:sensor:GOA_RUNOFF_DISCHARGE:q,58.069320239858385,-154.46915010358515,1992-03-28T00:00:00Z,2.6074823748018976
urn:ioos:station:GOA_RUNOFF_DISCHARGE,urn:ioos:sensor:GOA_RUNOFF_DISCHARGE:q,58.069320239858385,-154.46915010358515,1992-03-29T00:00:00Z,1.6928726725532814
urn:ioos:station:GOA_RUNOFF_DISCHARGE,urn:ioos:sensor:GOA_RUNOFF_DISCHARGE:q,58.069320239858385,-154.46915010358515,1992-03-30T00:00:00Z,1.2057005455733594
urn:ioos:station:GOA_RUNOFF_DISCHARGE,urn:ioos:sensor:GOA_RUNOFF_DISCHARGE:q,58.069320239858385,-154.46915010358515,1992-03-31T00:00:00Z,0.8541377056139161
urn:ioos:station:GOA_RUNOFF_DISCHARGE,urn:ioos:sensor:GOA_RUNOFF_DISCHARGE:q,58.069320239858385,-154.46915010358515,1992-04-01T00:00:00Z,0.9295204163020294
urn:ioos:station:GOA_RUNOFF_DISCHARGE,urn:ioos:sensor:GOA_RUNOFF_DISCHARGE:q,58.069320239858385,-154.46915010358515,1992-04-02T00:00:00Z,1.345185842059152
urn:ioos:station:GOA_RUNOFF_DISCHARGE,urn:ioos:sensor:GOA_RUNOFF_DISCHARGE:q,58.069320239858385,-154.46915010358515,1992-04-03T00:00:00Z,1.0487237080274232
urn:ioos:station:GOA_RUNOFF_DISCHARGE,urn:ioos:sensor:GOA_RUNOFF_DISCHARGE:q,58.069320239858385,-154.46915010358515,1992-04-04T00:00:00Z,0.6863880284553823
urn:ioos:station:GOA_RUNOFF_DISCHARGE,urn:ioos:sensor:GOA_RUNOFF_DISCHARGE:q,58.069320239858385,-154.46915010358515,1992-04-05T00:00:00Z,0.4459209274568481
urn:ioos:station:GOA_RUNOFF_DISCHARGE,urn:ioos:sensor:GOA_RUNOFF_DISCHARGE:q,58.069320239858385,-154.46915010358515,1992-04-06T00:00:00Z,0.31761149663361465
urn:ioos:station:GOA_RUNOFF_DISCHARGE,urn:ioos:sensor:GOA_RUNOFF_DISCHARGE:q,58.069320239858385,-154.46915010358515,1992-04-07T00:00:00Z,0.22500279346764848
urn:ioos:station:GOA_RUNOFF_DISCHARGE,urn:ioos:sensor:GOA_RUNOFF_DISCHARGE:q,58.069320239858385,-154.46915010358515,1992-04-08T00:00:00Z,0.15927583574394122
urn:ioos:station:GOA_RUNOFF_DISCHARGE,urn:ioos:sensor:GOA_RUNOFF_DISCHARGE:q,58.069320239858385,-154.46915010358515,1992-04-09T00:00:00Z,0.11273672000683502
urn:ioos:station:GOA_RUNOFF_DISCHARGE,urn:ioos:sensor:GOA_RUNOFF_DISCHARGE:q,58.069320239858385,-154.46915010358515,1992-04-10T00:00:00Z,0.07979474249762172
urn:ioos:station:GOA_RUNOFF_DISCHARGE,urn:ioos:sensor:GOA_RUNOFF_DISCHARGE:q,58.069320239858385,-154.46915010358515,1992-04-11T00:00:00Z,0.05647837897806883
urn:ioos:station:GOA_RUNOFF_DISCHARGE,urn:ioos:sensor:GOA_RUNOFF_DISCHARGE:q,58.069320239858385,-154.46915010358515,1992-04-12T00:00:00Z,0.039975154552887804
urn:ioos:station:GOA_RUNOFF_DISCHARGE,urn:ioos:sensor:GOA_RUNOFF_DISCHARGE:q,58.069320239858385,-154.46915010358515,1992-04-13T00:00:00Z,0.0282942359768747
urn:ioos:station:GOA_RUNOFF_DISCHARGE,urn:ioos:sensor:GOA_RUNOFF_DISCHARGE:q,58.069320239858385,-154.46915010358515,1992-04-14T00:00:00Z,0.01824766096558077
urn:ioos:station:GOA_RUNOFF_DISCHARGE,urn:ioos:sensor:GOA_RUNOFF_DISCHARGE:q,58.069320239858385,-154.46915010358515,1992-04-15T00:00:00Z,0.012989309190525388
urn:ioos:station:GOA_RUNOFF_DISCHARGE,urn:ioos:sensor:GOA_RUNOFF_DISCHARGE:q,58.069320239858385,-154.46915010358515,1992-04-16T00:00:00Z,3.1142295829321425
urn:ioos:station:GOA_RUNOFF_DISCHARGE,urn:ioos:sensor:GOA_RUNOFF_DISCHARGE:q,58.069320239858385,-154.46915010358515,1992-04-17T00:00:00Z,2.586394515277654
urn:ioos:station:GOA_RUNOFF_DISCHARGE,urn:ioos:sensor:GOA_RUNOFF_DISCHARGE:q,58.069320239858385,-154.46915010358515,1992-04-18T00:00:00Z,1.8564361279318908
urn:ioos:station:GOA_RUNOFF_DISCHARGE,urn:ioos:sensor:GOA_RUNOFF_DISCHARGE:q,58.069320239858385,-154.46915010358515,1992-04-19T00:00:00Z,1.3165531664861767
urn:ioos:station:GOA_RUNOFF_DISCHARGE,urn:ioos:sensor:GOA_RUNOFF_DISCHARGE:q,58.069320239858385,-154.46915010358515,1992-04-20T00:00:00Z,0.9321078211780264
urn:ioos:station:GOA_RUNOFF_DISCHARGE,urn:ioos:sensor:GOA_RUNOFF_DISCHARGE:q,58.069320239858385,-154.46915010358515,1992-04-21T00:00:00Z,0.659767391533659
urn:ioos:station:GOA_RUNOFF_DISCHARGE,urn:ioos:sensor:GOA_RUNOFF_DISCHARGE:q,58.069320239858385,-154.46915010358515,1992-04-22T00:00:00Z,0.4669830017335669
urn:ioos:station:GOA_RUNOFF_DISCHARGE,urn:ioos:sensor:GOA_RUNOFF_DISCHARGE:q,58.069320239858385,-154.46915010358515,1992-04-23T00:00:00Z,0.3305287216271073
urn:ioos:station:GOA_RUNOFF_DISCHARGE,urn:ioos:sensor:GOA_RUNOFF_DISCHARGE:q,58.069320239858385,-154.46915010358515,1992-04-24T00:00:00Z,0.2339468045327408
urn:ioos:station:GOA_RUNOFF_DISCHARGE,urn:ioos:sensor:GOA_RUNOFF_DISCHARGE:q,58.069320239858385,-154.46915010358515,1992-04-25T00:00:00Z,0.16558649551620971
urn:ioos:station:GOA_RUNOFF_DISCHARGE,urn:ioos:sensor:GOA_RUNOFF_DISCHARGE:q,58.069320239858385,-154.46915010358515,1992-04-26T00:00:00Z,0.11720139121514898
urn:ioos:station:GOA_RUNOFF_DISCHARGE,urn:ioos:sensor:GOA_RUNOFF_DISCHARGE:q,58.069320239858385,-154.46915010358515,1992-04-27T00:00:00Z,0.08295462755822305
urn:ioos:station:GOA_RUNOFF_DISCHARGE,urn:ioos:sensor:GOA_RUNOFF_DISCHARGE:q,58.069320239858385,-154.46915010358515,1992-04-28T00:00:00Z,0.05871491619621982
urn:ioos:station:GOA_RUNOFF_DISCHARGE,urn:ioos:sensor:GOA_RUNOFF_DISCHARGE:q,58.069320239858385,-154.46915010358515,1992-04-29T00:00:00Z,0.04155815579239741
urn:ioos:station:GOA_RUNOFF_DISCHARGE,urn:ioos:sensor:GOA_RUNOFF_DISCHARGE:q,58.069320239858385,-154.46915010358515,1992-04-30T00:00:00Z,0.029414681449560595
urn:ioos:station:GOA_RUNOFF_DISCHARGE,urn:ioos:sensor:GOA_RUNOFF_DISCHARGE:q,58.069320239858385,-154.46915010358515,1992-05-01T00:00:00Z,0.020819579070623335
urn:ioos:station:GOA_RUNOFF_DISCHARGE,urn:ioos:sensor:GOA_RUNOFF_DISCHARGE:q,58.069320239858385,-154.46915010358515,1992-05-02T00:00:00Z,0.014736004817901356
urn:ioos:station:GOA_RUNOFF_DISCHARGE,urn:ioos:sensor:GOA_RUNOFF_DISCHARGE:q,58.069320239858385,-154.46915010358515,1992-05-03T00:00:00Z,0.010430079178622752
urn:ioos:station:GOA_RUNOFF_DISCHARGE,urn:ioos:sensor:GOA_RUNOFF_DISCHARGE:q,58.069320239858385,-154.46915010358515,1992-05-04T00:00:00Z,0.007382364261481322
urn:ioos:station:GOA_RUNOFF_DISCHARGE,urn:ioos:sensor:GOA_RUNOFF_DISCHARGE:q,58.069320239858385,-154.46915010358515,1992-05-05T00:00:00Z,0.005225204452912339
urn:ioos:station:GOA_RUNOFF_DISCHARGE,urn:ioos:sensor:GOA_RUNOFF_DISCHARGE:q,58.069320239858385,-154.46915010358515,1992-05-06T00:00:00Z,0.0036983764183029307
urn:ioos:station:GOA_RUNOFF_DISCHARGE,urn:ioos:sensor:GOA_RUNOFF_DISCHARGE:q,58.069320239858385,-154.46915010358515,1992-05-07T00:00:00Z,1.9246006137803566
urn:ioos:station:GOA_RUNOFF_DISCHARGE,urn:ioos:sensor:GOA_RUNOFF_DISCHARGE:q,58.069320239858385,-154.46915010358515,1992-05-08T00:00:00Z,1.4531438058225319
urn:ioos:station:GOA_RUNOFF_DISCHARGE,urn:ioos:sensor:GOA_RUNOFF_DISCHARGE:q,58.069320239858385,-154.46915010358515,1992-05-09T00:00:00Z,1.037607832532575
urn:ioos:station:GOA_RUNOFF_DISCHARGE,urn:ioos:sensor:GOA_RUNOFF_DISCHARGE:q,58.069320239858385,-154.46915010358515,1992-05-10T00:00:00Z,0.7353208637079319
urn:ioos:station:GOA_RUNOFF_DISCHARGE,urn:ioos:sensor:GOA_RUNOFF_DISCHARGE:q,58.069320239858385,-154.46915010358515,1992-05-11T00:00:00Z,0.5205473805153863
urn:ioos:station:GOA_RUNOFF_DISCHARGE,urn:ioos:sensor:GOA_RUNOFF_DISCHARGE:q,58.069320239858385,-154.46915010358515,1992-05-12T00:00:00Z,0.3684501708381078
urn:ioos:station:GOA_RUNOFF_DISCHARGE,urn:ioos:sensor:GOA_RUNOFF_DISCHARGE:q,58.069320239858385,-154.46915010358515,1992-05-13T00:00:00Z,0.2607882934150884
urn:ioos:station:GOA_RUNOFF_DISCHARGE,urn:ioos:sensor:GOA_RUNOFF_DISCHARGE:q,58.069320239858385,-154.46915010358515,1992-05-14T00:00:00Z,0.18458487842326096
urn:ioos:station:GOA_RUNOFF_DISCHARGE,urn:ioos:sensor:GOA_RUNOFF_DISCHARGE:q,58.069320239858385,-154.46915010358515,1992-05-15T00:00:00Z,0.13064837313235975
urn:ioos:station:GOA_RUNOFF_DISCHARGE,urn:ioos:sensor:GOA_RUNOFF_DISCHARGE:q,58.069320239858385,-154.46915010358515,1992-05-16T00:00:00Z,0.0924723439360706
urn:ioos:station:GOA_RUNOFF_DISCHARGE,urn:ioos:sensor:GOA_RUNOFF_DISCHARGE:q,58.069320239858385,-154.46915010358515,1992-05-17T00:00:00Z,0.0654515176705071
urn:ioos:station:GOA_RUNOFF_DISCHARGE,urn:ioos:sensor:GOA_RUNOFF_DISCHARGE:q,58.069320239858385,-154.46915010358515,1992-05-18T00:00:00Z,0.04632629288815531
urn:ioos:station:GOA_RUNOFF_DISCHARGE,urn:ioos:sensor:GOA_RUNOFF_DISCHARGE:q,58.069320239858385,-154.46915010358515,1992-05-19T00:00:00Z,0.03278954155571347
urn:ioos:station:GOA_RUNOFF_DISCHARGE,urn:ioos:sensor:GOA_RUNOFF_DISCHARGE:q,58.069320239858385,-154.46915010358515,1992-05-20T00:00:00Z,0.023208291183087638
urn:ioos:station:GOA_RUNOFF_DISCHARGE,urn:ioos:sensor:GOA_RUNOFF_DISCHARGE:q,58.069320239858385,-154.46915010358515,1992-05-21T00:00:00Z,0.01642672791677936
urn:ioos:station:GOA_RUNOFF_DISCHARGE,urn:ioos:sensor:GOA_RUNOFF_DISCHARGE:q,58.069320239858385,-154.46915010358515,1992-05-22T00:00:00Z,0.011626765239484164
urn:ioos:station:GOA_RUNOFF_DISCHARGE,urn:ioos:sensor:GOA_RUNOFF_DISCHARGE:q,58.069320239858385,-154.46915010358515,1992-05-23T00:00:00Z,0.008229372333821107
urn:ioos:station:GOA_RUNOFF_DISCHARGE,urn:ioos:sensor:GOA_RUNOFF_DISCHARGE:q,58.069320239858385,-154.46915010358515,1992-05-24T00:00:00Z,0.0058247129995537125
urn:ioos:station:GOA_RUNOFF_DISCHARGE,urn:ioos:sensor:GOA_RUNOFF_DISCHARGE:q,58.069320239858385,-154.46915010358515,1992-05-25T00:00:00Z,0.0041227062854033965
urn:ioos:station:GOA_RUNOFF_DISCHARGE,urn:ioos:sensor:GOA_RUNOFF_DISCHARGE:q,58.069320239858385,-154.46915010358515,1992-05-26T00:00:00Z,0.0029180332523434916
urn:ioos:station:GOA_RUNOFF_DISCHARGE,urn:ioos:sensor:GOA_RUNOFF_DISCHARGE:q,58.069320239858385,-154.46915010358515,1992-05-27T00:00:00Z,0.002065371038862676
urn:ioos:station:GOA_RUNOFF_DISCHARGE,urn:ioos:sensor:GOA_RUNOFF_DISCHARGE:q,58.069320239858385,-154.46915010358515,1992-05-28T00:00:00Z,0.0014618603983634461
urn:ioos:station:GOA_RUNOFF_DISCHARGE,urn:ioos:sensor:GOA_RUNOFF_DISCHARGE:q,58.069320239858385,-154.46915010358515,1992-05-29T00:00:00Z,0.0010346983217321
urn:ioos:station:GOA_RUNOFF_DISCHARGE,urn:ioos:sensor:GOA_RUNOFF_DISCHARGE:q,58.069320239858385,-154.46915010358515,1992-05-30T00:00:00Z,7.323549117057738E-4
urn:ioos:station:GOA_RUNOFF_DISCHARGE,urn:ioos:sensor:GOA_RUNOFF_DISCHARGE:q,58.069320239858385,-154.46915010358515,1992-05-31T00:00:00Z,5.1835752124507E-4
urn:ioos:station:GOA_RUNOFF_DISCHARGE,urn:ioos:sensor:GOA_RUNOFF_DISCHARGE:q,58.069320239858385,-154.46915010358515,1992-06-01T00:00:00Z,3.6689119321051014E-4
urn:ioos:station:GOA_RUNOFF_DISCHARGE,urn:ioos:sensor:GOA_RUNOFF_DISCHARGE:q,58.069320239858385,-154.46915010358515,1992-06-02T00:00:00Z,2.596839525448668E-4
urn:ioos:station:GOA_RUNOFF_DISCHARGE,urn:ioos:sensor:GOA_RUNOFF_DISCHARGE:q,58.069320239858385,-154.46915010358515,1992-06-03T00:00:00Z,1.8380313977261456E-4
urn:ioos:station:GOA_RUNOFF_DISCHARGE,urn:ioos:sensor:GOA_RUNOFF_DISCHARGE:q,58.069320239858385,-154.46915010358515,1992-06-04T00:00:00Z,1.0764929067017786
urn:ioos:station:GOA_RUNOFF_DISCHARGE,urn:ioos:sensor:GOA_RUNOFF_DISCHARGE:q,58.069320239858385,-154.46915010358515,1992-06-05T00:00:00Z,1.5033638643118525
urn:ioos:station:GOA_RUNOFF_DISCHARGE,urn:ioos:sensor:GOA_RUNOFF_DISCHARGE:q,58.069320239858385,-154.46915010358515,1992-06-06T00:00:00Z,2.5446845093732384
urn:ioos:station:GOA_RUNOFF_DISCHARGE,urn:ioos:sensor:GOA_RUNOFF_DISCHARGE:q,58.069320239858385,-154.46915010358515,1992-06-07T00:00:00Z,1.873141153163833
urn:ioos:station:GOA_RUNOFF_DISCHARGE,urn:ioos:sensor:GOA_RUNOFF_DISCHARGE:q,58.069320239858385,-154.46915010358515,1992-06-08T00:00:00Z,1.3329932351440623
urn:ioos:station:GOA_RUNOFF_DISCHARGE,urn:ioos:sensor:GOA_RUNOFF_DISCHARGE:q,58.069320239858385,-154.46915010358515,1992-06-09T00:00:00Z,0.9442047858739804
urn:ioos:station:GOA_RUNOFF_DISCHARGE,urn:ioos:sensor:GOA_RUNOFF_DISCHARGE:q,58.069320239858385,-154.46915010358515,1992-06-10T00:00:00Z,0.6683757174854063
urn:ioos:station:GOA_RUNOFF_DISCHARGE,urn:ioos:sensor:GOA_RUNOFF_DISCHARGE:q,58.069320239858385,-154.46915010358515,1992-06-11T00:00:00Z,0.4730804892075797
urn:ioos:station:GOA_RUNOFF_DISCHARGE,urn:ioos:sensor:GOA_RUNOFF_DISCHARGE:q,58.069320239858385,-154.46915010358515,1992-06-12T00:00:00Z,0.7122664843877609
urn:ioos:station:GOA_RUNOFF_DISCHARGE,urn:ioos:sensor:GOA_RUNOFF_DISCHARGE:q,58.069320239858385,-154.46915010358515,1992-06-13T00:00:00Z,0.5219931632908273
urn:ioos:station:GOA_RUNOFF_DISCHARGE,urn:ioos:sensor:GOA_RUNOFF_DISCHARGE:q,58.069320239858385,-154.46915010358515,1992-06-14T00:00:00Z,2.000639335370423
urn:ioos:station:GOA_RUNOFF_DISCHARGE,urn:ioos:sensor:GOA_RUNOFF_DISCHARGE:q,58.069320239858385,-154.46915010358515,1992-06-15T00:00:00Z,1.4933007767931155
urn:ioos:station:GOA_RUNOFF_DISCHARGE,urn:ioos:sensor:GOA_RUNOFF_DISCHARGE:q,58.069320239858385,-154.46915010358515,1992-06-16T00:00:00Z,1.0646663582113725
urn:ioos:station:GOA_RUNOFF_DISCHARGE,urn:ioos:sensor:GOA_RUNOFF_DISCHARGE:q,58.069320239858385,-154.46915010358515,1992-06-17T00:00:00Z,0.7543364970771348
urn:ioos:station:GOA_RUNOFF_DISCHARGE,urn:ioos:sensor:GOA_RUNOFF_DISCHARGE:q,58.069320239858385,-154.46915010358515,1992-06-18T00:00:00Z,0.5339929399683682
urn:ioos:station:GOA_RUNOFF_DISCHARGE,urn:ioos:sensor:GOA_RUNOFF_DISCHARGE:q,58.069320239858385,-154.46915010358515,1992-06-19T00:00:00Z,1.1129015446495119
urn:ioos:station:GOA_RUNOFF_DISCHARGE,urn:ioos:sensor:GOA_RUNOFF_DISCHARGE:q,58.069320239858385,-154.46915010358515,1992-06-20T00:00:00Z,0.8224740136616078
urn:ioos:station:GOA_RUNOFF_DISCHARGE,urn:ioos:sensor:GOA_RUNOFF_DISCHARGE:q,58.069320239858385,-154.46915010358515,1992-06-21T00:00:00Z,0.5856152686279317
urn:ioos:station:GOA_RUNOFF_DISCHARGE,urn:ioos:sensor:GOA_RUNOFF_DISCHARGE:q,58.069320239858385,-154.46915010358515,1992-06-22T00:00:00Z,0.41484260009057
urn:ioos:station:GOA_RUNOFF_DISCHARGE,urn:ioos:sensor:GOA_RUNOFF_DISCHARGE:q,58.069320239858385,-154.46915010358515,1992-06-23T00:00:00Z,0.2936583830355549
urn:ioos:station:GOA_RUNOFF_DISCHARGE,urn:ioos:sensor:GOA_RUNOFF_DISCHARGE:q,58.069320239858385,-154.46915010358515,1992-06-24T00:00:00Z,0.2078535482794631
urn:ioos:station:GOA_RUNOFF_DISCHARGE,urn:ioos:sensor:GOA_RUNOFF_DISCHARGE:q,58.069320239858385,-154.46915010358515,1992-06-25T00:00:00Z,0.14711815731465697
urn:ioos:station:GOA_RUNOFF_DISCHARGE,urn:ioos:sensor:GOA_RUNOFF_DISCHARGE:q,58.069320239858385,-154.46915010358515,1992-06-26T00:00:00Z,0.10412961918323875
urn:ioos:station:GOA_RUNOFF_DISCHARGE,urn:ioos:sensor:GOA_RUNOFF_DISCHARGE:q,58.069320239858385,-154.46915010358515,1992-06-27T00:00:00Z,0.8244588199340963
urn:ioos:station:GOA_RUNOFF_DISCHARGE,urn:ioos:sensor:GOA_RUNOFF_DISCHARGE:q,58.069320239858385,-154.46915010358515,1992-06-28T00:00:00Z,4.2673134891276066
urn:ioos:station:GOA_RUNOFF_DISCHARGE,urn:ioos:sensor:GOA_RUNOFF_DISCHARGE:q,58.069320239858385,-154.46915010358515,1992-06-29T00:00:00Z,4.394797857808737
urn:ioos:station:GOA_RUNOFF_DISCHARGE,urn:ioos:sensor:GOA_RUNOFF_DISCHARGE:q,58.069320239858385,-154.46915010358515,1992-06-30T00:00:00Z,3.5151541352203144
urn:ioos:station:GOA_RUNOFF_DISCHARGE,urn:ioos:sensor:GOA_RUNOFF_DISCHARGE:q,58.069320239858385,-154.46915010358515,1992-07-01T00:00:00Z,2.511050548239521
urn:ioos:station:GOA_RUNOFF_DISCHARGE,urn:ioos:sensor:GOA_RUNOFF_DISCHARGE:q,58.069320239858385,-154.46915010358515,1992-07-02T00:00:00Z,1.7796110878497013
urn:ioos:station:GOA_RUNOFF_DISCHARGE,urn:ioos:sensor:GOA_RUNOFF_DISCHARGE:q,58.069320239858385,-154.46915010358515,1992-07-03T00:00:00Z,1.2598304895547165
urn:ioos:station:GOA_RUNOFF_DISCHARGE,urn:ioos:sensor:GOA_RUNOFF_DISCHARGE:q,58.069320239858385,-154.46915010358515,1992-07-04T00:00:00Z,0.891725295070293
urn:ioos:station:GOA_RUNOFF_DISCHARGE,urn:ioos:sensor:GOA_RUNOFF_DISCHARGE:q,58.069320239858385,-154.46915010358515,1992-07-05T00:00:00Z,0.6311614878885986
urn:ioos:station:GOA_RUNOFF_DISCHARGE,urn:ioos:sensor:GOA_RUNOFF_DISCHARGE:q,58.069320239858385,-154.46915010358515,1992-07-06T00:00:00Z,0.44673355742603754
urn:ioos:station:GOA_RUNOFF_DISCHARGE,urn:ioos:sensor:GOA_RUNOFF_DISCHARGE:q,58.069320239858385,-154.46915010358515,1992-07-07T00:00:00Z,0.31619607072483863
urn:ioos:station:GOA_RUNOFF_DISCHARGE,urn:ioos:sensor:GOA_RUNOFF_DISCHARGE:q,58.069320239858385,-154.46915010358515,1992-07-08T00:00:00Z,0.2238021349904253
urn:ioos:station:GOA_RUNOFF_DISCHARGE,urn:ioos:sensor:GOA_RUNOFF_DISCHARGE:q,58.069320239858385,-154.46915010358515,1992-07-09T00:00:00Z,3.005563445763526
urn:ioos:station:GOA_RUNOFF_DISCHARGE,urn:ioos:sensor:GOA_RUNOFF_DISCHARGE:q,58.069320239858385,-154.46915010358515,1992-07-10T00:00:00Z,2.2620100497750446
urn:ioos:station:GOA_RUNOFF_DISCHARGE,urn:ioos:sensor:GOA_RUNOFF_DISCHARGE:q,58.069320239858385,-154.46915010358515,1992-07-11T00:00:00Z,1.6144903877009291
urn:ioos:station:GOA_RUNOFF_DISCHARGE,urn:ioos:sensor:GOA_RUNOFF_DISCHARGE:q,58.069320239858385,-154.46915010358515,1992-07-12T00:00:00Z,1.1440722253002924
urn:ioos:station:GOA_RUNOFF_DISCHARGE,urn:ioos:sensor:GOA_RUNOFF_DISCHARGE:q,58.069320239858385,-154.46915010358515,1992-07-13T00:00:00Z,0.8099033765997696
urn:ioos:station:GOA_RUNOFF_DISCHARGE,urn:ioos:sensor:GOA_RUNOFF_DISCHARGE:q,58.069320239858385,-154.46915010358515,1992-07-14T00:00:00Z,0.5732593989976463
urn:ioos:station:GOA_RUNOFF_DISCHARGE,urn:ioos:sensor:GOA_RUNOFF_DISCHARGE:q,58.069320239858385,-154.46915010358515,1992-07-15T00:00:00Z,0.40575178742812146
urn:ioos:station:GOA_RUNOFF_DISCHARGE,urn:ioos:sensor:GOA_RUNOFF_DISCHARGE:q,58.069320239858385,-154.46915010358515,1992-07-16T00:00:00Z,0.28718947617340645
urn:ioos:station:GOA_RUNOFF_DISCHARGE,urn:ioos:sensor:GOA_RUNOFF_DISCHARGE:q,58.069320239858385,-154.46915010358515,1992-07-17T00:00:00Z,0.2032714374377315
urn:ioos:station:GOA_RUNOFF_DISCHARGE,urn:ioos:sensor:GOA_RUNOFF_DISCHARGE:q,58.069320239858385,-154.46915010358515,1992-07-18T00:00:00Z,0.14387460997932172
urn:ioos:station:GOA_RUNOFF_DISCHARGE,urn:ioos:sensor:GOA_RUNOFF_DISCHARGE:q,58.069320239858385,-154.46915010358515,1992-07-19T00:00:00Z,0.339738363497856
urn:ioos:station:GOA_RUNOFF_DISCHARGE,urn:ioos:sensor:GOA_RUNOFF_DISCHARGE:q,58.069320239858385,-154.46915010358515,1992-07-20T00:00:00Z,0.25171946728066336
urn:ioos:station:GOA_RUNOFF_DISCHARGE,urn:ioos:sensor:GOA_RUNOFF_DISCHARGE:q,58.069320239858385,-154.46915010358515,1992-07-21T00:00:00Z,0.1792897594423818
urn:ioos:station:GOA_RUNOFF_DISCHARGE,urn:ioos:sensor:GOA_RUNOFF_DISCHARGE:q,58.069320239858385,-154.46915010358515,1992-07-22T00:00:00Z,0.12701271901004552
urn:ioos:station:GOA_RUNOFF_DISCHARGE,urn:ioos:sensor:GOA_RUNOFF_DISCHARGE:q,58.069320239858385,-154.46915010358515,1992-07-23T00:00:00Z,1.2782752296502757
urn:ioos:station:GOA_RUNOFF_DISCHARGE,urn:ioos:sensor:GOA_RUNOFF_DISCHARGE:q,58.069320239858385,-154.46915010358515,1992-07-24T00:00:00Z,0.9609748004542761
urn:ioos:station:GOA_RUNOFF_DISCHARGE,urn:ioos:sensor:GOA_RUNOFF_DISCHARGE:q,58.069320239858385,-154.46915010358515,1992-07-25T00:00:00Z,0.6857874689913463
urn:ioos:station:GOA_RUNOFF_DISCHARGE,urn:ioos:sensor:GOA_RUNOFF_DISCHARGE:q,58.069320239858385,-154.46915010358515,1992-07-26T00:00:00Z,0.48595785231331706
urn:ioos:station:GOA_RUNOFF_DISCHARGE,urn:ioos:sensor:GOA_RUNOFF_DISCHARGE:q,58.069320239858385,-154.46915010358515,1992-07-27T00:00:00Z,0.3440148007547711
urn:ioos:station:GOA_RUNOFF_DISCHARGE,urn:ioos:sensor:GOA_RUNOFF_DISCHARGE:q,58.069320239858385,-154.46915010358515,1992-07-28T00:00:00Z,0.24349775559505757
urn:ioos:station:GOA_RUNOFF_DISCHARGE,urn:ioos:sensor:GOA_RUNOFF_DISCHARGE:q,58.069320239858385,-154.46915010358515,1992-07-29T00:00:00Z,1.3902166194840921
urn:ioos:station:GOA_RUNOFF_DISCHARGE,urn:ioos:sensor:GOA_RUNOFF_DISCHARGE:q,58.069320239858385,-154.46915010358515,1992-07-30T00:00:00Z,1.041600993849526
urn:ioos:station:GOA_RUNOFF_DISCHARGE,urn:ioos:sensor:GOA_RUNOFF_DISCHARGE:q,58.069320239858385,-154.46915010358515,1992-07-31T00:00:00Z,0.7429936193138978
urn:ioos:station:GOA_RUNOFF_DISCHARGE,urn:ioos:sensor:GOA_RUNOFF_DISCHARGE:q,58.069320239858385,-154.46915010358515,1992-08-01T00:00:00Z,0.5264620361131354
urn:ioos:station:GOA_RUNOFF_DISCHARGE,urn:ioos:sensor:GOA_RUNOFF_DISCHARGE:q,58.069320239858385,-154.46915010358515,1992-08-02T00:00:00Z,0.372684904403873
urn:ioos:station:GOA_RUNOFF_DISCHARGE,urn:ioos:sensor:GOA_RUNOFF_DISCHARGE:q,58.069320239858385,-154.46915010358515,1992-08-03T00:00:00Z,0.2637904329483413
urn:ioos:station:GOA_RUNOFF_DISCHARGE,urn:ioos:sensor:GOA_RUNOFF_DISCHARGE:q,58.069320239858385,-154.46915010358515,1992-08-04T00:00:00Z,1.4275243206031774
urn:ioos:station:GOA_RUNOFF_DISCHARGE,urn:ioos:sensor:GOA_RUNOFF_DISCHARGE:q,58.069320239858385,-154.46915010358515,1992-08-05T00:00:00Z,4.467933502576705
urn:ioos:station:GOA_RUNOFF_DISCHARGE,urn:ioos:sensor:GOA_RUNOFF_DISCHARGE:q,58.069320239858385,-154.46915010358515,1992-08-06T00:00:00Z,3.329028325142672
urn:ioos:station:GOA_RUNOFF_DISCHARGE,urn:ioos:sensor:GOA_RUNOFF_DISCHARGE:q,58.069320239858385,-154.46915010358515,1992-08-07T00:00:00Z,3.2851084182794663
urn:ioos:station:GOA_RUNOFF_DISCHARGE,urn:ioos:sensor:GOA_RUNOFF_DISCHARGE:q,58.069320239858385,-154.46915010358515,1992-08-08T00:00:00Z,4.557183611473864
urn:ioos:station:GOA_RUNOFF_DISCHARGE,urn:ioos:sensor:GOA_RUNOFF_DISCHARGE:q,58.069320239858385,-154.46915010358515,1992-08-09T00:00:00Z,3.333494961489429
urn:ioos:station:GOA_RUNOFF_DISCHARGE,urn:ioos:sensor:GOA_RUNOFF_DISCHARGE:q,58.069320239858385,-154.46915010358515,1992-08-10T00:00:00Z,2.3702115262586725
urn:ioos:station:GOA_RUNOFF_DISCHARGE,urn:ioos:sensor:GOA_RUNOFF_DISCHARGE:q,58.069320239858385,-154.46915010358515,1992-08-11T00:00:00Z,1.6787015741201992
urn:ioos:station:GOA_RUNOFF_DISCHARGE,urn:ioos:sensor:GOA_RUNOFF_DISCHARGE:q,58.069320239858385,-154.46915010358515,1992-08-12T00:00:00Z,1.6127802732490117
urn:ioos:station:GOA_RUNOFF_DISCHARGE,urn:ioos:sensor:GOA_RUNOFF_DISCHARGE:q,58.069320239858385,-154.46915010358515,1992-08-13T00:00:00Z,3.3449596613914823
urn:ioos:station:GOA_RUNOFF_DISCHARGE,urn:ioos:sensor:GOA_RUNOFF_DISCHARGE:q,58.069320239858385,-154.46915010358515,1992-08-14T00:00:00Z,2.534533804635871
urn:ioos:station:GOA_RUNOFF_DISCHARGE,urn:ioos:sensor:GOA_RUNOFF_DISCHARGE:q,58.069320239858385,-154.46915010358515,1992-08-15T00:00:00Z,1.8073644338591244
urn:ioos:station:GOA_RUNOFF_DISCHARGE,urn:ioos:sensor:GOA_RUNOFF_DISCHARGE:q,58.069320239858385,-154.46915010358515,1992-08-16T00:00:00Z,3.438232005787751
urn:ioos:station:GOA_RUNOFF_DISCHARGE,urn:ioos:sensor:GOA_RUNOFF_DISCHARGE:q,58.069320239858385,-154.46915010358515,1992-08-17T00:00:00Z,4.587831746190109
urn:ioos:station:GOA_RUNOFF_DISCHARGE,urn:ioos:sensor:GOA_RUNOFF_DISCHARGE:q,58.069320239858385,-154.46915010358515,1992-08-18T00:00:00Z,3.3545259882232097
urn:ioos:station:GOA_RUNOFF_DISCHARGE,urn:ioos:sensor:GOA_RUNOFF_DISCHARGE:q,58.069320239858385,-154.46915010358515,1992-08-19T00:00:00Z,2.385031465716207
urn:ioos:station:GOA_RUNOFF_DISCHARGE,urn:ioos:sensor:GOA_RUNOFF_DISCHARGE:q,58.069320239858385,-154.46915010358515,1992-08-20T00:00:00Z,1.6891845928129128
urn:ioos:station:GOA_RUNOFF_DISCHARGE,urn:ioos:sensor:GOA_RUNOFF_DISCHARGE:q,58.069320239858385,-154.46915010358515,1992-08-21T00:00:00Z,4.107428641357623
urn:ioos:station:GOA_RUNOFF_DISCHARGE,urn:ioos:sensor:GOA_RUNOFF_DISCHARGE:q,58.069320239858385,-154.46915010358515,1992-08-22T00:00:00Z,3.044970671195108
urn:ioos:station:GOA_RUNOFF_DISCHARGE,urn:ioos:sensor:GOA_RUNOFF_DISCHARGE:q,58.069320239858385,-154.46915010358515,1992-08-23T00:00:00Z,2.842719346167906
urn:ioos:station:GOA_RUNOFF_DISCHARGE,urn:ioos:sensor:GOA_RUNOFF_DISCHARGE:q,58.069320239858385,-154.46915010358515,1992-08-24T00:00:00Z,6.338251171136564
urn:ioos:station:GOA_RUNOFF_DISCHARGE,urn:ioos:sensor:GOA_RUNOFF_DISCHARGE:q,58.069320239858385,-154.46915010358515,1992-08-25T00:00:00Z,4.6925851036042125
urn:ioos:station:GOA_RUNOFF_DISCHARGE,urn:ioos:sensor:GOA_RUNOFF_DISCHARGE:q,58.069320239858385,-154.46915010358515,1992-08-26T00:00:00Z,4.520956917390043
urn:ioos:station:GOA_RUNOFF_DISCHARGE,urn:ioos:sensor:GOA_RUNOFF_DISCHARGE:q,58.069320239858385,-154.46915010358515,1992-08-27T00:00:00Z,3.257742114097687
urn:ioos:station:GOA_RUNOFF_DISCHARGE,urn:ioos:sensor:GOA_RUNOFF_DISCHARGE:q,58.069320239858385,-154.46915010358515,1992-08-28T00:00:00Z,2.3115900815847303
urn:ioos:station:GOA_RUNOFF_DISCHARGE,urn:ioos:sensor:GOA_RUNOFF_DISCHARGE:q,58.069320239858385,-154.46915010358515,1992-08-29T00:00:00Z,2.187376229502928
urn:ioos:station:GOA_RUNOFF_DISCHARGE,urn:ioos:sensor:GOA_RUNOFF_DISCHARGE:q,58.069320239858385,-154.46915010358515,1992-08-30T00:00:00Z,1.5743222343525924
urn:ioos:station:GOA_RUNOFF_DISCHARGE,urn:ioos:sensor:GOA_RUNOFF_DISCHARGE:q,58.069320239858385,-154.46915010358515,1992-08-31T00:00:00Z,3.0632753026752897
urn:ioos:station:GOA_RUNOFF_DISCHARGE,urn:ioos:sensor:GOA_RUNOFF_DISCHARGE:q,58.069320239858385,-154.46915010358515,1992-09-01T00:00:00Z,3.017041564518883
urn:ioos:station:GOA_RUNOFF_DISCHARGE,urn:ioos:sensor:GOA_RUNOFF_DISCHARGE:q,58.069320239858385,-154.46915010358515,1992-09-02T00:00:00Z,2.141137623723264
urn:ioos:station:GOA_RUNOFF_DISCHARGE,urn:ioos:sensor:GOA_RUNOFF_DISCHARGE:q,58.069320239858385,-154.46915010358515,1992-09-03T00:00:00Z,1.516055994619044
urn:ioos:station:GOA_RUNOFF_DISCHARGE,urn:ioos:sensor:GOA_RUNOFF_DISCHARGE:q,58.069320239858385,-154.46915010358515,1992-09-04T00:00:00Z,1.149213487919027
urn:ioos:station:GOA_RUNOFF_DISCHARGE,urn:ioos:sensor:GOA_RUNOFF_DISCHARGE:q,58.069320239858385,-154.46915010358515,1992-09-05T00:00:00Z,0.8170137901621383
urn:ioos:station:GOA_RUNOFF_DISCHARGE,urn:ioos:sensor:GOA_RUNOFF_DISCHARGE:q,58.069320239858385,-154.46915010358515,1992-09-06T00:00:00Z,0.5786388462625226
urn:ioos:station:GOA_RUNOFF_DISCHARGE,urn:ioos:sensor:GOA_RUNOFF_DISCHARGE:q,58.069320239858385,-154.46915010358515,1992-09-07T00:00:00Z,0.409593953756059
urn:ioos:station:GOA_RUNOFF_DISCHARGE,urn:ioos:sensor:GOA_RUNOFF_DISCHARGE:q,58.069320239858385,-154.46915010358515,1992-09-08T00:00:00Z,0.289912352266948
urn:ioos:station:GOA_RUNOFF_DISCHARGE,urn:ioos:sensor:GOA_RUNOFF_DISCHARGE:q,58.069320239858385,-154.46915010358515,1992-09-09T00:00:00Z,0.2051990491369473
urn:ioos:station:GOA_RUNOFF_DISCHARGE,urn:ioos:sensor:GOA_RUNOFF_DISCHARGE:q,58.069320239858385,-154.46915010358515,1992-09-10T00:00:00Z,0.14523900806726245
urn:ioos:station:GOA_RUNOFF_DISCHARGE,urn:ioos:sensor:GOA_RUNOFF_DISCHARGE:q,58.069320239858385,-154.46915010358515,1992-09-11T00:00:00Z,0.10279952468352307
urn:ioos:station:GOA_RUNOFF_DISCHARGE,urn:ioos:sensor:GOA_RUNOFF_DISCHARGE:q,58.069320239858385,-154.46915010358515,1992-09-12T00:00:00Z,0.07276105155791077
urn:ioos:station:GOA_RUNOFF_DISCHARGE,urn:ioos:sensor:GOA_RUNOFF_DISCHARGE:q,58.069320239858385,-154.46915010358515,1992-09-13T00:00:00Z,0.05149994740185936
urn:ioos:station:GOA_RUNOFF_DISCHARGE,urn:ioos:sensor:GOA_RUNOFF_DISCHARGE:q,58.069320239858385,-154.46915010358515,1992-09-14T00:00:00Z,0.03645143109848049
urn:ioos:station:GOA_RUNOFF_DISCHARGE,urn:ioos:sensor:GOA_RUNOFF_DISCHARGE:q,58.069320239858385,-154.46915010358515,1992-09-15T00:00:00Z,0.02580016284343345
urn:ioos:station:GOA_RUNOFF_DISCHARGE,urn:ioos:sensor:GOA_RUNOFF_DISCHARGE:q,58.069320239858385,-154.46915010358515,1992-09-16T00:00:00Z,0.0182612401544479
urn:ioos:station:GOA_RUNOFF_DISCHARGE,urn:ioos:sensor:GOA_RUNOFF_DISCHARGE:q,58.069320239858385,-154.46915010358515,1992-09-17T00:00:00Z,1.0782334109097074
urn:ioos:station:GOA_RUNOFF_DISCHARGE,urn:ioos:sensor:GOA_RUNOFF_DISCHARGE:q,58.069320239858385,-154.46915010358515,1992-09-18T00:00:00Z,0.896844850720448
urn:ioos:station:GOA_RUNOFF_DISCHARGE,urn:ioos:sensor:GOA_RUNOFF_DISCHARGE:q,58.069320239858385,-154.46915010358515,1992-09-19T00:00:00Z,0.6437548185994064
urn:ioos:station:GOA_RUNOFF_DISCHARGE,urn:ioos:sensor:GOA_RUNOFF_DISCHARGE:q,58.069320239858385,-154.46915010358515,1992-09-20T00:00:00Z,0.45654273919108584
urn:ioos:station:GOA_RUNOFF_DISCHARGE,urn:ioos:sensor:GOA_RUNOFF_DISCHARGE:q,58.069320239858385,-154.46915010358515,1992-09-21T00:00:00Z,0.3232284049790134
urn:ioos:station:GOA_RUNOFF_DISCHARGE,urn:ioos:sensor:GOA_RUNOFF_DISCHARGE:q,58.069320239858385,-154.46915010358515,1992-09-22T00:00:00Z,0.2287885710112985
urn:ioos:station:GOA_RUNOFF_DISCHARGE,urn:ioos:sensor:GOA_RUNOFF_DISCHARGE:q,58.069320239858385,-154.46915010358515,1992-09-23T00:00:00Z,0.16193641941552858
urn:ioos:station:GOA_RUNOFF_DISCHARGE,urn:ioos:sensor:GOA_RUNOFF_DISCHARGE:q,58.069320239858385,-154.46915010358515,1992-09-24T00:00:00Z,0.11461797417239483
urn:ioos:station:GOA_RUNOFF_DISCHARGE,urn:ioos:sensor:GOA_RUNOFF_DISCHARGE:q,58.069320239858385,-154.46915010358515,1992-09-25T00:00:00Z,0.08112610323717122
urn:ioos:station:GOA_RUNOFF_DISCHARGE,urn:ioos:sensor:GOA_RUNOFF_DISCHARGE:q,58.069320239858385,-154.46915010358515,1992-09-26T00:00:00Z,0.05742069986218487
urn:ioos:station:GOA_RUNOFF_DISCHARGE,urn:ioos:sensor:GOA_RUNOFF_DISCHARGE:q,58.069320239858385,-154.46915010358515,1992-09-27T00:00:00Z,1.3109463222807558
urn:ioos:station:GOA_RUNOFF_DISCHARGE,urn:ioos:sensor:GOA_RUNOFF_DISCHARGE:q,58.069320239858385,-154.46915010358515,1992-09-28T00:00:00Z,1.0169407593053126
urn:ioos:station:GOA_RUNOFF_DISCHARGE,urn:ioos:sensor:GOA_RUNOFF_DISCHARGE:q,58.069320239858385,-154.46915010358515,1992-09-29T00:00:00Z,0.7271571359399108
urn:ioos:station:GOA_RUNOFF_DISCHARGE,urn:ioos:sensor:GOA_RUNOFF_DISCHARGE:q,58.069320239858385,-154.46915010358515,1992-09-30T00:00:00Z,2.2228669915732073
urn:ioos:station:GOA_RUNOFF_DISCHARGE,urn:ioos:sensor:GOA_RUNOFF_DISCHARGE:q,58.069320239858385,-154.46915010358515,1992-10-01T00:00:00Z,2.413383924058427
urn:ioos:station:GOA_RUNOFF_DISCHARGE,urn:ioos:sensor:GOA_RUNOFF_DISCHARGE:q,58.069320239858385,-154.46915010358515,1992-10-02T00:00:00Z,1.752170059073054
urn:ioos:station:GOA_RUNOFF_DISCHARGE,urn:ioos:sensor:GOA_RUNOFF_DISCHARGE:q,58.069320239858385,-154.46915010358515,1992-10-03T00:00:00Z,1.2677760293991662
urn:ioos:station:GOA_RUNOFF_DISCHARGE,urn:ioos:sensor:GOA_RUNOFF_DISCHARGE:q,58.069320239858385,-154.46915010358515,1992-10-04T00:00:00Z,0.8988628094540397
urn:ioos:station:GOA_RUNOFF_DISCHARGE,urn:ioos:sensor:GOA_RUNOFF_DISCHARGE:q,58.069320239858385,-154.46915010358515,1992-10-05T00:00:00Z,0.6363645166997461
urn:ioos:station:GOA_RUNOFF_DISCHARGE,urn:ioos:sensor:GOA_RUNOFF_DISCHARGE:q,58.069320239858385,-154.46915010358515,1992-10-06T00:00:00Z,1.8733844027693098
urn:ioos:station:GOA_RUNOFF_DISCHARGE,urn:ioos:sensor:GOA_RUNOFF_DISCHARGE:q,58.069320239858385,-154.46915010358515,1992-10-07T00:00:00Z,1.3932879582020292
urn:ioos:station:GOA_RUNOFF_DISCHARGE,urn:ioos:sensor:GOA_RUNOFF_DISCHARGE:q,58.069320239858385,-154.46915010358515,1992-10-08T00:00:00Z,1.008142924939996
urn:ioos:station:GOA_RUNOFF_DISCHARGE,urn:ioos:sensor:GOA_RUNOFF_DISCHARGE:q,58.069320239858385,-154.46915010358515,1992-10-09T00:00:00Z,0.7149520968519074
urn:ioos:station:GOA_RUNOFF_DISCHARGE,urn:ioos:sensor:GOA_RUNOFF_DISCHARGE:q,58.069320239858385,-154.46915010358515,1992-10-10T00:00:00Z,0.4617445182070727
urn:ioos:station:GOA_RUNOFF_DISCHARGE,urn:ioos:sensor:GOA_RUNOFF_DISCHARGE:q,58.069320239858385,-154.46915010358515,1992-10-11T00:00:00Z,0.3287081976395509
urn:ioos:station:GOA_RUNOFF_DISCHARGE,urn:ioos:sensor:GOA_RUNOFF_DISCHARGE:q,58.069320239858385,-154.46915010358515,1992-10-12T00:00:00Z,0.8787017717094529
urn:ioos:station:GOA_RUNOFF_DISCHARGE,urn:ioos:sensor:GOA_RUNOFF_DISCHARGE:q,58.069320239858385,-154.46915010358515,1992-10-13T00:00:00Z,0.6525125279621969
urn:ioos:station:GOA_RUNOFF_DISCHARGE,urn:ioos:sensor:GOA_RUNOFF_DISCHARGE:q,58.069320239858385,-154.46915010358515,1992-10-14T00:00:00Z,0.46489824473757324
urn:ioos:station:GOA_RUNOFF_DISCHARGE,urn:ioos:sensor:GOA_RUNOFF_DISCHARGE:q,58.069320239858385,-154.46915010358515,1992-10-15T00:00:00Z,0.4857291069095728
urn:ioos:station:GOA_RUNOFF_DISCHARGE,urn:ioos:sensor:GOA_RUNOFF_DISCHARGE:q,58.069320239858385,-154.46915010358515,1992-10-16T00:00:00Z,0.48057909572471375
urn:ioos:station:GOA_RUNOFF_DISCHARGE,urn:ioos:sensor:GOA_RUNOFF_DISCHARGE:q,58.069320239858385,-154.46915010358515,1992-10-17T00:00:00Z,0.34701263178365443
urn:ioos:station:GOA_RUNOFF_DISCHARGE,urn:ioos:sensor:GOA_RUNOFF_DISCHARGE:q,58.069320239858385,-154.46915010358515,1992-10-18T00:00:00Z,0.24629912211362226
urn:ioos:station:GOA_RUNOFF_DISCHARGE,urn:ioos:sensor:GOA_RUNOFF_DISCHARGE:q,58.069320239858385,-154.46915010358515,1992-10-19T00:00:00Z,0.1743978474028689
urn:ioos:station:GOA_RUNOFF_DISCHARGE,urn:ioos:sensor:GOA_RUNOFF_DISCHARGE:q,58.069320239858385,-154.46915010358515,1992-10-20T00:00:00Z,0.11248015021609328
urn:ioos:station:GOA_RUNOFF_DISCHARGE,urn:ioos:sensor:GOA_RUNOFF_DISCHARGE:q,58.069320239858385,-154.46915010358515,1992-10-21T00:00:00Z,0.08006760073713476
urn:ioos:station:GOA_RUNOFF_DISCHARGE,urn:ioos:sensor:GOA_RUNOFF_DISCHARGE:q,58.069320239858385,-154.46915010358515,1992-10-22T00:00:00Z,0.5103773697317214
urn:ioos:station:GOA_RUNOFF_DISCHARGE,urn:ioos:sensor:GOA_RUNOFF_DISCHARGE:q,58.069320239858385,-154.46915010358515,1992-10-23T00:00:00Z,0.5546340963907205
urn:ioos:station:GOA_RUNOFF_DISCHARGE,urn:ioos:sensor:GOA_RUNOFF_DISCHARGE:q,58.069320239858385,-154.46915010358515,1992-10-24T00:00:00Z,3.6897970904767283
urn:ioos:station:GOA_RUNOFF_DISCHARGE,urn:ioos:sensor:GOA_RUNOFF_DISCHARGE:q,58.069320239858385,-154.46915010358515,1992-10-25T00:00:00Z,4.478042372065537
urn:ioos:station:GOA_RUNOFF_DISCHARGE,urn:ioos:sensor:GOA_RUNOFF_DISCHARGE:q,58.069320239858385,-154.46915010358515,1992-10-26T00:00:00Z,3.7248742361275267
urn:ioos:station:GOA_RUNOFF_DISCHARGE,urn:ioos:sensor:GOA_RUNOFF_DISCHARGE:q,58.069320239858385,-154.46915010358515,1992-10-27T00:00:00Z,2.6677922269591776
urn:ioos:station:GOA_RUNOFF_DISCHARGE,urn:ioos:sensor:GOA_RUNOFF_DISCHARGE:q,58.069320239858385,-154.46915010358515,1992-10-28T00:00:00Z,2.5091524382839654
urn:ioos:station:GOA_RUNOFF_DISCHARGE,urn:ioos:sensor:GOA_RUNOFF_DISCHARGE:q,58.069320239858385,-154.46915010358515,1992-10-29T00:00:00Z,2.627688010500112
urn:ioos:station:GOA_RUNOFF_DISCHARGE,urn:ioos:sensor:GOA_RUNOFF_DISCHARGE:q,58.069320239858385,-154.46915010358515,1992-10-30T00:00:00Z,1.927918096366248
urn:ioos:station:GOA_RUNOFF_DISCHARGE,urn:ioos:sensor:GOA_RUNOFF_DISCHARGE:q,58.069320239858385,-154.46915010358515,1992-10-31T00:00:00Z,1.3699900661616105
urn:ioos:station:GOA_RUNOFF_DISCHARGE,urn:ioos:sensor:GOA_RUNOFF_DISCHARGE:q,58.069320239858385,-154.46915010358515,1992-11-01T00:00:00Z,0.9702139440686853
urn:ioos:station:GOA_RUNOFF_DISCHARGE,urn:ioos:sensor:GOA_RUNOFF_DISCHARGE:q,58.069320239858385,-154.46915010358515,1992-11-02T00:00:00Z,0.7253318429971362
urn:ioos:station:GOA_RUNOFF_DISCHARGE,urn:ioos:sensor:GOA_RUNOFF_DISCHARGE:q,58.069320239858385,-154.46915010358515,1992-11-03T00:00:00Z,0.47337563820156975
urn:ioos:station:GOA_RUNOFF_DISCHARGE,urn:ioos:sensor:GOA_RUNOFF_DISCHARGE:q,58.069320239858385,-154.46915010358515,1992-11-04T00:00:00Z,0.7369074457750235
urn:ioos:station:GOA_RUNOFF_DISCHARGE,urn:ioos:sensor:GOA_RUNOFF_DISCHARGE:q,58.069320239858385,-154.46915010358515,1992-11-05T00:00:00Z,1.1470843631948304
urn:ioos:station:GOA_RUNOFF_DISCHARGE,urn:ioos:sensor:GOA_RUNOFF_DISCHARGE:q,58.069320239858385,-154.46915010358515,1992-11-06T00:00:00Z,0.8763785998418931
urn:ioos:station:GOA_RUNOFF_DISCHARGE,urn:ioos:sensor:GOA_RUNOFF_DISCHARGE:q,58.069320239858385,-154.46915010358515,1992-11-07T00:00:00Z,0.7034518764558146
urn:ioos:station:GOA_RUNOFF_DISCHARGE,urn:ioos:sensor:GOA_RUNOFF_DISCHARGE:q,58.069320239858385,-154.46915010358515,1992-11-08T00:00:00Z,2.846043011950908
urn:ioos:station:GOA_RUNOFF_DISCHARGE,urn:ioos:sensor:GOA_RUNOFF_DISCHARGE:q,58.069320239858385,-154.46915010358515,1992-11-09T00:00:00Z,3.451244083656067
urn:ioos:station:GOA_RUNOFF_DISCHARGE,urn:ioos:sensor:GOA_RUNOFF_DISCHARGE:q,58.069320239858385,-154.46915010358515,1992-11-10T00:00:00Z,2.3152405359128942
urn:ioos:station:GOA_RUNOFF_DISCHARGE,urn:ioos:sensor:GOA_RUNOFF_DISCHARGE:q,58.069320239858385,-154.46915010358515,1992-11-11T00:00:00Z,1.5064529632768093
urn:ioos:station:GOA_RUNOFF_DISCHARGE,urn:ioos:sensor:GOA_RUNOFF_DISCHARGE:q,58.069320239858385,-154.46915010358515,1992-11-12T00:00:00Z,0.9781928337103164
urn:ioos:station:GOA_RUNOFF_DISCHARGE,urn:ioos:sensor:GOA_RUNOFF_DISCHARGE:q,58.069320239858385,-154.46915010358515,1992-11-13T00:00:00Z,0.6350626248145108
urn:ioos:station:GOA_RUNOFF_DISCHARGE,urn:ioos:sensor:GOA_RUNOFF_DISCHARGE:q,58.069320239858385,-154.46915010358515,1992-11-14T00:00:00Z,0.4122892027986811
urn:ioos:station:GOA_RUNOFF_DISCHARGE,urn:ioos:sensor:GOA_RUNOFF_DISCHARGE:q,58.069320239858385,-154.46915010358515,1992-11-15T00:00:00Z,0.29364032678441826
urn:ioos:station:GOA_RUNOFF_DISCHARGE,urn:ioos:sensor:GOA_RUNOFF_DISCHARGE:q,58.069320239858385,-154.46915010358515,1992-11-16T00:00:00Z,1.2708442107398554
urn:ioos:station:GOA_RUNOFF_DISCHARGE,urn:ioos:sensor:GOA_RUNOFF_DISCHARGE:q,58.069320239858385,-154.46915010358515,1992-11-17T00:00:00Z,4.687116526210774
urn:ioos:station:GOA_RUNOFF_DISCHARGE,urn:ioos:sensor:GOA_RUNOFF_DISCHARGE:q,58.069320239858385,-154.46915010358515,1992-11-18T00:00:00Z,3.690145191318314
urn:ioos:station:GOA_RUNOFF_DISCHARGE,urn:ioos:sensor:GOA_RUNOFF_DISCHARGE:q,58.069320239858385,-154.46915010358515,1992-11-19T00:00:00Z,2.4194710842776916
urn:ioos:station:GOA_RUNOFF_DISCHARGE,urn:ioos:sensor:GOA_RUNOFF_DISCHARGE:q,58.069320239858385,-154.46915010358515,1992-11-20T00:00:00Z,1.571695559597074
urn:ioos:station:GOA_RUNOFF_DISCHARGE,urn:ioos:sensor:GOA_RUNOFF_DISCHARGE:q,58.069320239858385,-154.46915010358515,1992-11-21T00:00:00Z,1.1321807532402253
urn:ioos:station:GOA_RUNOFF_DISCHARGE,urn:ioos:sensor:GOA_RUNOFF_DISCHARGE:q,58.069320239858385,-154.46915010358515,1992-11-22T00:00:00Z,4.54942751426429
urn:ioos:station:GOA_RUNOFF_DISCHARGE,urn:ioos:sensor:GOA_RUNOFF_DISCHARGE:q,58.069320239858385,-154.46915010358515,1992-11-23T00:00:00Z,8.968974210516262
urn:ioos:station:GOA_RUNOFF_DISCHARGE,urn:ioos:sensor:GOA_RUNOFF_DISCHARGE:q,58.069320239858385,-154.46915010358515,1992-11-24T00:00:00Z,8.047078991825401
urn:ioos:station:GOA_RUNOFF_DISCHARGE,urn:ioos:sensor:GOA_RUNOFF_DISCHARGE:q,58.069320239858385,-154.46915010358515,1992-11-25T00:00:00Z,5.46382185707312
urn:ioos:station:GOA_RUNOFF_DISCHARGE,urn:ioos:sensor:GOA_RUNOFF_DISCHARGE:q,58.069320239858385,-154.46915010358515,1992-11-26T00:00:00Z,4.972572898279177
urn:ioos:station:GOA_RUNOFF_DISCHARGE,urn:ioos:sensor:GOA_RUNOFF_DISCHARGE:q,58.069320239858385,-154.46915010358515,1992-11-27T00:00:00Z,5.8662101168304845
urn:ioos:station:GOA_RUNOFF_DISCHARGE,urn:ioos:sensor:GOA_RUNOFF_DISCHARGE:q,58.069320239858385,-154.46915010358515,1992-11-28T00:00:00Z,8.358227468789861
urn:ioos:station:GOA_RUNOFF_DISCHARGE,urn:ioos:sensor:GOA_RUNOFF_DISCHARGE:q,58.069320239858385,-154.46915010358515,1992-11-29T00:00:00Z,5.588284615727969
urn:ioos:station:GOA_RUNOFF_DISCHARGE,urn:ioos:sensor:GOA_RUNOFF_DISCHARGE:q,58.069320239858385,-154.46915010358515,1992-11-30T00:00:00Z,3.6370631019111177
urn:ioos:station:GOA_RUNOFF_DISCHARGE,urn:ioos:sensor:GOA_RUNOFF_DISCHARGE:q,58.069320239858385,-154.46915010358515,1992-12-01T00:00:00Z,5.980895004377993
urn:ioos:station:GOA_RUNOFF_DISCHARGE,urn:ioos:sensor:GOA_RUNOFF_DISCHARGE:q,58.069320239858385,-154.46915010358515,1992-12-02T00:00:00Z,7.50664651518116
urn:ioos:station:GOA_RUNOFF_DISCHARGE,urn:ioos:sensor:GOA_RUNOFF_DISCHARGE:q,58.069320239858385,-154.46915010358515,1992-12-03T00:00:00Z,4.975950765704935
urn:ioos:station:GOA_RUNOFF_DISCHARGE,urn:ioos:sensor:GOA_RUNOFF_DISCHARGE:q,58.069320239858385,-154.46915010358515,1992-12-04T00:00:00Z,5.269706830099098
urn:ioos:station:GOA_RUNOFF_DISCHARGE,urn:ioos:sensor:GOA_RUNOFF_DISCHARGE:q,58.069320239858385,-154.46915010358515,1992-12-05T00:00:00Z,8.063279494484599
urn:ioos:station:GOA_RUNOFF_DISCHARGE,urn:ioos:sensor:GOA_RUNOFF_DISCHARGE:q,58.069320239858385,-154.46915010358515,1992-12-06T00:00:00Z,7.726446806067202
urn:ioos:station:GOA_RUNOFF_DISCHARGE,urn:ioos:sensor:GOA_RUNOFF_DISCHARGE:q,58.069320239858385,-154.46915010358515,1992-12-07T00:00:00Z,5.087700344870939
urn:ioos:station:GOA_RUNOFF_DISCHARGE,urn:ioos:sensor:GOA_RUNOFF_DISCHARGE:q,58.069320239858385,-154.46915010358515,1992-12-08T00:00:00Z,3.30700325080533
urn:ioos:station:GOA_RUNOFF_DISCHARGE,urn:ioos:sensor:GOA_RUNOFF_DISCHARGE:q,58.069320239858385,-154.46915010358515,1992-12-09T00:00:00Z,2.147163346643579
urn:ioos:station:GOA_RUNOFF_DISCHARGE,urn:ioos:sensor:GOA_RUNOFF_DISCHARGE:q,58.069320239858385,-154.46915010358515,1992-12-10T00:00:00Z,1.393971135704053
urn:ioos:station:GOA_RUNOFF_DISCHARGE,urn:ioos:sensor:GOA_RUNOFF_DISCHARGE:q,58.069320239858385,-154.46915010358515,1992-12-11T00:00:00Z,0.9049798331997743
urn:ioos:station:GOA_RUNOFF_DISCHARGE,urn:ioos:sensor:GOA_RUNOFF_DISCHARGE:q,58.069320239858385,-154.46915010358515,1992-12-12T00:00:00Z,0.5875214035839922
urn:ioos:station:GOA_RUNOFF_DISCHARGE,urn:ioos:sensor:GOA_RUNOFF_DISCHARGE:q,58.069320239858385,-154.46915010358515,1992-12-13T00:00:00Z,0.38142442595814147
urn:ioos:station:GOA_RUNOFF_DISCHARGE,urn:ioos:sensor:GOA_RUNOFF_DISCHARGE:q,58.069320239858385,-154.46915010358515,1992-12-14T00:00:00Z,0.24762431610073435
urn:ioos:station:GOA_RUNOFF_DISCHARGE,urn:ioos:sensor:GOA_RUNOFF_DISCHARGE:q,58.069320239858385,-154.46915010358515,1992-12-15T00:00:00Z,0.160760033275899
urn:ioos:station:GOA_RUNOFF_DISCHARGE,urn:ioos:sensor:GOA_RUNOFF_DISCHARGE:q,58.069320239858385,-154.46915010358515,1992-12-16T00:00:00Z,0.1043669158170295
urn:ioos:station:GOA_RUNOFF_DISCHARGE,urn:ioos:sensor:GOA_RUNOFF_DISCHARGE:q,58.069320239858385,-154.46915010358515,1992-12-17T00:00:00Z,0.06775598783350836
urn:ioos:station:GOA_RUNOFF_DISCHARGE,urn:ioos:sensor:GOA_RUNOFF_DISCHARGE:q,58.069320239858385,-154.46915010358515,1992-12-18T00:00:00Z,0.04398782336338256
urn:ioos:station:GOA_RUNOFF_DISCHARGE,urn:ioos:sensor:GOA_RUNOFF_DISCHARGE:q,58.069320239858385,-154.46915010358515,1992-12-19T00:00:00Z,0.02855730552468545
urn:ioos:station:GOA_RUNOFF_DISCHARGE,urn:ioos:sensor:GOA_RUNOFF_DISCHARGE:q,58.069320239858385,-154.46915010358515,1992-12-20T00:00:00Z,0.018539671082580186
urn:ioos:station:GOA_RUNOFF_DISCHARGE,urn:ioos:sensor:GOA_RUNOFF_DISCHARGE:q,58.069320239858385,-154.46915010358515,1992-12-21T00:00:00Z,0.012036128655367104
urn:ioos:station:GOA_RUNOFF_DISCHARGE,urn:ioos:sensor:GOA_RUNOFF_DISCHARGE:q,58.069320239858385,-154.46915010358515,1992-12-22T00:00:00Z,0.00781396755613367
urn:ioos:station:GOA_RUNOFF_DISCHARGE,urn:ioos:sensor:GOA_RUNOFF_DISCHARGE:q,58.069320239858385,-154.46915010358515,1992-12-23T00:00:00Z,0.005072901084589911
urn:ioos:station:GOA_RUNOFF_DISCHARGE,urn:ioos:sensor:GOA_RUNOFF_DISCHARGE:q,58.069320239858385,-154.46915010358515,1992-12-24T00:00:00Z,0.003293374951977371
urn:ioos:station:GOA_RUNOFF_DISCHARGE,urn:ioos:sensor:GOA_RUNOFF_DISCHARGE:q,58.069320239858385,-154.46915010358515,1992-12-25T00:00:00Z,0.00213808989750041
urn:ioos:station:GOA_RUNOFF_DISCHARGE,urn:ioos:sensor:GOA_RUNOFF_DISCHARGE:q,58.069320239858385,-154.46915010358515,1992-12-26T00:00:00Z,0.0013880680109055697
urn:ioos:station:GOA_RUNOFF_DISCHARGE,urn:ioos:sensor:GOA_RUNOFF_DISCHARGE:q,58.069320239858385,-154.46915010358515,1992-12-27T00:00:00Z,9.011468270686865E-4
urn:ioos:station:GOA_RUNOFF_DISCHARGE,urn:ioos:sensor:GOA_RUNOFF_DISCHARGE:q,58.069320239858385,-154.46915010358515,1992-12-28T00:00:00Z,5.850329303756602E-4
urn:ioos:station:GOA_RUNOFF_DISCHARGE,urn:ioos:sensor:GOA_RUNOFF_DISCHARGE:q,58.069320239858385,-154.46915010358515,1992-12-29T00:00:00Z,3.7980883728622053E-4
urn:ioos:station:GOA_RUNOFF_DISCHARGE,urn:ioos:sensor:GOA_RUNOFF_DISCHARGE:q,58.069320239858385,-154.46915010358515,1992-12-30T00:00:00Z,2.465754763878712E-4
urn:ioos:station:GOA_RUNOFF_DISCHARGE,urn:ioos:sensor:GOA_RUNOFF_DISCHARGE:q,58.069320239858385,-154.46915010358515,1992-12-31T00:00:00Z,0.05810906976976092
urn:ioos:station:GOA_RUNOFF_DISCHARGE,urn:ioos:sensor:GOA_RUNOFF_DISCHARGE:q,58.069320239858385,-154.46915010358515,1993-01-01T00:00:00Z,7.167238985618065
urn:ioos:station:GOA_RUNOFF_DISCHARGE,urn:ioos:sensor:GOA_RUNOFF_DISCHARGE:q,58.069320239858385,-154.46915010358515,1993-01-02T00:00:00Z,4.847412359252533
urn:ioos:station:GOA_RUNOFF_DISCHARGE,urn:ioos:sensor:GOA_RUNOFF_DISCHARGE:q,58.069320239858385,-154.46915010358515,1993-01-03T00:00:00Z,3.1578968996155123
urn:ioos:station:GOA_RUNOFF_DISCHARGE,urn:ioos:sensor:GOA_RUNOFF_DISCHARGE:q,58.069320239858385,-154.46915010358515,1993-01-04T00:00:00Z,2.559897542298142
urn:ioos:station:GOA_RUNOFF_DISCHARGE,urn:ioos:sensor:GOA_RUNOFF_DISCHARGE:q,58.069320239858385,-154.46915010358515,1993-01-05T00:00:00Z,5.37988561408425
urn:ioos:station:GOA_RUNOFF_DISCHARGE,urn:ioos:sensor:GOA_RUNOFF_DISCHARGE:q,58.069320239858385,-154.46915010358515,1993-01-06T00:00:00Z,7.887355170295062
urn:ioos:station:GOA_RUNOFF_DISCHARGE,urn:ioos:sensor:GOA_RUNOFF_DISCHARGE:q,58.069320239858385,-154.46915010358515,1993-01-07T00:00:00Z,7.073678530547921
urn:ioos:station:GOA_RUNOFF_DISCHARGE,urn:ioos:sensor:GOA_RUNOFF_DISCHARGE:q,58.069320239858385,-154.46915010358515,1993-01-08T00:00:00Z,5.473213475697128
urn:ioos:station:GOA_RUNOFF_DISCHARGE,urn:ioos:sensor:GOA_RUNOFF_DISCHARGE:q,58.069320239858385,-154.46915010358515,1993-01-09T00:00:00Z,3.8720830035913303
urn:ioos:station:GOA_RUNOFF_DISCHARGE,urn:ioos:sensor:GOA_RUNOFF_DISCHARGE:q,58.069320239858385,-154.46915010358515,1993-01-10T00:00:00Z,2.522538928470934
urn:ioos:station:GOA_RUNOFF_DISCHARGE,urn:ioos:sensor:GOA_RUNOFF_DISCHARGE:q,58.069320239858385,-154.46915010358515,1993-01-11T00:00:00Z,1.63814690517376
urn:ioos:station:GOA_RUNOFF_DISCHARGE,urn:ioos:sensor:GOA_RUNOFF_DISCHARGE:q,58.069320239858385,-154.46915010358515,1993-01-12T00:00:00Z,1.1679105550796507
urn:ioos:station:GOA_RUNOFF_DISCHARGE,urn:ioos:sensor:GOA_RUNOFF_DISCHARGE:q,58.069320239858385,-154.46915010358515,1993-01-13T00:00:00Z,1.1828507379873778
urn:ioos:station:GOA_RUNOFF_DISCHARGE,urn:ioos:sensor:GOA_RUNOFF_DISCHARGE:q,58.069320239858385,-154.46915010358515,1993-01-14T00:00:00Z,1.5005359067567778
urn:ioos:station:GOA_RUNOFF_DISCHARGE,urn:ioos:sensor:GOA_RUNOFF_DISCHARGE:q,58.069320239858385,-154.46915010358515,1993-01-15T00:00:00Z,0.9944676662922263
urn:ioos:station:GOA_RUNOFF_DISCHARGE,urn:ioos:sensor:GOA_RUNOFF_DISCHARGE:q,58.069320239858385,-154.46915010358515,1993-01-16T00:00:00Z,1.0157323389423547
urn:ioos:station:GOA_RUNOFF_DISCHARGE,urn:ioos:sensor:GOA_RUNOFF_DISCHARGE:q,58.069320239858385,-154.46915010358515,1993-01-17T00:00:00Z,2.650520584068615
urn:ioos:station:GOA_RUNOFF_DISCHARGE,urn:ioos:sensor:GOA_RUNOFF_DISCHARGE:q,58.069320239858385,-154.46915010358515,1993-01-18T00:00:00Z,1.775306267086901
urn:ioos:station:GOA_RUNOFF_DISCHARGE,urn:ioos:sensor:GOA_RUNOFF_DISCHARGE:q,58.069320239858385,-154.46915010358515,1993-01-19T00:00:00Z,1.1556083608625805
urn:ioos:station:GOA_RUNOFF_DISCHARGE,urn:ioos:sensor:GOA_RUNOFF_DISCHARGE:q,58.069320239858385,-154.46915010358515,1993-01-20T00:00:00Z,0.7504036548213578
urn:ioos:station:GOA_RUNOFF_DISCHARGE,urn:ioos:sensor:GOA_RUNOFF_DISCHARGE:q,58.069320239858385,-154.46915010358515,1993-01-21T00:00:00Z,0.48717877062788123
urn:ioos:station:GOA_RUNOFF_DISCHARGE,urn:ioos:sensor:GOA_RUNOFF_DISCHARGE:q,58.069320239858385,-154.46915010358515,1993-01-22T00:00:00Z,0.31628155013595743
urn:ioos:station:GOA_RUNOFF_DISCHARGE,urn:ioos:sensor:GOA_RUNOFF_DISCHARGE:q,58.069320239858385,-154.46915010358515,1993-01-23T00:00:00Z,0.20533297455521424
urn:ioos:station:GOA_RUNOFF_DISCHARGE,urn:ioos:sensor:GOA_RUNOFF_DISCHARGE:q,58.069320239858385,-154.46915010358515,1993-01-24T00:00:00Z,0.13330409740302643
urn:ioos:station:GOA_RUNOFF_DISCHARGE,urn:ioos:sensor:GOA_RUNOFF_DISCHARGE:q,58.069320239858385,-154.46915010358515,1993-01-25T00:00:00Z,0.08654227145722805
urn:ioos:station:GOA_RUNOFF_DISCHARGE,urn:ioos:sensor:GOA_RUNOFF_DISCHARGE:q,58.069320239858385,-154.46915010358515,1993-01-26T00:00:00Z,0.056184052217737104
urn:ioos:station:GOA_RUNOFF_DISCHARGE,urn:ioos:sensor:GOA_RUNOFF_DISCHARGE:q,58.069320239858385,-154.46915010358515,1993-01-27T00:00:00Z,2.614024723574407
urn:ioos:station:GOA_RUNOFF_DISCHARGE,urn:ioos:sensor:GOA_RUNOFF_DISCHARGE:q,58.069320239858385,-154.46915010358515,1993-01-28T00:00:00Z,1.9087509746678366
urn:ioos:station:GOA_RUNOFF_DISCHARGE,urn:ioos:sensor:GOA_RUNOFF_DISCHARGE:q,58.069320239858385,-154.46915010358515,1993-01-29T00:00:00Z,1.2469782539095775
urn:ioos:station:GOA_RUNOFF_DISCHARGE,urn:ioos:sensor:GOA_RUNOFF_DISCHARGE:q,58.069320239858385,-154.46915010358515,1993-01-30T00:00:00Z,0.8099877706624594
urn:ioos:station:GOA_RUNOFF_DISCHARGE,urn:ioos:sensor:GOA_RUNOFF_DISCHARGE:q,58.069320239858385,-154.46915010358515,1993-01-31T00:00:00Z,0.5258762439656028
urn:ioos:station:GOA_RUNOFF_DISCHARGE,urn:ioos:sensor:GOA_RUNOFF_DISCHARGE:q,58.069320239858385,-154.46915010358515,1993-02-01T00:00:00Z,0.3414051626806532
urn:ioos:station:GOA_RUNOFF_DISCHARGE,urn:ioos:sensor:GOA_RUNOFF_DISCHARGE:q,58.069320239858385,-154.46915010358515,1993-02-02T00:00:00Z,0.22164352496724146
urn:ioos:station:GOA_RUNOFF_DISCHARGE,urn:ioos:sensor:GOA_RUNOFF_DISCHARGE:q,58.069320239858385,-154.46915010358515,1993-02-03T00:00:00Z,0.1438930609026144
urn:ioos:station:GOA_RUNOFF_DISCHARGE,urn:ioos:sensor:GOA_RUNOFF_DISCHARGE:q,58.069320239858385,-154.46915010358515,1993-02-04T00:00:00Z,0.09341672040433244
urn:ioos:station:GOA_RUNOFF_DISCHARGE,urn:ioos:sensor:GOA_RUNOFF_DISCHARGE:q,58.069320239858385,-154.46915010358515,1993-02-05T00:00:00Z,0.06064701318004176
urn:ioos:station:GOA_RUNOFF_DISCHARGE,urn:ioos:sensor:GOA_RUNOFF_DISCHARGE:q,58.069320239858385,-154.46915010358515,1993-02-06T00:00:00Z,0.03937260939456705
urn:ioos:station:GOA_RUNOFF_DISCHARGE,urn:ioos:sensor:GOA_RUNOFF_DISCHARGE:q,58.069320239858385,-154.46915010358515,1993-02-07T00:00:00Z,0.025561065517930984
urn:ioos:station:GOA_RUNOFF_DISCHARGE,urn:ioos:sensor:GOA_RUNOFF_DISCHARGE:q,58.069320239858385,-154.46915010358515,1993-02-08T00:00:00Z,0.016594482083333667
urn:ioos:station:GOA_RUNOFF_DISCHARGE,urn:ioos:sensor:GOA_RUNOFF_DISCHARGE:q,58.069320239858385,-154.46915010358515,1993-02-09T00:00:00Z,0.010773295952278106
urn:ioos:station:GOA_RUNOFF_DISCHARGE,urn:ioos:sensor:GOA_RUNOFF_DISCHARGE:q,58.069320239858385,-154.46915010358515,1993-02-10T00:00:00Z,5.625782680383628
urn:ioos:station:GOA_RUNOFF_DISCHARGE,urn:ioos:sensor:GOA_RUNOFF_DISCHARGE:q,58.069320239858385,-154.46915010358515,1993-02-11T00:00:00Z,7.309036797823206
urn:ioos:station:GOA_RUNOFF_DISCHARGE,urn:ioos:sensor:GOA_RUNOFF_DISCHARGE:q,58.069320239858385,-154.46915010358515,1993-02-12T00:00:00Z,12.91908995098712
urn:ioos:station:GOA_RUNOFF_DISCHARGE,urn:ioos:sensor:GOA_RUNOFF_DISCHARGE:q,58.069320239858385,-154.46915010358515,1993-02-13T00:00:00Z,11.543209139782544
urn:ioos:station:GOA_RUNOFF_DISCHARGE,urn:ioos:sensor:GOA_RUNOFF_DISCHARGE:q,58.069320239858385,-154.46915010358515,1993-02-14T00:00:00Z,10.39640552004801
urn:ioos:station:GOA_RUNOFF_DISCHARGE,urn:ioos:sensor:GOA_RUNOFF_DISCHARGE:q,58.069320239858385,-154.46915010358515,1993-02-15T00:00:00Z,7.514458918951655
urn:ioos:station:GOA_RUNOFF_DISCHARGE,urn:ioos:sensor:GOA_RUNOFF_DISCHARGE:q,58.069320239858385,-154.46915010358515,1993-02-16T00:00:00Z,5.52227543452338
urn:ioos:station:GOA_RUNOFF_DISCHARGE,urn:ioos:sensor:GOA_RUNOFF_DISCHARGE:q,58.069320239858385,-154.46915010358515,1993-02-17T00:00:00Z,4.576935637307456
urn:ioos:station:GOA_RUNOFF_DISCHARGE,urn:ioos:sensor:GOA_RUNOFF_DISCHARGE:q,58.069320239858385,-154.46915010358515,1993-02-18T00:00:00Z,3.271691143664331
urn:ioos:station:GOA_RUNOFF_DISCHARGE,urn:ioos:sensor:GOA_RUNOFF_DISCHARGE:q,58.069320239858385,-154.46915010358515,1993-02-19T00:00:00Z,2.113935897830534
urn:ioos:station:GOA_RUNOFF_DISCHARGE,urn:ioos:sensor:GOA_RUNOFF_DISCHARGE:q,58.069320239858385,-154.46915010358515,1993-02-20T00:00:00Z,1.5049768894133957
urn:ioos:station:GOA_RUNOFF_DISCHARGE,urn:ioos:sensor:GOA_RUNOFF_DISCHARGE:q,58.069320239858385,-154.46915010358515,1993-02-21T00:00:00Z,1.066088953997649
urn:ioos:station:GOA_RUNOFF_DISCHARGE,urn:ioos:sensor:GOA_RUNOFF_DISCHARGE:q,58.069320239858385,-154.46915010358515,1993-02-22T00:00:00Z,0.8804555632133001
urn:ioos:station:GOA_RUNOFF_DISCHARGE,urn:ioos:sensor:GOA_RUNOFF_DISCHARGE:q,58.069320239858385,-154.46915010358515,1993-02-23T00:00:00Z,3.5030719049515175
urn:ioos:station:GOA_RUNOFF_DISCHARGE,urn:ioos:sensor:GOA_RUNOFF_DISCHARGE:q,58.069320239858385,-154.46915010358515,1993-02-24T00:00:00Z,4.030799095550035
urn:ioos:station:GOA_RUNOFF_DISCHARGE,urn:ioos:sensor:GOA_RUNOFF_DISCHARGE:q,58.069320239858385,-154.46915010358515,1993-02-25T00:00:00Z,4.588783169200823
urn:ioos:station:GOA_RUNOFF_DISCHARGE,urn:ioos:sensor:GOA_RUNOFF_DISCHARGE:q,58.069320239858385,-154.46915010358515,1993-02-26T00:00:00Z,4.743301001878845
urn:ioos:station:GOA_RUNOFF_DISCHARGE,urn:ioos:sensor:GOA_RUNOFF_DISCHARGE:q,58.069320239858385,-154.46915010358515,1993-02-27T00:00:00Z,3.35624728505288
urn:ioos:station:GOA_RUNOFF_DISCHARGE,urn:ioos:sensor:GOA_RUNOFF_DISCHARGE:q,58.069320239858385,-154.46915010358515,1993-02-28T00:00:00Z,3.777501663211019
urn:ioos:station:GOA_RUNOFF_DISCHARGE,urn:ioos:sensor:GOA_RUNOFF_DISCHARGE:q,58.069320239858385,-154.46915010358515,1993-03-01T00:00:00Z,2.49622429402749
urn:ioos:station:GOA_RUNOFF_DISCHARGE,urn:ioos:sensor:GOA_RUNOFF_DISCHARGE:q,58.069320239858385,-154.46915010358515,1993-03-02T00:00:00Z,1.7094565334333336
urn:ioos:station:GOA_RUNOFF_DISCHARGE,urn:ioos:sensor:GOA_RUNOFF_DISCHARGE:q,58.069320239858385,-154.46915010358515,1993-03-03T00:00:00Z,1.308297151212346
urn:ioos:station:GOA_RUNOFF_DISCHARGE,urn:ioos:sensor:GOA_RUNOFF_DISCHARGE:q,58.069320239858385,-154.46915010358515,1993-03-04T00:00:00Z,0.9311921159974301
urn:ioos:station:GOA_RUNOFF_DISCHARGE,urn:ioos:sensor:GOA_RUNOFF_DISCHARGE:q,58.069320239858385,-154.46915010358515,1993-03-05T00:00:00Z,1.7065101742314612
urn:ioos:station:GOA_RUNOFF_DISCHARGE,urn:ioos:sensor:GOA_RUNOFF_DISCHARGE:q,58.069320239858385,-154.46915010358515,1993-03-06T00:00:00Z,2.3293600638509266
urn:ioos:station:GOA_RUNOFF_DISCHARGE,urn:ioos:sensor:GOA_RUNOFF_DISCHARGE:q,58.069320239858385,-154.46915010358515,1993-03-07T00:00:00Z,2.228408188643348
urn:ioos:station:GOA_RUNOFF_DISCHARGE,urn:ioos:sensor:GOA_RUNOFF_DISCHARGE:q,58.069320239858385,-154.46915010358515,1993-03-08T00:00:00Z,1.4672193935938638
urn:ioos:station:GOA_RUNOFF_DISCHARGE,urn:ioos:sensor:GOA_RUNOFF_DISCHARGE:q,58.069320239858385,-154.46915010358515,1993-03-09T00:00:00Z,1.485599012783684
urn:ioos:station:GOA_RUNOFF_DISCHARGE,urn:ioos:sensor:GOA_RUNOFF_DISCHARGE:q,58.069320239858385,-154.46915010358515,1993-03-10T00:00:00Z,2.216510401828785
urn:ioos:station:GOA_RUNOFF_DISCHARGE,urn:ioos:sensor:GOA_RUNOFF_DISCHARGE:q,58.069320239858385,-154.46915010358515,1993-03-11T00:00:00Z,3.870843996136283
urn:ioos:station:GOA_RUNOFF_DISCHARGE,urn:ioos:sensor:GOA_RUNOFF_DISCHARGE:q,58.069320239858385,-154.46915010358515,1993-03-12T00:00:00Z,3.054941931658884
urn:ioos:station:GOA_RUNOFF_DISCHARGE,urn:ioos:sensor:GOA_RUNOFF_DISCHARGE:q,58.069320239858385,-154.46915010358515,1993-03-13T00:00:00Z,2.1830323361966846
urn:ioos:station:GOA_RUNOFF_DISCHARGE,urn:ioos:sensor:GOA_RUNOFF_DISCHARGE:q,58.069320239858385,-154.46915010358515,1993-03-14T00:00:00Z,1.5472133879739058
urn:ioos:station:GOA_RUNOFF_DISCHARGE,urn:ioos:sensor:GOA_RUNOFF_DISCHARGE:q,58.069320239858385,-154.46915010358515,1993-03-15T00:00:00Z,1.0953178476409442
urn:ioos:station:GOA_RUNOFF_DISCHARGE,urn:ioos:sensor:GOA_RUNOFF_DISCHARGE:q,58.069320239858385,-154.46915010358515,1993-03-16T00:00:00Z,0.7752817483956796
urn:ioos:station:GOA_RUNOFF_DISCHARGE,urn:ioos:sensor:GOA_RUNOFF_DISCHARGE:q,58.069320239858385,-154.46915010358515,1993-03-17T00:00:00Z,0.548743022454292
urn:ioos:station:GOA_RUNOFF_DISCHARGE,urn:ioos:sensor:GOA_RUNOFF_DISCHARGE:q,58.069320239858385,-154.46915010358515,1993-03-18T00:00:00Z,0.44753921485380443
urn:ioos:station:GOA_RUNOFF_DISCHARGE,urn:ioos:sensor:GOA_RUNOFF_DISCHARGE:q,58.069320239858385,-154.46915010358515,1993-03-19T00:00:00Z,0.9785019935658442
urn:ioos:station:GOA_RUNOFF_DISCHARGE,urn:ioos:sensor:GOA_RUNOFF_DISCHARGE:q,58.069320239858385,-154.46915010358515,1993-03-20T00:00:00Z,3.22449782593932
urn:ioos:station:GOA_RUNOFF_DISCHARGE,urn:ioos:sensor:GOA_RUNOFF_DISCHARGE:q,58.069320239858385,-154.46915010358515,1993-03-21T00:00:00Z,4.435944534989166
urn:ioos:station:GOA_RUNOFF_DISCHARGE,urn:ioos:sensor:GOA_RUNOFF_DISCHARGE:q,58.069320239858385,-154.46915010358515,1993-03-22T00:00:00Z,2.9467049346812173
urn:ioos:station:GOA_RUNOFF_DISCHARGE,urn:ioos:sensor:GOA_RUNOFF_DISCHARGE:q,58.069320239858385,-154.46915010358515,1993-03-23T00:00:00Z,1.9167809743536688
urn:ioos:station:GOA_RUNOFF_DISCHARGE,urn:ioos:sensor:GOA_RUNOFF_DISCHARGE:q,58.069320239858385,-154.46915010358515,1993-03-24T00:00:00Z,1.2446028537600413
urn:ioos:station:GOA_RUNOFF_DISCHARGE,urn:ioos:sensor:GOA_RUNOFF_DISCHARGE:q,58.069320239858385,-154.46915010358515,1993-03-25T00:00:00Z,0.8864422135901715
urn:ioos:station:GOA_RUNOFF_DISCHARGE,urn:ioos:sensor:GOA_RUNOFF_DISCHARGE:q,58.069320239858385,-154.46915010358515,1993-03-26T00:00:00Z,2.079681775182366
urn:ioos:station:GOA_RUNOFF_DISCHARGE,urn:ioos:sensor:GOA_RUNOFF_DISCHARGE:q,58.069320239858385,-154.46915010358515,1993-03-27T00:00:00Z,3.513766204805073
urn:ioos:station:GOA_RUNOFF_DISCHARGE,urn:ioos:sensor:GOA_RUNOFF_DISCHARGE:q,58.069320239858385,-154.46915010358515,1993-03-28T00:00:00Z,4.164723724472657
urn:ioos:station:GOA_RUNOFF_DISCHARGE,urn:ioos:sensor:GOA_RUNOFF_DISCHARGE:q,58.069320239858385,-154.46915010358515,1993-03-29T00:00:00Z,4.670817618627349
urn:ioos:station:GOA_RUNOFF_DISCHARGE,urn:ioos:sensor:GOA_RUNOFF_DISCHARGE:q,58.069320239858385,-154.46915010358515,1993-03-30T00:00:00Z,3.391879865984546
urn:ioos:station:GOA_RUNOFF_DISCHARGE,urn:ioos:sensor:GOA_RUNOFF_DISCHARGE:q,58.069320239858385,-154.46915010358515,1993-03-31T00:00:00Z,4.943840765322891
urn:ioos:station:GOA_RUNOFF_DISCHARGE,urn:ioos:sensor:GOA_RUNOFF_DISCHARGE:q,58.069320239858385,-154.46915010358515,1993-04-01T00:00:00Z,7.919205739513233
urn:ioos:station:GOA_RUNOFF_DISCHARGE,urn:ioos:sensor:GOA_RUNOFF_DISCHARGE:q,58.069320239858385,-154.46915010358515,1993-04-02T00:00:00Z,5.82061337953385
urn:ioos:station:GOA_RUNOFF_DISCHARGE,urn:ioos:sensor:GOA_RUNOFF_DISCHARGE:q,58.069320239858385,-154.46915010358515,1993-04-03T00:00:00Z,5.191426502220377
urn:ioos:station:GOA_RUNOFF_DISCHARGE,urn:ioos:sensor:GOA_RUNOFF_DISCHARGE:q,58.069320239858385,-154.46915010358515,1993-04-04T00:00:00Z,3.7262926878561653
urn:ioos:station:GOA_RUNOFF_DISCHARGE,urn:ioos:sensor:GOA_RUNOFF_DISCHARGE:q,58.069320239858385,-154.46915010358515,1993-04-05T00:00:00Z,2.642628193407839
urn:ioos:station:GOA_RUNOFF_DISCHARGE,urn:ioos:sensor:GOA_RUNOFF_DISCHARGE:q,58.069320239858385,-154.46915010358515,1993-04-06T00:00:00Z,1.8709573005673388
urn:ioos:station:GOA_RUNOFF_DISCHARGE,urn:ioos:sensor:GOA_RUNOFF_DISCHARGE:q,58.069320239858385,-154.46915010358515,1993-04-07T00:00:00Z,1.3243070272201993
urn:ioos:station:GOA_RUNOFF_DISCHARGE,urn:ioos:sensor:GOA_RUNOFF_DISCHARGE:q,58.069320239858385,-154.46915010358515,1993-04-08T00:00:00Z,0.9373437393355066
urn:ioos:station:GOA_RUNOFF_DISCHARGE,urn:ioos:sensor:GOA_RUNOFF_DISCHARGE:q,58.069320239858385,-154.46915010358515,1993-04-09T00:00:00Z,0.6634482356178344
urn:ioos:station:GOA_RUNOFF_DISCHARGE,urn:ioos:sensor:GOA_RUNOFF_DISCHARGE:q,58.069320239858385,-154.46915010358515,1993-04-10T00:00:00Z,0.6531205861971967
urn:ioos:station:GOA_RUNOFF_DISCHARGE,urn:ioos:sensor:GOA_RUNOFF_DISCHARGE:q,58.069320239858385,-154.46915010358515,1993-04-11T00:00:00Z,0.5424719121209887
urn:ioos:station:GOA_RUNOFF_DISCHARGE,urn:ioos:sensor:GOA_RUNOFF_DISCHARGE:q,58.069320239858385,-154.46915010358515,1993-04-12T00:00:00Z,2.7112427370715224
urn:ioos:station:GOA_RUNOFF_DISCHARGE,urn:ioos:sensor:GOA_RUNOFF_DISCHARGE:q,58.069320239858385,-154.46915010358515,1993-04-13T00:00:00Z,2.029322002749824
urn:ioos:station:GOA_RUNOFF_DISCHARGE,urn:ioos:sensor:GOA_RUNOFF_DISCHARGE:q,58.069320239858385,-154.46915010358515,1993-04-14T00:00:00Z,1.4473612009503087
urn:ioos:station:GOA_RUNOFF_DISCHARGE,urn:ioos:sensor:GOA_RUNOFF_DISCHARGE:q,58.069320239858385,-154.46915010358515,1993-04-15T00:00:00Z,1.8293320176190762
urn:ioos:station:GOA_RUNOFF_DISCHARGE,urn:ioos:sensor:GOA_RUNOFF_DISCHARGE:q,58.069320239858385,-154.46915010358515,1993-04-16T00:00:00Z,2.7021242315794614
urn:ioos:station:GOA_RUNOFF_DISCHARGE,urn:ioos:sensor:GOA_RUNOFF_DISCHARGE:q,58.069320239858385,-154.46915010358515,1993-04-17T00:00:00Z,2.7436226932082652
urn:ioos:station:GOA_RUNOFF_DISCHARGE,urn:ioos:sensor:GOA_RUNOFF_DISCHARGE:q,58.069320239858385,-154.46915010358515,1993-04-18T00:00:00Z,2.91816671731091
urn:ioos:station:GOA_RUNOFF_DISCHARGE,urn:ioos:sensor:GOA_RUNOFF_DISCHARGE:q,58.069320239858385,-154.46915010358515,1993-04-19T00:00:00Z,2.549006169481361
urn:ioos:station:GOA_RUNOFF_DISCHARGE,urn:ioos:sensor:GOA_RUNOFF_DISCHARGE:q,58.069320239858385,-154.46915010358515,1993-04-20T00:00:00Z,1.8295944746028114
urn:ioos:station:GOA_RUNOFF_DISCHARGE,urn:ioos:sensor:GOA_RUNOFF_DISCHARGE:q,58.069320239858385,-154.46915010358515,1993-04-21T00:00:00Z,1.2975173390583257
urn:ioos:station:GOA_RUNOFF_DISCHARGE,urn:ioos:sensor:GOA_RUNOFF_DISCHARGE:q,58.069320239858385,-154.46915010358515,1993-04-22T00:00:00Z,0.9186304248377944
urn:ioos:station:GOA_RUNOFF_DISCHARGE,urn:ioos:sensor:GOA_RUNOFF_DISCHARGE:q,58.069320239858385,-154.46915010358515,1993-04-23T00:00:00Z,0.6502278366298465
urn:ioos:station:GOA_RUNOFF_DISCHARGE,urn:ioos:sensor:GOA_RUNOFF_DISCHARGE:q,58.069320239858385,-154.46915010358515,1993-04-24T00:00:00Z,0.46023091759949347
urn:ioos:station:GOA_RUNOFF_DISCHARGE,urn:ioos:sensor:GOA_RUNOFF_DISCHARGE:q,58.069320239858385,-154.46915010358515,1993-04-25T00:00:00Z,0.3257496364901889
urn:ioos:station:GOA_RUNOFF_DISCHARGE,urn:ioos:sensor:GOA_RUNOFF_DISCHARGE:q,58.069320239858385,-154.46915010358515,1993-04-26T00:00:00Z,0.23056416815176436
urn:ioos:station:GOA_RUNOFF_DISCHARGE,urn:ioos:sensor:GOA_RUNOFF_DISCHARGE:q,58.069320239858385,-154.46915010358515,1993-04-27T00:00:00Z,0.16319228266057126
urn:ioos:station:GOA_RUNOFF_DISCHARGE,urn:ioos:sensor:GOA_RUNOFF_DISCHARGE:q,58.069320239858385,-154.46915010358515,1993-04-28T00:00:00Z,0.5749944435740839
urn:ioos:station:GOA_RUNOFF_DISCHARGE,urn:ioos:sensor:GOA_RUNOFF_DISCHARGE:q,58.069320239858385,-154.46915010358515,1993-04-29T00:00:00Z,0.42871476725483393
urn:ioos:station:GOA_RUNOFF_DISCHARGE,urn:ioos:sensor:GOA_RUNOFF_DISCHARGE:q,58.069320239858385,-154.46915010358515,1993-04-30T00:00:00Z,0.3056129368618882
urn:ioos:station:GOA_RUNOFF_DISCHARGE,urn:ioos:sensor:GOA_RUNOFF_DISCHARGE:q,58.069320239858385,-154.46915010358515,1993-05-01T00:00:00Z,0.21652822848743658
urn:ioos:station:GOA_RUNOFF_DISCHARGE,urn:ioos:sensor:GOA_RUNOFF_DISCHARGE:q,58.069320239858385,-154.46915010358515,1993-05-02T00:00:00Z,0.15327936789718946
urn:ioos:station:GOA_RUNOFF_DISCHARGE,urn:ioos:sensor:GOA_RUNOFF_DISCHARGE:q,58.069320239858385,-154.46915010358515,1993-05-03T00:00:00Z,0.10849262119970161
urn:ioos:station:GOA_RUNOFF_DISCHARGE,urn:ioos:sensor:GOA_RUNOFF_DISCHARGE:q,58.069320239858385,-154.46915010358515,1993-05-04T00:00:00Z,2.0622459486749105
urn:ioos:station:GOA_RUNOFF_DISCHARGE,urn:ioos:sensor:GOA_RUNOFF_DISCHARGE:q,58.069320239858385,-154.46915010358515,1993-05-05T00:00:00Z,1.553571161734796
urn:ioos:station:GOA_RUNOFF_DISCHARGE,urn:ioos:sensor:GOA_RUNOFF_DISCHARGE:q,58.069320239858385,-154.46915010358515,1993-05-06T00:00:00Z,1.1089898173540806
urn:ioos:station:GOA_RUNOFF_DISCHARGE,urn:ioos:sensor:GOA_RUNOFF_DISCHARGE:q,58.069320239858385,-154.46915010358515,1993-05-07T00:00:00Z,0.7858746175051446
urn:ioos:station:GOA_RUNOFF_DISCHARGE,urn:ioos:sensor:GOA_RUNOFF_DISCHARGE:q,58.069320239858385,-154.46915010358515,1993-05-08T00:00:00Z,0.5563321075631874
urn:ioos:station:GOA_RUNOFF_DISCHARGE,urn:ioos:sensor:GOA_RUNOFF_DISCHARGE:q,58.069320239858385,-154.46915010358515,1993-05-09T00:00:00Z,0.39377874978914923
urn:ioos:station:GOA_RUNOFF_DISCHARGE,urn:ioos:sensor:GOA_RUNOFF_DISCHARGE:q,58.069320239858385,-154.46915010358515,1993-05-10T00:00:00Z,0.8636746293700219
urn:ioos:station:GOA_RUNOFF_DISCHARGE,urn:ioos:sensor:GOA_RUNOFF_DISCHARGE:q,58.069320239858385,-154.46915010358515,1993-05-11T00:00:00Z,3.2528305506737403
urn:ioos:station:GOA_RUNOFF_DISCHARGE,urn:ioos:sensor:GOA_RUNOFF_DISCHARGE:q,58.069320239858385,-154.46915010358515,1993-05-12T00:00:00Z,2.4287514053537094
urn:ioos:station:GOA_RUNOFF_DISCHARGE,urn:ioos:sensor:GOA_RUNOFF_DISCHARGE:q,58.069320239858385,-154.46915010358515,1993-05-13T00:00:00Z,2.7763696944500813
urn:ioos:station:GOA_RUNOFF_DISCHARGE,urn:ioos:sensor:GOA_RUNOFF_DISCHARGE:q,58.069320239858385,-154.46915010358515,1993-05-14T00:00:00Z,2.5447084528173685
urn:ioos:station:GOA_RUNOFF_DISCHARGE,urn:ioos:sensor:GOA_RUNOFF_DISCHARGE:q,58.069320239858385,-154.46915010358515,1993-05-15T00:00:00Z,1.8312151300327038
urn:ioos:station:GOA_RUNOFF_DISCHARGE,urn:ioos:sensor:GOA_RUNOFF_DISCHARGE:q,58.069320239858385,-154.46915010358515,1993-05-16T00:00:00Z,1.3596747831351939
urn:ioos:station:GOA_RUNOFF_DISCHARGE,urn:ioos:sensor:GOA_RUNOFF_DISCHARGE:q,58.069320239858385,-154.46915010358515,1993-05-17T00:00:00Z,0.9655358292250085
urn:ioos:station:GOA_RUNOFF_DISCHARGE,urn:ioos:sensor:GOA_RUNOFF_DISCHARGE:q,58.069320239858385,-154.46915010358515,1993-05-18T00:00:00Z,0.6837179397627048
urn:ioos:station:GOA_RUNOFF_DISCHARGE,urn:ioos:sensor:GOA_RUNOFF_DISCHARGE:q,58.069320239858385,-154.46915010358515,1993-05-19T00:00:00Z,0.48396406724927976
urn:ioos:station:GOA_RUNOFF_DISCHARGE,urn:ioos:sensor:GOA_RUNOFF_DISCHARGE:q,58.069320239858385,-154.46915010358515,1993-05-20T00:00:00Z,0.34255076439211535
urn:ioos:station:GOA_RUNOFF_DISCHARGE,urn:ioos:sensor:GOA_RUNOFF_DISCHARGE:q,58.069320239858385,-154.46915010358515,1993-05-21T00:00:00Z,0.2424562322200654
urn:ioos:station:GOA_RUNOFF_DISCHARGE,urn:ioos:sensor:GOA_RUNOFF_DISCHARGE:q,58.069320239858385,-154.46915010358515,1993-05-22T00:00:00Z,0.17160947217610567
urn:ioos:station:GOA_RUNOFF_DISCHARGE,urn:ioos:sensor:GOA_RUNOFF_DISCHARGE:q,58.069320239858385,-154.46915010358515,1993-05-23T00:00:00Z,0.6440307602151382
urn:ioos:station:GOA_RUNOFF_DISCHARGE,urn:ioos:sensor:GOA_RUNOFF_DISCHARGE:q,58.069320239858385,-154.46915010358515,1993-05-24T00:00:00Z,0.48056228926873773
urn:ioos:station:GOA_RUNOFF_DISCHARGE,urn:ioos:sensor:GOA_RUNOFF_DISCHARGE:q,58.069320239858385,-154.46915010358515,1993-05-25T00:00:00Z,2.498228702350393
urn:ioos:station:GOA_RUNOFF_DISCHARGE,urn:ioos:sensor:GOA_RUNOFF_DISCHARGE:q,58.069320239858385,-154.46915010358515,1993-05-26T00:00:00Z,2.0442532397553483
urn:ioos:station:GOA_RUNOFF_DISCHARGE,urn:ioos:sensor:GOA_RUNOFF_DISCHARGE:q,58.069320239858385,-154.46915010358515,1993-05-27T00:00:00Z,1.4653423328199615
urn:ioos:station:GOA_RUNOFF_DISCHARGE,urn:ioos:sensor:GOA_RUNOFF_DISCHARGE:q,58.069320239858385,-154.46915010358515,1993-05-28T00:00:00Z,1.039003195940088
urn:ioos:station:GOA_RUNOFF_DISCHARGE,urn:ioos:sensor:GOA_RUNOFF_DISCHARGE:q,58.069320239858385,-154.46915010358515,1993-05-29T00:00:00Z,0.7355856229459106
urn:ioos:station:GOA_RUNOFF_DISCHARGE,urn:ioos:sensor:GOA_RUNOFF_DISCHARGE:q,58.069320239858385,-154.46915010358515,1993-05-30T00:00:00Z,0.5206625918955899
urn:ioos:station:GOA_RUNOFF_DISCHARGE,urn:ioos:sensor:GOA_RUNOFF_DISCHARGE:q,58.069320239858385,-154.46915010358515,1993-05-31T00:00:00Z,0.36852450076081983
urn:ioos:station:GOA_RUNOFF_DISCHARGE,urn:ioos:sensor:GOA_RUNOFF_DISCHARGE:q,58.069320239858385,-154.46915010358515,1993-06-01T00:00:00Z,0.2608401928036015
urn:ioos:station:GOA_RUNOFF_DISCHARGE,urn:ioos:sensor:GOA_RUNOFF_DISCHARGE:q,58.069320239858385,-154.46915010358515,1993-06-02T00:00:00Z,0.184621550044422
urn:ioos:station:GOA_RUNOFF_DISCHARGE,urn:ioos:sensor:GOA_RUNOFF_DISCHARGE:q,58.069320239858385,-154.46915010358515,1993-06-03T00:00:00Z,1.1159177608229953
urn:ioos:station:GOA_RUNOFF_DISCHARGE,urn:ioos:sensor:GOA_RUNOFF_DISCHARGE:q,58.069320239858385,-154.46915010358515,1993-06-04T00:00:00Z,0.8364488942544689
urn:ioos:station:GOA_RUNOFF_DISCHARGE,urn:ioos:sensor:GOA_RUNOFF_DISCHARGE:q,58.069320239858385,-154.46915010358515,1993-06-05T00:00:00Z,0.5966889142020887
urn:ioos:station:GOA_RUNOFF_DISCHARGE,urn:ioos:sensor:GOA_RUNOFF_DISCHARGE:q,58.069320239858385,-154.46915010358515,1993-06-06T00:00:00Z,0.9235611298613068
urn:ioos:station:GOA_RUNOFF_DISCHARGE,urn:ioos:sensor:GOA_RUNOFF_DISCHARGE:q,58.069320239858385,-154.46915010358515,1993-06-07T00:00:00Z,1.1226058751784516
urn:ioos:station:GOA_RUNOFF_DISCHARGE,urn:ioos:sensor:GOA_RUNOFF_DISCHARGE:q,58.069320239858385,-154.46915010358515,1993-06-08T00:00:00Z,2.366642637509414
urn:ioos:station:GOA_RUNOFF_DISCHARGE,urn:ioos:sensor:GOA_RUNOFF_DISCHARGE:q,58.069320239858385,-154.46915010358515,1993-06-09T00:00:00Z,1.7506975372590445
urn:ioos:station:GOA_RUNOFF_DISCHARGE,urn:ioos:sensor:GOA_RUNOFF_DISCHARGE:q,58.069320239858385,-154.46915010358515,1993-06-10T00:00:00Z,1.2466851440550601
urn:ioos:station:GOA_RUNOFF_DISCHARGE,urn:ioos:sensor:GOA_RUNOFF_DISCHARGE:q,58.069320239858385,-154.46915010358515,1993-06-11T00:00:00Z,0.8831520949404291
urn:ioos:station:GOA_RUNOFF_DISCHARGE,urn:ioos:sensor:GOA_RUNOFF_DISCHARGE:q,58.069320239858385,-154.46915010358515,1993-06-12T00:00:00Z,0.625166417839066
urn:ioos:station:GOA_RUNOFF_DISCHARGE,urn:ioos:sensor:GOA_RUNOFF_DISCHARGE:q,58.069320239858385,-154.46915010358515,1993-06-13T00:00:00Z,0.4424975411757654
urn:ioos:station:GOA_RUNOFF_DISCHARGE,urn:ioos:sensor:GOA_RUNOFF_DISCHARGE:q,58.069320239858385,-154.46915010358515,1993-06-14T00:00:00Z,0.31319853570007233
urn:ioos:station:GOA_RUNOFF_DISCHARGE,urn:ioos:sensor:GOA_RUNOFF_DISCHARGE:q,58.069320239858385,-154.46915010358515,1993-06-15T00:00:00Z,0.2216806241499048
urn:ioos:station:GOA_RUNOFF_DISCHARGE,urn:ioos:sensor:GOA_RUNOFF_DISCHARGE:q,58.069320239858385,-154.46915010358515,1993-06-16T00:00:00Z,0.1569045467626967
urn:ioos:station:GOA_RUNOFF_DISCHARGE,urn:ioos:sensor:GOA_RUNOFF_DISCHARGE:q,58.069320239858385,-154.46915010358515,1993-06-17T00:00:00Z,0.11105635396867561
urn:ioos:station:GOA_RUNOFF_DISCHARGE,urn:ioos:sensor:GOA_RUNOFF_DISCHARGE:q,58.069320239858385,-154.46915010358515,1993-06-18T00:00:00Z,0.07860519239712244
urn:ioos:station:GOA_RUNOFF_DISCHARGE,urn:ioos:sensor:GOA_RUNOFF_DISCHARGE:q,58.069320239858385,-154.46915010358515,1993-06-19T00:00:00Z,0.055636403489613996
urn:ioos:station:GOA_RUNOFF_DISCHARGE,urn:ioos:sensor:GOA_RUNOFF_DISCHARGE:q,58.069320239858385,-154.46915010358515,1993-06-20T00:00:00Z,0.03937920370850677
urn:ioos:station:GOA_RUNOFF_DISCHARGE,urn:ioos:sensor:GOA_RUNOFF_DISCHARGE:q,58.069320239858385,-154.46915010358515,1993-06-21T00:00:00Z,0.027872425998988964
urn:ioos:station:GOA_RUNOFF_DISCHARGE,urn:ioos:sensor:GOA_RUNOFF_DISCHARGE:q,58.069320239858385,-154.46915010358515,1993-06-22T00:00:00Z,0.019727979610255405
urn:ioos:station:GOA_RUNOFF_DISCHARGE,urn:ioos:sensor:GOA_RUNOFF_DISCHARGE:q,58.069320239858385,-154.46915010358515,1993-06-23T00:00:00Z,0.013963375488397036
urn:ioos:station:GOA_RUNOFF_DISCHARGE,urn:ioos:sensor:GOA_RUNOFF_DISCHARGE:q,58.069320239858385,-154.46915010358515,1993-06-24T00:00:00Z,0.009883215683643337
urn:ioos:station:GOA_RUNOFF_DISCHARGE,urn:ioos:sensor:GOA_RUNOFF_DISCHARGE:q,58.069320239858385,-154.46915010358515,1993-06-25T00:00:00Z,0.006995295711243691
urn:ioos:station:GOA_RUNOFF_DISCHARGE,urn:ioos:sensor:GOA_RUNOFF_DISCHARGE:q,58.069320239858385,-154.46915010358515,1993-06-26T00:00:00Z,0.004951239281336798
urn:ioos:station:GOA_RUNOFF_DISCHARGE,urn:ioos:sensor:GOA_RUNOFF_DISCHARGE:q,58.069320239858385,-154.46915010358515,1993-06-27T00:00:00Z,0.0035044649434933617
urn:ioos:station:GOA_RUNOFF_DISCHARGE,urn:ioos:sensor:GOA_RUNOFF_DISCHARGE:q,58.069320239858385,-154.46915010358515,1993-06-28T00:00:00Z,0.00248044461055462
urn:ioos:station:GOA_RUNOFF_DISCHARGE,urn:ioos:sensor:GOA_RUNOFF_DISCHARGE:q,58.069320239858385,-154.46915010358515,1993-06-29T00:00:00Z,0.13483433179751345
urn:ioos:station:GOA_RUNOFF_DISCHARGE,urn:ioos:sensor:GOA_RUNOFF_DISCHARGE:q,58.069320239858385,-154.46915010358515,1993-06-30T00:00:00Z,0.10173047292565038
urn:ioos:station:GOA_RUNOFF_DISCHARGE,urn:ioos:sensor:GOA_RUNOFF_DISCHARGE:q,58.069320239858385,-154.46915010358515,1993-07-01T00:00:00Z,0.0726330133326374
urn:ioos:station:GOA_RUNOFF_DISCHARGE,urn:ioos:sensor:GOA_RUNOFF_DISCHARGE:q,58.069320239858385,-154.46915010358515,1993-07-02T00:00:00Z,2.994676545897846
urn:ioos:station:GOA_RUNOFF_DISCHARGE,urn:ioos:sensor:GOA_RUNOFF_DISCHARGE:q,58.069320239858385,-154.46915010358515,1993-07-03T00:00:00Z,2.8514623868822326
urn:ioos:station:GOA_RUNOFF_DISCHARGE,urn:ioos:sensor:GOA_RUNOFF_DISCHARGE:q,58.069320239858385,-154.46915010358515,1993-07-04T00:00:00Z,2.0601898382995727
urn:ioos:station:GOA_RUNOFF_DISCHARGE,urn:ioos:sensor:GOA_RUNOFF_DISCHARGE:q,58.069320239858385,-154.46915010358515,1993-07-05T00:00:00Z,1.4623809760761612
urn:ioos:station:GOA_RUNOFF_DISCHARGE,urn:ioos:sensor:GOA_RUNOFF_DISCHARGE:q,58.069320239858385,-154.46915010358515,1993-07-06T00:00:00Z,1.035484891005489
urn:ioos:station:GOA_RUNOFF_DISCHARGE,urn:ioos:sensor:GOA_RUNOFF_DISCHARGE:q,58.069320239858385,-154.46915010358515,1993-07-07T00:00:00Z,0.7329534227802084
urn:ioos:station:GOA_RUNOFF_DISCHARGE,urn:ioos:sensor:GOA_RUNOFF_DISCHARGE:q,58.069320239858385,-154.46915010358515,1993-07-08T00:00:00Z,0.5187853666749559
urn:ioos:station:GOA_RUNOFF_DISCHARGE,urn:ioos:sensor:GOA_RUNOFF_DISCHARGE:q,58.069320239858385,-154.46915010358515,1993-07-09T00:00:00Z,0.367194389816431
urn:ioos:station:GOA_RUNOFF_DISCHARGE,urn:ioos:sensor:GOA_RUNOFF_DISCHARGE:q,58.069320239858385,-154.46915010358515,1993-07-10T00:00:00Z,0.2598986037074414
urn:ioos:station:GOA_RUNOFF_DISCHARGE,urn:ioos:sensor:GOA_RUNOFF_DISCHARGE:q,58.069320239858385,-154.46915010358515,1993-07-11T00:00:00Z,0.18395508033033525
urn:ioos:station:GOA_RUNOFF_DISCHARGE,urn:ioos:sensor:GOA_RUNOFF_DISCHARGE:q,58.069320239858385,-154.46915010358515,1993-07-12T00:00:00Z,0.13020259093216574
urn:ioos:station:GOA_RUNOFF_DISCHARGE,urn:ioos:sensor:GOA_RUNOFF_DISCHARGE:q,58.069320239858385,-154.46915010358515,1993-07-13T00:00:00Z,0.09215681176969083
urn:ioos:station:GOA_RUNOFF_DISCHARGE,urn:ioos:sensor:GOA_RUNOFF_DISCHARGE:q,58.069320239858385,-154.46915010358515,1993-07-14T00:00:00Z,0.0652281784530663
urn:ioos:station:GOA_RUNOFF_DISCHARGE,urn:ioos:sensor:GOA_RUNOFF_DISCHARGE:q,58.069320239858385,-154.46915010358515,1993-07-15T00:00:00Z,0.04616821435617527
urn:ioos:station:GOA_RUNOFF_DISCHARGE,urn:ioos:sensor:GOA_RUNOFF_DISCHARGE:q,58.069320239858385,-154.46915010358515,1993-07-16T00:00:00Z,0.03267765611065776
urn:ioos:station:GOA_RUNOFF_DISCHARGE,urn:ioos:sensor:GOA_RUNOFF_DISCHARGE:q,58.069320239858385,-154.46915010358515,1993-07-17T00:00:00Z,0.023129099803870828
urn:ioos:station:GOA_RUNOFF_DISCHARGE,urn:ioos:sensor:GOA_RUNOFF_DISCHARGE:q,58.069320239858385,-154.46915010358515,1993-07-18T00:00:00Z,0.016370675220499706
urn:ioos:station:GOA_RUNOFF_DISCHARGE,urn:ioos:sensor:GOA_RUNOFF_DISCHARGE:q,58.069320239858385,-154.46915010358515,1993-07-19T00:00:00Z,0.011587091437678219
urn:ioos:station:GOA_RUNOFF_DISCHARGE,urn:ioos:sensor:GOA_RUNOFF_DISCHARGE:q,58.069320239858385,-154.46915010358515,1993-07-20T00:00:00Z,0.008201291512701417
urn:ioos:station:GOA_RUNOFF_DISCHARGE,urn:ioos:sensor:GOA_RUNOFF_DISCHARGE:q,58.069320239858385,-154.46915010358515,1993-07-21T00:00:00Z,0.005804837556448006
urn:ioos:station:GOA_RUNOFF_DISCHARGE,urn:ioos:sensor:GOA_RUNOFF_DISCHARGE:q,58.069320239858385,-154.46915010358515,1993-07-22T00:00:00Z,0.004108638381405602
urn:ioos:station:GOA_RUNOFF_DISCHARGE,urn:ioos:sensor:GOA_RUNOFF_DISCHARGE:q,58.069320239858385,-154.46915010358515,1993-07-23T00:00:00Z,0.0029080762596892713
urn:ioos:station:GOA_RUNOFF_DISCHARGE,urn:ioos:sensor:GOA_RUNOFF_DISCHARGE:q,58.069320239858385,-154.46915010358515,1993-07-24T00:00:00Z,0.0020583234686188125
urn:ioos:station:GOA_RUNOFF_DISCHARGE,urn:ioos:sensor:GOA_RUNOFF_DISCHARGE:q,58.069320239858385,-154.46915010358515,1993-07-25T00:00:00Z,2.8075606349382025
urn:ioos:station:GOA_RUNOFF_DISCHARGE,urn:ioos:sensor:GOA_RUNOFF_DISCHARGE:q,58.069320239858385,-154.46915010358515,1993-07-26T00:00:00Z,2.1199225482074056
urn:ioos:station:GOA_RUNOFF_DISCHARGE,urn:ioos:sensor:GOA_RUNOFF_DISCHARGE:q,58.069320239858385,-154.46915010358515,1993-07-27T00:00:00Z,1.513727560456071
urn:ioos:station:GOA_RUNOFF_DISCHARGE,urn:ioos:sensor:GOA_RUNOFF_DISCHARGE:q,58.069320239858385,-154.46915010358515,1993-07-28T00:00:00Z,1.0727333255224827
urn:ioos:station:GOA_RUNOFF_DISCHARGE,urn:ioos:sensor:GOA_RUNOFF_DISCHARGE:q,58.069320239858385,-154.46915010358515,1993-07-29T00:00:00Z,0.7594081000603365
urn:ioos:station:GOA_RUNOFF_DISCHARGE,urn:ioos:sensor:GOA_RUNOFF_DISCHARGE:q,58.069320239858385,-154.46915010358515,1993-07-30T00:00:00Z,0.5375188752313164
urn:ioos:station:GOA_RUNOFF_DISCHARGE,urn:ioos:sensor:GOA_RUNOFF_DISCHARGE:q,58.069320239858385,-154.46915010358515,1993-07-31T00:00:00Z,0.38045478224955953
urn:ioos:station:GOA_RUNOFF_DISCHARGE,urn:ioos:sensor:GOA_RUNOFF_DISCHARGE:q,58.069320239858385,-154.46915010358515,1993-08-01T00:00:00Z,0.2692843351384556
urn:ioos:station:GOA_RUNOFF_DISCHARGE,urn:ioos:sensor:GOA_RUNOFF_DISCHARGE:q,58.069320239858385,-154.46915010358515,1993-08-02T00:00:00Z,0.19059826783870096
urn:ioos:station:GOA_RUNOFF_DISCHARGE,urn:ioos:sensor:GOA_RUNOFF_DISCHARGE:q,58.069320239858385,-154.46915010358515,1993-08-03T00:00:00Z,0.13490460810828994
urn:ioos:station:GOA_RUNOFF_DISCHARGE,urn:ioos:sensor:GOA_RUNOFF_DISCHARGE:q,58.069320239858385,-154.46915010358515,1993-08-04T00:00:00Z,0.09548488472510124
urn:ioos:station:GOA_RUNOFF_DISCHARGE,urn:ioos:sensor:GOA_RUNOFF_DISCHARGE:q,58.069320239858385,-154.46915010358515,1993-08-05T00:00:00Z,0.06758377510494182
urn:ioos:station:GOA_RUNOFF_DISCHARGE,urn:ioos:sensor:GOA_RUNOFF_DISCHARGE:q,58.069320239858385,-154.46915010358515,1993-08-06T00:00:00Z,0.04783549865683082
urn:ioos:station:GOA_RUNOFF_DISCHARGE,urn:ioos:sensor:GOA_RUNOFF_DISCHARGE:q,58.069320239858385,-154.46915010358515,1993-08-07T00:00:00Z,0.033857752579670525
urn:ioos:station:GOA_RUNOFF_DISCHARGE,urn:ioos:sensor:GOA_RUNOFF_DISCHARGE:q,58.069320239858385,-154.46915010358515,1993-08-08T00:00:00Z,0.02396436792125793
urn:ioos:station:GOA_RUNOFF_DISCHARGE,urn:ioos:sensor:GOA_RUNOFF_DISCHARGE:q,58.069320239858385,-154.46915010358515,1993-08-09T00:00:00Z,0.01696187355433566
urn:ioos:station:GOA_RUNOFF_DISCHARGE,urn:ioos:sensor:GOA_RUNOFF_DISCHARGE:q,58.069320239858385,-154.46915010358515,1993-08-10T00:00:00Z,0.012005539507693506
urn:ioos:station:GOA_RUNOFF_DISCHARGE,urn:ioos:sensor:GOA_RUNOFF_DISCHARGE:q,58.069320239858385,-154.46915010358515,1993-08-11T00:00:00Z,0.00849746727097229
urn:ioos:station:GOA_RUNOFF_DISCHARGE,urn:ioos:sensor:GOA_RUNOFF_DISCHARGE:q,58.069320239858385,-154.46915010358515,1993-08-12T00:00:00Z,0.00601446962490859
urn:ioos:station:GOA_RUNOFF_DISCHARGE,urn:ioos:sensor:GOA_RUNOFF_DISCHARGE:q,58.069320239858385,-154.46915010358515,1993-08-13T00:00:00Z,0.004257015070113522
urn:ioos:station:GOA_RUNOFF_DISCHARGE,urn:ioos:sensor:GOA_RUNOFF_DISCHARGE:q,58.069320239858385,-154.46915010358515,1993-08-14T00:00:00Z,2.8307947216467357
urn:ioos:station:GOA_RUNOFF_DISCHARGE,urn:ioos:sensor:GOA_RUNOFF_DISCHARGE:q,58.069320239858385,-154.46915010358515,1993-08-15T00:00:00Z,2.137393237421974
urn:ioos:station:GOA_RUNOFF_DISCHARGE,urn:ioos:sensor:GOA_RUNOFF_DISCHARGE:q,58.069320239858385,-154.46915010358515,1993-08-16T00:00:00Z,1.526195385421273
urn:ioos:station:GOA_RUNOFF_DISCHARGE,urn:ioos:sensor:GOA_RUNOFF_DISCHARGE:q,58.069320239858385,-154.46915010358515,1993-08-17T00:00:00Z,1.081568127513077
urn:ioos:station:GOA_RUNOFF_DISCHARGE,urn:ioos:sensor:GOA_RUNOFF_DISCHARGE:q,58.069320239858385,-154.46915010358515,1993-08-18T00:00:00Z,4.253107133315256
urn:ioos:station:GOA_RUNOFF_DISCHARGE,urn:ioos:sensor:GOA_RUNOFF_DISCHARGE:q,58.069320239858385,-154.46915010358515,1993-08-19T00:00:00Z,5.772212891241042
urn:ioos:station:GOA_RUNOFF_DISCHARGE,urn:ioos:sensor:GOA_RUNOFF_DISCHARGE:q,58.069320239858385,-154.46915010358515,1993-08-20T00:00:00Z,4.224869393013044
urn:ioos:station:GOA_RUNOFF_DISCHARGE,urn:ioos:sensor:GOA_RUNOFF_DISCHARGE:q,58.069320239858385,-154.46915010358515,1993-08-21T00:00:00Z,3.004256028468107
urn:ioos:station:GOA_RUNOFF_DISCHARGE,urn:ioos:sensor:GOA_RUNOFF_DISCHARGE:q,58.069320239858385,-154.46915010358515,1993-08-22T00:00:00Z,2.12778849583373
urn:ioos:station:GOA_RUNOFF_DISCHARGE,urn:ioos:sensor:GOA_RUNOFF_DISCHARGE:q,58.069320239858385,-154.46915010358515,1993-08-23T00:00:00Z,1.5061780083414675
urn:ioos:station:GOA_RUNOFF_DISCHARGE,urn:ioos:sensor:GOA_RUNOFF_DISCHARGE:q,58.069320239858385,-154.46915010358515,1993-08-24T00:00:00Z,1.3235496513528489
urn:ioos:station:GOA_RUNOFF_DISCHARGE,urn:ioos:sensor:GOA_RUNOFF_DISCHARGE:q,58.069320239858385,-154.46915010358515,1993-08-25T00:00:00Z,2.8756521064378098
urn:ioos:station:GOA_RUNOFF_DISCHARGE,urn:ioos:sensor:GOA_RUNOFF_DISCHARGE:q,58.069320239858385,-154.46915010358515,1993-08-26T00:00:00Z,2.129054077880614
urn:ioos:station:GOA_RUNOFF_DISCHARGE,urn:ioos:sensor:GOA_RUNOFF_DISCHARGE:q,58.069320239858385,-154.46915010358515,1993-08-27T00:00:00Z,1.516220178235937
urn:ioos:station:GOA_RUNOFF_DISCHARGE,urn:ioos:sensor:GOA_RUNOFF_DISCHARGE:q,58.069320239858385,-154.46915010358515,1993-08-28T00:00:00Z,1.1515870462651685
urn:ioos:station:GOA_RUNOFF_DISCHARGE,urn:ioos:sensor:GOA_RUNOFF_DISCHARGE:q,58.069320239858385,-154.46915010358515,1993-08-29T00:00:00Z,3.3994941443327327
urn:ioos:station:GOA_RUNOFF_DISCHARGE,urn:ioos:sensor:GOA_RUNOFF_DISCHARGE:q,58.069320239858385,-154.46915010358515,1993-08-30T00:00:00Z,4.36239211642447
urn:ioos:station:GOA_RUNOFF_DISCHARGE,urn:ioos:sensor:GOA_RUNOFF_DISCHARGE:q,58.069320239858385,-154.46915010358515,1993-08-31T00:00:00Z,4.182095087861301
urn:ioos:station:GOA_RUNOFF_DISCHARGE,urn:ioos:sensor:GOA_RUNOFF_DISCHARGE:q,58.069320239858385,-154.46915010358515,1993-09-01T00:00:00Z,1.4694833646380248
urn:ioos:station:GOA_RUNOFF_DISCHARGE,urn:ioos:sensor:GOA_RUNOFF_DISCHARGE:q,58.069320239858385,-154.46915010358515,1993-09-02T00:00:00Z,1.091150241231044
urn:ioos:station:GOA_RUNOFF_DISCHARGE,urn:ioos:sensor:GOA_RUNOFF_DISCHARGE:q,58.069320239858385,-154.46915010358515,1993-09-03T00:00:00Z,0.7774097548821008
urn:ioos:station:GOA_RUNOFF_DISCHARGE,urn:ioos:sensor:GOA_RUNOFF_DISCHARGE:q,58.069320239858385,-154.46915010358515,1993-09-04T00:00:00Z,2.105887480110755
urn:ioos:station:GOA_RUNOFF_DISCHARGE,urn:ioos:sensor:GOA_RUNOFF_DISCHARGE:q,58.069320239858385,-154.46915010358515,1993-09-05T00:00:00Z,5.075530760498282
urn:ioos:station:GOA_RUNOFF_DISCHARGE,urn:ioos:sensor:GOA_RUNOFF_DISCHARGE:q,58.069320239858385,-154.46915010358515,1993-09-06T00:00:00Z,5.075501291643968
urn:ioos:station:GOA_RUNOFF_DISCHARGE,urn:ioos:sensor:GOA_RUNOFF_DISCHARGE:q,58.069320239858385,-154.46915010358515,1993-09-07T00:00:00Z,4.9907309748321
urn:ioos:station:GOA_RUNOFF_DISCHARGE,urn:ioos:sensor:GOA_RUNOFF_DISCHARGE:q,58.069320239858385,-154.46915010358515,1993-09-08T00:00:00Z,3.602731097290834
urn:ioos:station:GOA_RUNOFF_DISCHARGE,urn:ioos:sensor:GOA_RUNOFF_DISCHARGE:q,58.069320239858385,-154.46915010358515,1993-09-09T00:00:00Z,2.557018277362788
urn:ioos:station:GOA_RUNOFF_DISCHARGE,urn:ioos:sensor:GOA_RUNOFF_DISCHARGE:q,58.069320239858385,-154.46915010358515,1993-09-10T00:00:00Z,1.8105474647972073
urn:ioos:station:GOA_RUNOFF_DISCHARGE,urn:ioos:sensor:GOA_RUNOFF_DISCHARGE:q,58.069320239858385,-154.46915010358515,1993-09-11T00:00:00Z,5.028339547691436
urn:ioos:station:GOA_RUNOFF_DISCHARGE,urn:ioos:sensor:GOA_RUNOFF_DISCHARGE:q,58.069320239858385,-154.46915010358515,1993-09-12T00:00:00Z,4.289034139675293
urn:ioos:station:GOA_RUNOFF_DISCHARGE,urn:ioos:sensor:GOA_RUNOFF_DISCHARGE:q,58.069320239858385,-154.46915010358515,1993-09-13T00:00:00Z,3.079607099605048
urn:ioos:station:GOA_RUNOFF_DISCHARGE,urn:ioos:sensor:GOA_RUNOFF_DISCHARGE:q,58.069320239858385,-154.46915010358515,1993-09-14T00:00:00Z,2.1841108436416277
urn:ioos:station:GOA_RUNOFF_DISCHARGE,urn:ioos:sensor:GOA_RUNOFF_DISCHARGE:q,58.069320239858385,-154.46915010358515,1993-09-15T00:00:00Z,1.893258908528646
urn:ioos:station:GOA_RUNOFF_DISCHARGE,urn:ioos:sensor:GOA_RUNOFF_DISCHARGE:q,58.069320239858385,-154.46915010358515,1993-09-16T00:00:00Z,2.0008036505447016
urn:ioos:station:GOA_RUNOFF_DISCHARGE,urn:ioos:sensor:GOA_RUNOFF_DISCHARGE:q,58.069320239858385,-154.46915010358515,1993-09-17T00:00:00Z,1.448282234205011
urn:ioos:station:GOA_RUNOFF_DISCHARGE,urn:ioos:sensor:GOA_RUNOFF_DISCHARGE:q,58.069320239858385,-154.46915010358515,1993-09-18T00:00:00Z,1.028295345675844
urn:ioos:station:GOA_RUNOFF_DISCHARGE,urn:ioos:sensor:GOA_RUNOFF_DISCHARGE:q,58.069320239858385,-154.46915010358515,1993-09-19T00:00:00Z,0.7281432901003518
urn:ioos:station:GOA_RUNOFF_DISCHARGE,urn:ioos:sensor:GOA_RUNOFF_DISCHARGE:q,58.069320239858385,-154.46915010358515,1993-09-20T00:00:00Z,2.1133800678775105
urn:ioos:station:GOA_RUNOFF_DISCHARGE,urn:ioos:sensor:GOA_RUNOFF_DISCHARGE:q,58.069320239858385,-154.46915010358515,1993-09-21T00:00:00Z,1.5714367862201282
urn:ioos:station:GOA_RUNOFF_DISCHARGE,urn:ioos:sensor:GOA_RUNOFF_DISCHARGE:q,58.069320239858385,-154.46915010358515,1993-09-22T00:00:00Z,1.1198048868873696
urn:ioos:station:GOA_RUNOFF_DISCHARGE,urn:ioos:sensor:GOA_RUNOFF_DISCHARGE:q,58.069320239858385,-154.46915010358515,1993-09-23T00:00:00Z,0.7933466823197881
urn:ioos:station:GOA_RUNOFF_DISCHARGE,urn:ioos:sensor:GOA_RUNOFF_DISCHARGE:q,58.069320239858385,-154.46915010358515,1993-09-24T00:00:00Z,0.5616026253130098
urn:ioos:station:GOA_RUNOFF_DISCHARGE,urn:ioos:sensor:GOA_RUNOFF_DISCHARGE:q,58.069320239858385,-154.46915010358515,1993-09-25T00:00:00Z,3.239746379358263
urn:ioos:station:GOA_RUNOFF_DISCHARGE,urn:ioos:sensor:GOA_RUNOFF_DISCHARGE:q,58.069320239858385,-154.46915010358515,1993-09-26T00:00:00Z,2.427532131506462
urn:ioos:station:GOA_RUNOFF_DISCHARGE,urn:ioos:sensor:GOA_RUNOFF_DISCHARGE:q,58.069320239858385,-154.46915010358515,1993-09-27T00:00:00Z,1.7316227688451353
urn:ioos:station:GOA_RUNOFF_DISCHARGE,urn:ioos:sensor:GOA_RUNOFF_DISCHARGE:q,58.069320239858385,-154.46915010358515,1993-09-28T00:00:00Z,9.914672896279368
urn:ioos:station:GOA_RUNOFF_DISCHARGE,urn:ioos:sensor:GOA_RUNOFF_DISCHARGE:q,58.069320239858385,-154.46915010358515,1993-09-29T00:00:00Z,7.8283590501876965
urn:ioos:station:GOA_RUNOFF_DISCHARGE,urn:ioos:sensor:GOA_RUNOFF_DISCHARGE:q,58.069320239858385,-154.46915010358515,1993-09-30T00:00:00Z,12.074265258459477
urn:ioos:station:GOA_RUNOFF_DISCHARGE,urn:ioos:sensor:GOA_RUNOFF_DISCHARGE:q,58.069320239858385,-154.46915010358515,1993-10-01T00:00:00Z,8.96441495777023
urn:ioos:station:GOA_RUNOFF_DISCHARGE,urn:ioos:sensor:GOA_RUNOFF_DISCHARGE:q,58.069320239858385,-154.46915010358515,1993-10-02T00:00:00Z,6.38116940006786
urn:ioos:station:GOA_RUNOFF_DISCHARGE,urn:ioos:sensor:GOA_RUNOFF_DISCHARGE:q,58.069320239858385,-154.46915010358515,1993-10-03T00:00:00Z,4.520177571439342
urn:ioos:station:GOA_RUNOFF_DISCHARGE,urn:ioos:sensor:GOA_RUNOFF_DISCHARGE:q,58.069320239858385,-154.46915010358515,1993-10-04T00:00:00Z,3.199722412904249
urn:ioos:station:GOA_RUNOFF_DISCHARGE,urn:ioos:sensor:GOA_RUNOFF_DISCHARGE:q,58.069320239858385,-154.46915010358515,1993-10-05T00:00:00Z,2.2647853843759873
urn:ioos:station:GOA_RUNOFF_DISCHARGE,urn:ioos:sensor:GOA_RUNOFF_DISCHARGE:q,58.069320239858385,-154.46915010358515,1993-10-06T00:00:00Z,3.4670199190754167
urn:ioos:station:GOA_RUNOFF_DISCHARGE,urn:ioos:sensor:GOA_RUNOFF_DISCHARGE:q,58.069320239858385,-154.46915010358515,1993-10-07T00:00:00Z,6.943402514150068
urn:ioos:station:GOA_RUNOFF_DISCHARGE,urn:ioos:sensor:GOA_RUNOFF_DISCHARGE:q,58.069320239858385,-154.46915010358515,1993-10-08T00:00:00Z,5.245979666310344
urn:ioos:station:GOA_RUNOFF_DISCHARGE,urn:ioos:sensor:GOA_RUNOFF_DISCHARGE:q,58.069320239858385,-154.46915010358515,1993-10-09T00:00:00Z,9.22770654155807
urn:ioos:station:GOA_RUNOFF_DISCHARGE,urn:ioos:sensor:GOA_RUNOFF_DISCHARGE:q,58.069320239858385,-154.46915010358515,1993-10-10T00:00:00Z,6.859349448203024
urn:ioos:station:GOA_RUNOFF_DISCHARGE,urn:ioos:sensor:GOA_RUNOFF_DISCHARGE:q,58.069320239858385,-154.46915010358515,1993-10-11T00:00:00Z,4.884318415674202
urn:ioos:station:GOA_RUNOFF_DISCHARGE,urn:ioos:sensor:GOA_RUNOFF_DISCHARGE:q,58.069320239858385,-154.46915010358515,1993-10-12T00:00:00Z,4.931803790794648
urn:ioos:station:GOA_RUNOFF_DISCHARGE,urn:ioos:sensor:GOA_RUNOFF_DISCHARGE:q,58.069320239858385,-154.46915010358515,1993-10-13T00:00:00Z,3.6006185487971893
urn:ioos:station:GOA_RUNOFF_DISCHARGE,urn:ioos:sensor:GOA_RUNOFF_DISCHARGE:q,58.069320239858385,-154.46915010358515,1993-10-14T00:00:00Z,5.178534404687483
urn:ioos:station:GOA_RUNOFF_DISCHARGE,urn:ioos:sensor:GOA_RUNOFF_DISCHARGE:q,58.069320239858385,-154.46915010358515,1993-10-15T00:00:00Z,4.700053353254681
urn:ioos:station:GOA_RUNOFF_DISCHARGE,urn:ioos:sensor:GOA_RUNOFF_DISCHARGE:q,58.069320239858385,-154.46915010358515,1993-10-16T00:00:00Z,4.6723868351195765
urn:ioos:station:GOA_RUNOFF_DISCHARGE,urn:ioos:sensor:GOA_RUNOFF_DISCHARGE:q,58.069320239858385,-154.46915010358515,1993-10-17T00:00:00Z,3.3736712713956565
urn:ioos:station:GOA_RUNOFF_DISCHARGE,urn:ioos:sensor:GOA_RUNOFF_DISCHARGE:q,58.069320239858385,-154.46915010358515,1993-10-18T00:00:00Z,2.3945175425428826
urn:ioos:station:GOA_RUNOFF_DISCHARGE,urn:ioos:sensor:GOA_RUNOFF_DISCHARGE:q,58.069320239858385,-154.46915010358515,1993-10-19T00:00:00Z,2.139996494962903
urn:ioos:station:GOA_RUNOFF_DISCHARGE,urn:ioos:sensor:GOA_RUNOFF_DISCHARGE:q,58.069320239858385,-154.46915010358515,1993-10-20T00:00:00Z,1.5730516531250658
urn:ioos:station:GOA_RUNOFF_DISCHARGE,urn:ioos:sensor:GOA_RUNOFF_DISCHARGE:q,58.069320239858385,-154.46915010358515,1993-10-21T00:00:00Z,2.7470781794913686
urn:ioos:station:GOA_RUNOFF_DISCHARGE,urn:ioos:sensor:GOA_RUNOFF_DISCHARGE:q,58.069320239858385,-154.46915010358515,1993-10-22T00:00:00Z,2.0218550686732084
urn:ioos:station:GOA_RUNOFF_DISCHARGE,urn:ioos:sensor:GOA_RUNOFF_DISCHARGE:q,58.069320239858385,-154.46915010358515,1993-10-23T00:00:00Z,1.4387976045095743
urn:ioos:station:GOA_RUNOFF_DISCHARGE,urn:ioos:sensor:GOA_RUNOFF_DISCHARGE:q,58.069320239858385,-154.46915010358515,1993-10-24T00:00:00Z,1.0191471082146983
urn:ioos:station:GOA_RUNOFF_DISCHARGE,urn:ioos:sensor:GOA_RUNOFF_DISCHARGE:q,58.069320239858385,-154.46915010358515,1993-10-25T00:00:00Z,0.7216887558825508
urn:ioos:station:GOA_RUNOFF_DISCHARGE,urn:ioos:sensor:GOA_RUNOFF_DISCHARGE:q,58.069320239858385,-154.46915010358515,1993-10-26T00:00:00Z,0.6719148084868874
urn:ioos:station:GOA_RUNOFF_DISCHARGE,urn:ioos:sensor:GOA_RUNOFF_DISCHARGE:q,58.069320239858385,-154.46915010358515,1993-10-27T00:00:00Z,0.4832006068528578
urn:ioos:station:GOA_RUNOFF_DISCHARGE,urn:ioos:sensor:GOA_RUNOFF_DISCHARGE:q,58.069320239858385,-154.46915010358515,1993-10-28T00:00:00Z,4.248176362513051
urn:ioos:station:GOA_RUNOFF_DISCHARGE,urn:ioos:sensor:GOA_RUNOFF_DISCHARGE:q,58.069320239858385,-154.46915010358515,1993-10-29T00:00:00Z,5.149187635626931
urn:ioos:station:GOA_RUNOFF_DISCHARGE,urn:ioos:sensor:GOA_RUNOFF_DISCHARGE:q,58.069320239858385,-154.46915010358515,1993-10-30T00:00:00Z,3.44422970698499
urn:ioos:station:GOA_RUNOFF_DISCHARGE,urn:ioos:sensor:GOA_RUNOFF_DISCHARGE:q,58.069320239858385,-154.46915010358515,1993-10-31T00:00:00Z,2.4584478539444707
urn:ioos:station:GOA_RUNOFF_DISCHARGE,urn:ioos:sensor:GOA_RUNOFF_DISCHARGE:q,58.069320239858385,-154.46915010358515,1993-11-01T00:00:00Z,1.587510467559867
urn:ioos:station:GOA_RUNOFF_DISCHARGE,urn:ioos:sensor:GOA_RUNOFF_DISCHARGE:q,58.069320239858385,-154.46915010358515,1993-11-02T00:00:00Z,1.1301606895884682
urn:ioos:station:GOA_RUNOFF_DISCHARGE,urn:ioos:sensor:GOA_RUNOFF_DISCHARGE:q,58.069320239858385,-154.46915010358515,1993-11-03T00:00:00Z,0.8005745108485647
urn:ioos:station:GOA_RUNOFF_DISCHARGE,urn:ioos:sensor:GOA_RUNOFF_DISCHARGE:q,58.069320239858385,-154.46915010358515,1993-11-04T00:00:00Z,1.933070278247965
urn:ioos:station:GOA_RUNOFF_DISCHARGE,urn:ioos:sensor:GOA_RUNOFF_DISCHARGE:q,58.069320239858385,-154.46915010358515,1993-11-05T00:00:00Z,3.9964034171552507
urn:ioos:station:GOA_RUNOFF_DISCHARGE,urn:ioos:sensor:GOA_RUNOFF_DISCHARGE:q,58.069320239858385,-154.46915010358515,1993-11-06T00:00:00Z,3.9397824340826513
urn:ioos:station:GOA_RUNOFF_DISCHARGE,urn:ioos:sensor:GOA_RUNOFF_DISCHARGE:q,58.069320239858385,-154.46915010358515,1993-11-07T00:00:00Z,3.4697497348210344
urn:ioos:station:GOA_RUNOFF_DISCHARGE,urn:ioos:sensor:GOA_RUNOFF_DISCHARGE:q,58.069320239858385,-154.46915010358515,1993-11-08T00:00:00Z,2.851580262299489
urn:ioos:station:GOA_RUNOFF_DISCHARGE,urn:ioos:sensor:GOA_RUNOFF_DISCHARGE:q,58.069320239858385,-154.46915010358515,1993-11-09T00:00:00Z,6.682097973110268
urn:ioos:station:GOA_RUNOFF_DISCHARGE,urn:ioos:sensor:GOA_RUNOFF_DISCHARGE:q,58.069320239858385,-154.46915010358515,1993-11-10T00:00:00Z,5.032630423371391
urn:ioos:station:GOA_RUNOFF_DISCHARGE,urn:ioos:sensor:GOA_RUNOFF_DISCHARGE:q,58.069320239858385,-154.46915010358515,1993-11-11T00:00:00Z,6.997359986399257
urn:ioos:station:GOA_RUNOFF_DISCHARGE,urn:ioos:sensor:GOA_RUNOFF_DISCHARGE:q,58.069320239858385,-154.46915010358515,1993-11-12T00:00:00Z,5.536336814097096
urn:ioos:station:GOA_RUNOFF_DISCHARGE,urn:ioos:sensor:GOA_RUNOFF_DISCHARGE:q,58.069320239858385,-154.46915010358515,1993-11-13T00:00:00Z,5.405354071425244
urn:ioos:station:GOA_RUNOFF_DISCHARGE,urn:ioos:sensor:GOA_RUNOFF_DISCHARGE:q,58.069320239858385,-154.46915010358515,1993-11-14T00:00:00Z,3.8731436192318687
urn:ioos:station:GOA_RUNOFF_DISCHARGE,urn:ioos:sensor:GOA_RUNOFF_DISCHARGE:q,58.069320239858385,-154.46915010358515,1993-11-15T00:00:00Z,2.5257526122797986
urn:ioos:station:GOA_RUNOFF_DISCHARGE,urn:ioos:sensor:GOA_RUNOFF_DISCHARGE:q,58.069320239858385,-154.46915010358515,1993-11-16T00:00:00Z,2.049432259343673
urn:ioos:station:GOA_RUNOFF_DISCHARGE,urn:ioos:sensor:GOA_RUNOFF_DISCHARGE:q,58.069320239858385,-154.46915010358515,1993-11-17T00:00:00Z,1.761256069890938
urn:ioos:station:GOA_RUNOFF_DISCHARGE,urn:ioos:sensor:GOA_RUNOFF_DISCHARGE:q,58.069320239858385,-154.46915010358515,1993-11-18T00:00:00Z,4.684059658805223
urn:ioos:station:GOA_RUNOFF_DISCHARGE,urn:ioos:sensor:GOA_RUNOFF_DISCHARGE:q,58.069320239858385,-154.46915010358515,1993-11-19T00:00:00Z,3.179138944395364
urn:ioos:station:GOA_RUNOFF_DISCHARGE,urn:ioos:sensor:GOA_RUNOFF_DISCHARGE:q,58.069320239858385,-154.46915010358515,1993-11-20T00:00:00Z,2.071685191072408
urn:ioos:station:GOA_RUNOFF_DISCHARGE,urn:ioos:sensor:GOA_RUNOFF_DISCHARGE:q,58.069320239858385,-154.46915010358515,1993-11-21T00:00:00Z,1.9746326767660394
urn:ioos:station:GOA_RUNOFF_DISCHARGE,urn:ioos:sensor:GOA_RUNOFF_DISCHARGE:q,58.069320239858385,-154.46915010358515,1993-11-22T00:00:00Z,7.885215520980038
urn:ioos:station:GOA_RUNOFF_DISCHARGE,urn:ioos:sensor:GOA_RUNOFF_DISCHARGE:q,58.069320239858385,-154.46915010358515,1993-11-23T00:00:00Z,5.29958245984868
urn:ioos:station:GOA_RUNOFF_DISCHARGE,urn:ioos:sensor:GOA_RUNOFF_DISCHARGE:q,58.069320239858385,-154.46915010358515,1993-11-24T00:00:00Z,3.608746164062937
urn:ioos:station:GOA_RUNOFF_DISCHARGE,urn:ioos:sensor:GOA_RUNOFF_DISCHARGE:q,58.069320239858385,-154.46915010358515,1993-11-25T00:00:00Z,2.3477094248421206
urn:ioos:station:GOA_RUNOFF_DISCHARGE,urn:ioos:sensor:GOA_RUNOFF_DISCHARGE:q,58.069320239858385,-154.46915010358515,1993-11-26T00:00:00Z,1.5244287012936633
urn:ioos:station:GOA_RUNOFF_DISCHARGE,urn:ioos:sensor:GOA_RUNOFF_DISCHARGE:q,58.069320239858385,-154.46915010358515,1993-11-27T00:00:00Z,0.9896889100487712
urn:ioos:station:GOA_RUNOFF_DISCHARGE,urn:ioos:sensor:GOA_RUNOFF_DISCHARGE:q,58.069320239858385,-154.46915010358515,1993-11-28T00:00:00Z,0.6425161400378226
urn:ioos:station:GOA_RUNOFF_DISCHARGE,urn:ioos:sensor:GOA_RUNOFF_DISCHARGE:q,58.069320239858385,-154.46915010358515,1993-11-29T00:00:00Z,3.2532449564375328
urn:ioos:station:GOA_RUNOFF_DISCHARGE,urn:ioos:sensor:GOA_RUNOFF_DISCHARGE:q,58.069320239858385,-154.46915010358515,1993-11-30T00:00:00Z,8.021951004997643
urn:ioos:station:GOA_RUNOFF_DISCHARGE,urn:ioos:sensor:GOA_RUNOFF_DISCHARGE:q,58.069320239858385,-154.46915010358515,1993-12-01T00:00:00Z,6.437761177400915
urn:ioos:station:GOA_RUNOFF_DISCHARGE,urn:ioos:sensor:GOA_RUNOFF_DISCHARGE:q,58.069320239858385,-154.46915010358515,1993-12-02T00:00:00Z,4.333400815419082
urn:ioos:station:GOA_RUNOFF_DISCHARGE,urn:ioos:sensor:GOA_RUNOFF_DISCHARGE:q,58.069320239858385,-154.46915010358515,1993-12-03T00:00:00Z,2.81798945198816
urn:ioos:station:GOA_RUNOFF_DISCHARGE,urn:ioos:sensor:GOA_RUNOFF_DISCHARGE:q,58.069320239858385,-154.46915010358515,1993-12-04T00:00:00Z,1.8297291893653904
urn:ioos:station:GOA_RUNOFF_DISCHARGE,urn:ioos:sensor:GOA_RUNOFF_DISCHARGE:q,58.069320239858385,-154.46915010358515,1993-12-05T00:00:00Z,5.6789934329136775
urn:ioos:station:GOA_RUNOFF_DISCHARGE,urn:ioos:sensor:GOA_RUNOFF_DISCHARGE:q,58.069320239858385,-154.46915010358515,1993-12-06T00:00:00Z,3.809269614391202
urn:ioos:station:GOA_RUNOFF_DISCHARGE,urn:ioos:sensor:GOA_RUNOFF_DISCHARGE:q,58.069320239858385,-154.46915010358515,1993-12-07T00:00:00Z,2.717967687494871
urn:ioos:station:GOA_RUNOFF_DISCHARGE,urn:ioos:sensor:GOA_RUNOFF_DISCHARGE:q,58.069320239858385,-154.46915010358515,1993-12-08T00:00:00Z,2.2952206592427675
urn:ioos:station:GOA_RUNOFF_DISCHARGE,urn:ioos:sensor:GOA_RUNOFF_DISCHARGE:q,58.069320239858385,-154.46915010358515,1993-12-09T00:00:00Z,1.5047421910379652
urn:ioos:station:GOA_RUNOFF_DISCHARGE,urn:ioos:sensor:GOA_RUNOFF_DISCHARGE:q,58.069320239858385,-154.46915010358515,1993-12-10T00:00:00Z,0.977715872409799
urn:ioos:station:GOA_RUNOFF_DISCHARGE,urn:ioos:sensor:GOA_RUNOFF_DISCHARGE:q,58.069320239858385,-154.46915010358515,1993-12-11T00:00:00Z,0.6347885250021738
urn:ioos:station:GOA_RUNOFF_DISCHARGE,urn:ioos:sensor:GOA_RUNOFF_DISCHARGE:q,58.069320239858385,-154.46915010358515,1993-12-12T00:00:00Z,0.41211324479580086
urn:ioos:station:GOA_RUNOFF_DISCHARGE,urn:ioos:sensor:GOA_RUNOFF_DISCHARGE:q,58.069320239858385,-154.46915010358515,1993-12-13T00:00:00Z,0.267547909209472
urn:ioos:station:GOA_RUNOFF_DISCHARGE,urn:ioos:sensor:GOA_RUNOFF_DISCHARGE:q,58.069320239858385,-154.46915010358515,1993-12-14T00:00:00Z,0.17369462384425535
urn:ioos:station:GOA_RUNOFF_DISCHARGE,urn:ioos:sensor:GOA_RUNOFF_DISCHARGE:q,58.069320239858385,-154.46915010358515,1993-12-15T00:00:00Z,0.11276419083335945
urn:ioos:station:GOA_RUNOFF_DISCHARGE,urn:ioos:sensor:GOA_RUNOFF_DISCHARGE:q,58.069320239858385,-154.46915010358515,1993-12-16T00:00:00Z,0.07320756554606069
urn:ioos:station:GOA_RUNOFF_DISCHARGE,urn:ioos:sensor:GOA_RUNOFF_DISCHARGE:q,58.069320239858385,-154.46915010358515,1993-12-17T00:00:00Z,0.0475270376999126
urn:ioos:station:GOA_RUNOFF_DISCHARGE,urn:ioos:sensor:GOA_RUNOFF_DISCHARGE:q,58.069320239858385,-154.46915010358515,1993-12-18T00:00:00Z,3.536647717720919
urn:ioos:station:GOA_RUNOFF_DISCHARGE,urn:ioos:sensor:GOA_RUNOFF_DISCHARGE:q,58.069320239858385,-154.46915010358515,1993-12-19T00:00:00Z,2.391581707931836
urn:ioos:station:GOA_RUNOFF_DISCHARGE,urn:ioos:sensor:GOA_RUNOFF_DISCHARGE:q,58.069320239858385,-154.46915010358515,1993-12-20T00:00:00Z,7.9553045598185115
urn:ioos:station:GOA_RUNOFF_DISCHARGE,urn:ioos:sensor:GOA_RUNOFF_DISCHARGE:q,58.069320239858385,-154.46915010358515,1993-12-21T00:00:00Z,5.405758215712981
urn:ioos:station:GOA_RUNOFF_DISCHARGE,urn:ioos:sensor:GOA_RUNOFF_DISCHARGE:q,58.069320239858385,-154.46915010358515,1993-12-22T00:00:00Z,12.52743519518414
urn:ioos:station:GOA_RUNOFF_DISCHARGE,urn:ioos:sensor:GOA_RUNOFF_DISCHARGE:q,58.069320239858385,-154.46915010358515,1993-12-23T00:00:00Z,9.410480795687022
urn:ioos:station:GOA_RUNOFF_DISCHARGE,urn:ioos:sensor:GOA_RUNOFF_DISCHARGE:q,58.069320239858385,-154.46915010358515,1993-12-24T00:00:00Z,6.175707811723811
urn:ioos:station:GOA_RUNOFF_DISCHARGE,urn:ioos:sensor:GOA_RUNOFF_DISCHARGE:q,58.069320239858385,-154.46915010358515,1993-12-25T00:00:00Z,8.628859428449628
urn:ioos:station:GOA_RUNOFF_DISCHARGE,urn:ioos:sensor:GOA_RUNOFF_DISCHARGE:q,58.069320239858385,-154.46915010358515,1993-12-26T00:00:00Z,22.112638933017855
urn:ioos:station:GOA_RUNOFF_DISCHARGE,urn:ioos:sensor:GOA_RUNOFF_DISCHARGE:q,58.069320239858385,-154.46915010358515,1993-12-27T00:00:00Z,20.68135772816178
urn:ioos:station:GOA_RUNOFF_DISCHARGE,urn:ioos:sensor:GOA_RUNOFF_DISCHARGE:q,58.069320239858385,-154.46915010358515,1993-12-28T00:00:00Z,15.72323140948057
urn:ioos:station:GOA_RUNOFF_DISCHARGE,urn:ioos:sensor:GOA_RUNOFF_DISCHARGE:q,58.069320239858385,-154.46915010358515,1993-12-29T00:00:00Z,12.984158233771822
urn:ioos:station:GOA_RUNOFF_DISCHARGE,urn:ioos:sensor:GOA_RUNOFF_DISCHARGE:q,58.069320239858385,-154.46915010358515,1993-12-30T00:00:00Z,9.285363407482766
urn:ioos:station:GOA_RUNOFF_DISCHARGE,urn:ioos:sensor:GOA_RUNOFF_DISCHARGE:q,58.069320239858385,-154.46915010358515,1993-12-31T00:00:00Z,6.780209787483321
urn:ioos:station:GOA_RUNOFF_DISCHARGE,urn:ioos:sensor:GOA_RUNOFF_DISCHARGE:q,58.069320239858385,-154.46915010358515,1994-01-01T00:00:00Z,5.23369589012722
urn:ioos:station:GOA_RUNOFF_DISCHARGE,urn:ioos:sensor:GOA_RUNOFF_DISCHARGE:q,58.069320239858385,-154.46915010358515,1994-01-02T00:00:00Z,3.8392126015220738
urn:ioos:station:GOA_RUNOFF_DISCHARGE,urn:ioos:sensor:GOA_RUNOFF_DISCHARGE:q,58.069320239858385,-154.46915010358515,1994-01-03T00:00:00Z,2.5649009327770496
urn:ioos:station:GOA_RUNOFF_DISCHARGE,urn:ioos:sensor:GOA_RUNOFF_DISCHARGE:q,58.069320239858385,-154.46915010358515,1994-01-04T00:00:00Z,2.0005938165150985
urn:ioos:station:GOA_RUNOFF_DISCHARGE,urn:ioos:sensor:GOA_RUNOFF_DISCHARGE:q,58.069320239858385,-154.46915010358515,1994-01-05T00:00:00Z,2.1977590014680195
urn:ioos:station:GOA_RUNOFF_DISCHARGE,urn:ioos:sensor:GOA_RUNOFF_DISCHARGE:q,58.069320239858385,-154.46915010358515,1994-01-06T00:00:00Z,1.4515737999859921
urn:ioos:station:GOA_RUNOFF_DISCHARGE,urn:ioos:sensor:GOA_RUNOFF_DISCHARGE:q,58.069320239858385,-154.46915010358515,1994-01-07T00:00:00Z,0.9437657131004383
urn:ioos:station:GOA_RUNOFF_DISCHARGE,urn:ioos:sensor:GOA_RUNOFF_DISCHARGE:q,58.069320239858385,-154.46915010358515,1994-01-08T00:00:00Z,0.6127795664445352
urn:ioos:station:GOA_RUNOFF_DISCHARGE,urn:ioos:sensor:GOA_RUNOFF_DISCHARGE:q,58.069320239858385,-154.46915010358515,1994-01-09T00:00:00Z,0.39782660608905174
urn:ioos:station:GOA_RUNOFF_DISCHARGE,urn:ioos:sensor:GOA_RUNOFF_DISCHARGE:q,58.069320239858385,-154.46915010358515,1994-01-10T00:00:00Z,0.2582730148755991
urn:ioos:station:GOA_RUNOFF_DISCHARGE,urn:ioos:sensor:GOA_RUNOFF_DISCHARGE:q,58.069320239858385,-154.46915010358515,1994-01-11T00:00:00Z,0.16767327520700284
urn:ioos:station:GOA_RUNOFF_DISCHARGE,urn:ioos:sensor:GOA_RUNOFF_DISCHARGE:q,58.069320239858385,-154.46915010358515,1994-01-12T00:00:00Z,0.8886851354526794
urn:ioos:station:GOA_RUNOFF_DISCHARGE,urn:ioos:sensor:GOA_RUNOFF_DISCHARGE:q,58.069320239858385,-154.46915010358515,1994-01-13T00:00:00Z,4.019669077636263
urn:ioos:station:GOA_RUNOFF_DISCHARGE,urn:ioos:sensor:GOA_RUNOFF_DISCHARGE:q,58.069320239858385,-154.46915010358515,1994-01-14T00:00:00Z,2.80358076091717
urn:ioos:station:GOA_RUNOFF_DISCHARGE,urn:ioos:sensor:GOA_RUNOFF_DISCHARGE:q,58.069320239858385,-154.46915010358515,1994-01-15T00:00:00Z,1.866448039627734
urn:ioos:station:GOA_RUNOFF_DISCHARGE,urn:ioos:sensor:GOA_RUNOFF_DISCHARGE:q,58.069320239858385,-154.46915010358515,1994-01-16T00:00:00Z,6.6398664737304
urn:ioos:station:GOA_RUNOFF_DISCHARGE,urn:ioos:sensor:GOA_RUNOFF_DISCHARGE:q,58.069320239858385,-154.46915010358515,1994-01-17T00:00:00Z,5.337675163886035
urn:ioos:station:GOA_RUNOFF_DISCHARGE,urn:ioos:sensor:GOA_RUNOFF_DISCHARGE:q,58.069320239858385,-154.46915010358515,1994-01-18T00:00:00Z,3.499491965381891
urn:ioos:station:GOA_RUNOFF_DISCHARGE,urn:ioos:sensor:GOA_RUNOFF_DISCHARGE:q,58.069320239858385,-154.46915010358515,1994-01-19T00:00:00Z,2.991652041609087
urn:ioos:station:GOA_RUNOFF_DISCHARGE,urn:ioos:sensor:GOA_RUNOFF_DISCHARGE:q,58.069320239858385,-154.46915010358515,1994-01-20T00:00:00Z,2.016636055639743
urn:ioos:station:GOA_RUNOFF_DISCHARGE,urn:ioos:sensor:GOA_RUNOFF_DISCHARGE:q,58.069320239858385,-154.46915010358515,1994-01-21T00:00:00Z,2.7423526382102796
urn:ioos:station:GOA_RUNOFF_DISCHARGE,urn:ioos:sensor:GOA_RUNOFF_DISCHARGE:q,58.069320239858385,-154.46915010358515,1994-01-22T00:00:00Z,4.603048725836573
urn:ioos:station:GOA_RUNOFF_DISCHARGE,urn:ioos:sensor:GOA_RUNOFF_DISCHARGE:q,58.069320239858385,-154.46915010358515,1994-01-23T00:00:00Z,3.066697373382519
urn:ioos:station:GOA_RUNOFF_DISCHARGE,urn:ioos:sensor:GOA_RUNOFF_DISCHARGE:q,58.069320239858385,-154.46915010358515,1994-01-24T00:00:00Z,1.9953271797081433
urn:ioos:station:GOA_RUNOFF_DISCHARGE,urn:ioos:sensor:GOA_RUNOFF_DISCHARGE:q,58.069320239858385,-154.46915010358515,1994-01-25T00:00:00Z,1.2956319901691475
urn:ioos:station:GOA_RUNOFF_DISCHARGE,urn:ioos:sensor:GOA_RUNOFF_DISCHARGE:q,58.069320239858385,-154.46915010358515,1994-01-26T00:00:00Z,0.8411502947553493
urn:ioos:station:GOA_RUNOFF_DISCHARGE,urn:ioos:sensor:GOA_RUNOFF_DISCHARGE:q,58.069320239858385,-154.46915010358515,1994-01-27T00:00:00Z,7.248190454648546
urn:ioos:station:GOA_RUNOFF_DISCHARGE,urn:ioos:sensor:GOA_RUNOFF_DISCHARGE:q,58.069320239858385,-154.46915010358515,1994-01-28T00:00:00Z,7.3707761525294915
urn:ioos:station:GOA_RUNOFF_DISCHARGE,urn:ioos:sensor:GOA_RUNOFF_DISCHARGE:q,58.069320239858385,-154.46915010358515,1994-01-29T00:00:00Z,12.046863433783658
urn:ioos:station:GOA_RUNOFF_DISCHARGE,urn:ioos:sensor:GOA_RUNOFF_DISCHARGE:q,58.069320239858385,-154.46915010358515,1994-01-30T00:00:00Z,9.587107636314226
urn:ioos:station:GOA_RUNOFF_DISCHARGE,urn:ioos:sensor:GOA_RUNOFF_DISCHARGE:q,58.069320239858385,-154.46915010358515,1994-01-31T00:00:00Z,8.505606471510283
urn:ioos:station:GOA_RUNOFF_DISCHARGE,urn:ioos:sensor:GOA_RUNOFF_DISCHARGE:q,58.069320239858385,-154.46915010358515,1994-02-01T00:00:00Z,10.671433075066455
urn:ioos:station:GOA_RUNOFF_DISCHARGE,urn:ioos:sensor:GOA_RUNOFF_DISCHARGE:q,58.069320239858385,-154.46915010358515,1994-02-02T00:00:00Z,10.130578562330072
urn:ioos:station:GOA_RUNOFF_DISCHARGE,urn:ioos:sensor:GOA_RUNOFF_DISCHARGE:q,58.069320239858385,-154.46915010358515,1994-02-03T00:00:00Z,8.881434873857946
urn:ioos:station:GOA_RUNOFF_DISCHARGE,urn:ioos:sensor:GOA_RUNOFF_DISCHARGE:q,58.069320239858385,-154.46915010358515,1994-02-04T00:00:00Z,6.374208961924769
urn:ioos:station:GOA_RUNOFF_DISCHARGE,urn:ioos:sensor:GOA_RUNOFF_DISCHARGE:q,58.069320239858385,-154.46915010358515,1994-02-05T00:00:00Z,4.6339804982755926
urn:ioos:station:GOA_RUNOFF_DISCHARGE,urn:ioos:sensor:GOA_RUNOFF_DISCHARGE:q,58.069320239858385,-154.46915010358515,1994-02-06T00:00:00Z,3.951773626640799
urn:ioos:station:GOA_RUNOFF_DISCHARGE,urn:ioos:sensor:GOA_RUNOFF_DISCHARGE:q,58.069320239858385,-154.46915010358515,1994-02-07T00:00:00Z,6.888351010684468
urn:ioos:station:GOA_RUNOFF_DISCHARGE,urn:ioos:sensor:GOA_RUNOFF_DISCHARGE:q,58.069320239858385,-154.46915010358515,1994-02-08T00:00:00Z,4.590217670930472
urn:ioos:station:GOA_RUNOFF_DISCHARGE,urn:ioos:sensor:GOA_RUNOFF_DISCHARGE:q,58.069320239858385,-154.46915010358515,1994-02-09T00:00:00Z,2.9866494404744914
urn:ioos:station:GOA_RUNOFF_DISCHARGE,urn:ioos:sensor:GOA_RUNOFF_DISCHARGE:q,58.069320239858385,-154.46915010358515,1994-02-10T00:00:00Z,1.939333330691417
urn:ioos:station:GOA_RUNOFF_DISCHARGE,urn:ioos:sensor:GOA_RUNOFF_DISCHARGE:q,58.069320239858385,-154.46915010358515,1994-02-11T00:00:00Z,1.2590543009812638
urn:ioos:station:GOA_RUNOFF_DISCHARGE,urn:ioos:sensor:GOA_RUNOFF_DISCHARGE:q,58.069320239858385,-154.46915010358515,1994-02-12T00:00:00Z,0.8173910309645749
urn:ioos:station:GOA_RUNOFF_DISCHARGE,urn:ioos:sensor:GOA_RUNOFF_DISCHARGE:q,58.069320239858385,-154.46915010358515,1994-02-13T00:00:00Z,0.5306580260289205
urn:ioos:station:GOA_RUNOFF_DISCHARGE,urn:ioos:sensor:GOA_RUNOFF_DISCHARGE:q,58.069320239858385,-154.46915010358515,1994-02-14T00:00:00Z,0.3445081738391086
urn:ioos:station:GOA_RUNOFF_DISCHARGE,urn:ioos:sensor:GOA_RUNOFF_DISCHARGE:q,58.069320239858385,-154.46915010358515,1994-02-15T00:00:00Z,0.2236579316514294
urn:ioos:station:GOA_RUNOFF_DISCHARGE,urn:ioos:sensor:GOA_RUNOFF_DISCHARGE:q,58.069320239858385,-154.46915010358515,1994-02-16T00:00:00Z,0.1452008399808433
urn:ioos:station:GOA_RUNOFF_DISCHARGE,urn:ioos:sensor:GOA_RUNOFF_DISCHARGE:q,58.069320239858385,-154.46915010358515,1994-02-17T00:00:00Z,0.09426573421290248
urn:ioos:station:GOA_RUNOFF_DISCHARGE,urn:ioos:sensor:GOA_RUNOFF_DISCHARGE:q,58.069320239858385,-154.46915010358515,1994-02-18T00:00:00Z,0.06119819751289564
urn:ioos:station:GOA_RUNOFF_DISCHARGE,urn:ioos:sensor:GOA_RUNOFF_DISCHARGE:q,58.069320239858385,-154.46915010358515,1994-02-19T00:00:00Z,0.03973044548266731
urn:ioos:station:GOA_RUNOFF_DISCHARGE,urn:ioos:sensor:GOA_RUNOFF_DISCHARGE:q,58.069320239858385,-154.46915010358515,1994-02-20T00:00:00Z,0.025793377360168176
urn:ioos:station:GOA_RUNOFF_DISCHARGE,urn:ioos:sensor:GOA_RUNOFF_DISCHARGE:q,58.069320239858385,-154.46915010358515,1994-02-21T00:00:00Z,0.016745300292110757
urn:ioos:station:GOA_RUNOFF_DISCHARGE,urn:ioos:sensor:GOA_RUNOFF_DISCHARGE:q,58.069320239858385,-154.46915010358515,1994-02-22T00:00:00Z,0.010871206508518612
urn:ioos:station:GOA_RUNOFF_DISCHARGE,urn:ioos:sensor:GOA_RUNOFF_DISCHARGE:q,58.069320239858385,-154.46915010358515,1994-02-23T00:00:00Z,0.00705768937071709
urn:ioos:station:GOA_RUNOFF_DISCHARGE,urn:ioos:sensor:GOA_RUNOFF_DISCHARGE:q,58.069320239858385,-154.46915010358515,1994-02-24T00:00:00Z,0.004581918130717938
urn:ioos:station:GOA_RUNOFF_DISCHARGE,urn:ioos:sensor:GOA_RUNOFF_DISCHARGE:q,58.069320239858385,-154.46915010358515,1994-02-25T00:00:00Z,0.0029746242547213243
urn:ioos:station:GOA_RUNOFF_DISCHARGE,urn:ioos:sensor:GOA_RUNOFF_DISCHARGE:q,58.069320239858385,-154.46915010358515,1994-02-26T00:00:00Z,0.001931154113069065
urn:ioos:station:GOA_RUNOFF_DISCHARGE,urn:ioos:sensor:GOA_RUNOFF_DISCHARGE:q,58.069320239858385,-154.46915010358515,1994-02-27T00:00:00Z,0.0012537233819469014
urn:ioos:station:GOA_RUNOFF_DISCHARGE,urn:ioos:sensor:GOA_RUNOFF_DISCHARGE:q,58.069320239858385,-154.46915010358515,1994-02-28T00:00:00Z,8.139289698955811E-4
urn:ioos:station:GOA_RUNOFF_DISCHARGE,urn:ioos:sensor:GOA_RUNOFF_DISCHARGE:q,58.069320239858385,-154.46915010358515,1994-03-01T00:00:00Z,5.284103233915856E-4
urn:ioos:station:GOA_RUNOFF_DISCHARGE,urn:ioos:sensor:GOA_RUNOFF_DISCHARGE:q,58.069320239858385,-154.46915010358515,1994-03-02T00:00:00Z,3.430489544809505E-4
urn:ioos:station:GOA_RUNOFF_DISCHARGE,urn:ioos:sensor:GOA_RUNOFF_DISCHARGE:q,58.069320239858385,-154.46915010358515,1994-03-03T00:00:00Z,2.227105780549544E-4
urn:ioos:station:GOA_RUNOFF_DISCHARGE,urn:ioos:sensor:GOA_RUNOFF_DISCHARGE:q,58.069320239858385,-154.46915010358515,1994-03-04T00:00:00Z,1.4458579006179363E-4
urn:ioos:station:GOA_RUNOFF_DISCHARGE,urn:ioos:sensor:GOA_RUNOFF_DISCHARGE:q,58.069320239858385,-154.46915010358515,1994-03-05T00:00:00Z,9.38664594112961E-5
urn:ioos:station:GOA_RUNOFF_DISCHARGE,urn:ioos:sensor:GOA_RUNOFF_DISCHARGE:q,58.069320239858385,-154.46915010358515,1994-03-06T00:00:00Z,6.09389884163477E-5
urn:ioos:station:GOA_RUNOFF_DISCHARGE,urn:ioos:sensor:GOA_RUNOFF_DISCHARGE:q,58.069320239858385,-154.46915010358515,1994-03-07T00:00:00Z,2.9976513214949505
urn:ioos:station:GOA_RUNOFF_DISCHARGE,urn:ioos:sensor:GOA_RUNOFF_DISCHARGE:q,58.069320239858385,-154.46915010358515,1994-03-08T00:00:00Z,11.175548346145769
urn:ioos:station:GOA_RUNOFF_DISCHARGE,urn:ioos:sensor:GOA_RUNOFF_DISCHARGE:q,58.069320239858385,-154.46915010358515,1994-03-09T00:00:00Z,10.1398507268482
urn:ioos:station:GOA_RUNOFF_DISCHARGE,urn:ioos:sensor:GOA_RUNOFF_DISCHARGE:q,58.069320239858385,-154.46915010358515,1994-03-10T00:00:00Z,7.596694388062966
urn:ioos:station:GOA_RUNOFF_DISCHARGE,urn:ioos:sensor:GOA_RUNOFF_DISCHARGE:q,58.069320239858385,-154.46915010358515,1994-03-11T00:00:00Z,5.622291147376943
urn:ioos:station:GOA_RUNOFF_DISCHARGE,urn:ioos:sensor:GOA_RUNOFF_DISCHARGE:q,58.069320239858385,-154.46915010358515,1994-03-12T00:00:00Z,3.9924385406761456
urn:ioos:station:GOA_RUNOFF_DISCHARGE,urn:ioos:sensor:GOA_RUNOFF_DISCHARGE:q,58.069320239858385,-154.46915010358515,1994-03-13T00:00:00Z,2.8271290066618735
urn:ioos:station:GOA_RUNOFF_DISCHARGE,urn:ioos:sensor:GOA_RUNOFF_DISCHARGE:q,58.069320239858385,-154.46915010358515,1994-03-14T00:00:00Z,2.060622925212082
urn:ioos:station:GOA_RUNOFF_DISCHARGE,urn:ioos:sensor:GOA_RUNOFF_DISCHARGE:q,58.069320239858385,-154.46915010358515,1994-03-15T00:00:00Z,1.3435686071212782
urn:ioos:station:GOA_RUNOFF_DISCHARGE,urn:ioos:sensor:GOA_RUNOFF_DISCHARGE:q,58.069320239858385,-154.46915010358515,1994-03-16T00:00:00Z,0.8725824457094751
urn:ioos:station:GOA_RUNOFF_DISCHARGE,urn:ioos:sensor:GOA_RUNOFF_DISCHARGE:q,58.069320239858385,-154.46915010358515,1994-03-17T00:00:00Z,0.5665070188594559
urn:ioos:station:GOA_RUNOFF_DISCHARGE,urn:ioos:sensor:GOA_RUNOFF_DISCHARGE:q,58.069320239858385,-154.46915010358515,1994-03-18T00:00:00Z,0.3677826815542848
urn:ioos:station:GOA_RUNOFF_DISCHARGE,urn:ioos:sensor:GOA_RUNOFF_DISCHARGE:q,58.069320239858385,-154.46915010358515,1994-03-19T00:00:00Z,0.23876798803296512
urn:ioos:station:GOA_RUNOFF_DISCHARGE,urn:ioos:sensor:GOA_RUNOFF_DISCHARGE:q,58.069320239858385,-154.46915010358515,1994-03-20T00:00:00Z,0.1700551545577665
urn:ioos:station:GOA_RUNOFF_DISCHARGE,urn:ioos:sensor:GOA_RUNOFF_DISCHARGE:q,58.069320239858385,-154.46915010358515,1994-03-21T00:00:00Z,0.12046976178462887
urn:ioos:station:GOA_RUNOFF_DISCHARGE,urn:ioos:sensor:GOA_RUNOFF_DISCHARGE:q,58.069320239858385,-154.46915010358515,1994-03-22T00:00:00Z,0.9182050340323267
urn:ioos:station:GOA_RUNOFF_DISCHARGE,urn:ioos:sensor:GOA_RUNOFF_DISCHARGE:q,58.069320239858385,-154.46915010358515,1994-03-23T00:00:00Z,1.3817547169022184
urn:ioos:station:GOA_RUNOFF_DISCHARGE,urn:ioos:sensor:GOA_RUNOFF_DISCHARGE:q,58.069320239858385,-154.46915010358515,1994-03-24T00:00:00Z,4.959991802405204
urn:ioos:station:GOA_RUNOFF_DISCHARGE,urn:ioos:sensor:GOA_RUNOFF_DISCHARGE:q,58.069320239858385,-154.46915010358515,1994-03-25T00:00:00Z,4.041293691292657
urn:ioos:station:GOA_RUNOFF_DISCHARGE,urn:ioos:sensor:GOA_RUNOFF_DISCHARGE:q,58.069320239858385,-154.46915010358515,1994-03-26T00:00:00Z,2.6507273922783554
urn:ioos:station:GOA_RUNOFF_DISCHARGE,urn:ioos:sensor:GOA_RUNOFF_DISCHARGE:q,58.069320239858385,-154.46915010358515,1994-03-27T00:00:00Z,1.72239704408403
urn:ioos:station:GOA_RUNOFF_DISCHARGE,urn:ioos:sensor:GOA_RUNOFF_DISCHARGE:q,58.069320239858385,-154.46915010358515,1994-03-28T00:00:00Z,6.647974092273578
urn:ioos:station:GOA_RUNOFF_DISCHARGE,urn:ioos:sensor:GOA_RUNOFF_DISCHARGE:q,58.069320239858385,-154.46915010358515,1994-03-29T00:00:00Z,5.681406195360648
urn:ioos:station:GOA_RUNOFF_DISCHARGE,urn:ioos:sensor:GOA_RUNOFF_DISCHARGE:q,58.069320239858385,-154.46915010358515,1994-03-30T00:00:00Z,4.165210749913153
urn:ioos:station:GOA_RUNOFF_DISCHARGE,urn:ioos:sensor:GOA_RUNOFF_DISCHARGE:q,58.069320239858385,-154.46915010358515,1994-03-31T00:00:00Z,2.958063599330694
urn:ioos:station:GOA_RUNOFF_DISCHARGE,urn:ioos:sensor:GOA_RUNOFF_DISCHARGE:q,58.069320239858385,-154.46915010358515,1994-04-01T00:00:00Z,3.148963363807227
urn:ioos:station:GOA_RUNOFF_DISCHARGE,urn:ioos:sensor:GOA_RUNOFF_DISCHARGE:q,58.069320239858385,-154.46915010358515,1994-04-02T00:00:00Z,3.3316826269491098
urn:ioos:station:GOA_RUNOFF_DISCHARGE,urn:ioos:sensor:GOA_RUNOFF_DISCHARGE:q,58.069320239858385,-154.46915010358515,1994-04-03T00:00:00Z,2.4129476797686698
urn:ioos:station:GOA_RUNOFF_DISCHARGE,urn:ioos:sensor:GOA_RUNOFF_DISCHARGE:q,58.069320239858385,-154.46915010358515,1994-04-04T00:00:00Z,1.713345632858488
urn:ioos:station:GOA_RUNOFF_DISCHARGE,urn:ioos:sensor:GOA_RUNOFF_DISCHARGE:q,58.069320239858385,-154.46915010358515,1994-04-05T00:00:00Z,1.213244966949935
urn:ioos:station:GOA_RUNOFF_DISCHARGE,urn:ioos:sensor:GOA_RUNOFF_DISCHARGE:q,58.069320239858385,-154.46915010358515,1994-04-06T00:00:00Z,0.8587838520129576
urn:ioos:station:GOA_RUNOFF_DISCHARGE,urn:ioos:sensor:GOA_RUNOFF_DISCHARGE:q,58.069320239858385,-154.46915010358515,1994-04-07T00:00:00Z,0.6078488614210228
urn:ioos:station:GOA_RUNOFF_DISCHARGE,urn:ioos:sensor:GOA_RUNOFF_DISCHARGE:q,58.069320239858385,-154.46915010358515,1994-04-08T00:00:00Z,0.4302332354856704
urn:ioos:station:GOA_RUNOFF_DISCHARGE,urn:ioos:sensor:GOA_RUNOFF_DISCHARGE:q,58.069320239858385,-154.46915010358515,1994-04-09T00:00:00Z,0.30451726117815914
urn:ioos:station:GOA_RUNOFF_DISCHARGE,urn:ioos:sensor:GOA_RUNOFF_DISCHARGE:q,58.069320239858385,-154.46915010358515,1994-04-10T00:00:00Z,1.1838112384576793
urn:ioos:station:GOA_RUNOFF_DISCHARGE,urn:ioos:sensor:GOA_RUNOFF_DISCHARGE:q,58.069320239858385,-154.46915010358515,1994-04-11T00:00:00Z,0.8078316108955774
urn:ioos:station:GOA_RUNOFF_DISCHARGE,urn:ioos:sensor:GOA_RUNOFF_DISCHARGE:q,58.069320239858385,-154.46915010358515,1994-04-12T00:00:00Z,1.848593860634926
urn:ioos:station:GOA_RUNOFF_DISCHARGE,urn:ioos:sensor:GOA_RUNOFF_DISCHARGE:q,58.069320239858385,-154.46915010358515,1994-04-13T00:00:00Z,1.2362800073344624
urn:ioos:station:GOA_RUNOFF_DISCHARGE,urn:ioos:sensor:GOA_RUNOFF_DISCHARGE:q,58.069320239858385,-154.46915010358515,1994-04-14T00:00:00Z,0.8046342402024933
urn:ioos:station:GOA_RUNOFF_DISCHARGE,urn:ioos:sensor:GOA_RUNOFF_DISCHARGE:q,58.069320239858385,-154.46915010358515,1994-04-15T00:00:00Z,0.5224900226458762
urn:ioos:station:GOA_RUNOFF_DISCHARGE,urn:ioos:sensor:GOA_RUNOFF_DISCHARGE:q,58.069320239858385,-154.46915010358515,1994-04-16T00:00:00Z,0.3392118379524151
urn:ioos:station:GOA_RUNOFF_DISCHARGE,urn:ioos:sensor:GOA_RUNOFF_DISCHARGE:q,58.069320239858385,-154.46915010358515,1994-04-17T00:00:00Z,0.9472707307391188
urn:ioos:station:GOA_RUNOFF_DISCHARGE,urn:ioos:sensor:GOA_RUNOFF_DISCHARGE:q,58.069320239858385,-154.46915010358515,1994-04-18T00:00:00Z,3.9063631746017937
urn:ioos:station:GOA_RUNOFF_DISCHARGE,urn:ioos:sensor:GOA_RUNOFF_DISCHARGE:q,58.069320239858385,-154.46915010358515,1994-04-19T00:00:00Z,3.0181829563940146
urn:ioos:station:GOA_RUNOFF_DISCHARGE,urn:ioos:sensor:GOA_RUNOFF_DISCHARGE:q,58.069320239858385,-154.46915010358515,1994-04-20T00:00:00Z,2.3100019208290146
urn:ioos:station:GOA_RUNOFF_DISCHARGE,urn:ioos:sensor:GOA_RUNOFF_DISCHARGE:q,58.069320239858385,-154.46915010358515,1994-04-21T00:00:00Z,2.9132072669987026
urn:ioos:station:GOA_RUNOFF_DISCHARGE,urn:ioos:sensor:GOA_RUNOFF_DISCHARGE:q,58.069320239858385,-154.46915010358515,1994-04-22T00:00:00Z,2.2389246229119357
urn:ioos:station:GOA_RUNOFF_DISCHARGE,urn:ioos:sensor:GOA_RUNOFF_DISCHARGE:q,58.069320239858385,-154.46915010358515,1994-04-23T00:00:00Z,1.5962757414723139
urn:ioos:station:GOA_RUNOFF_DISCHARGE,urn:ioos:sensor:GOA_RUNOFF_DISCHARGE:q,58.069320239858385,-154.46915010358515,1994-04-24T00:00:00Z,1.1309929216080719
urn:ioos:station:GOA_RUNOFF_DISCHARGE,urn:ioos:sensor:GOA_RUNOFF_DISCHARGE:q,58.069320239858385,-154.46915010358515,1994-04-25T00:00:00Z,0.8006270680240044
urn:ioos:station:GOA_RUNOFF_DISCHARGE,urn:ioos:sensor:GOA_RUNOFF_DISCHARGE:q,58.069320239858385,-154.46915010358515,1994-04-26T00:00:00Z,1.3697956243460914
urn:ioos:station:GOA_RUNOFF_DISCHARGE,urn:ioos:sensor:GOA_RUNOFF_DISCHARGE:q,58.069320239858385,-154.46915010358515,1994-04-27T00:00:00Z,1.478916160723641
urn:ioos:station:GOA_RUNOFF_DISCHARGE,urn:ioos:sensor:GOA_RUNOFF_DISCHARGE:q,58.069320239858385,-154.46915010358515,1994-04-28T00:00:00Z,2.723879350162104
urn:ioos:station:GOA_RUNOFF_DISCHARGE,urn:ioos:sensor:GOA_RUNOFF_DISCHARGE:q,58.069320239858385,-154.46915010358515,1994-04-29T00:00:00Z,2.00865736333419
urn:ioos:station:GOA_RUNOFF_DISCHARGE,urn:ioos:sensor:GOA_RUNOFF_DISCHARGE:q,58.069320239858385,-154.46915010358515,1994-04-30T00:00:00Z,1.4297780301712824
urn:ioos:station:GOA_RUNOFF_DISCHARGE,urn:ioos:sensor:GOA_RUNOFF_DISCHARGE:q,58.069320239858385,-154.46915010358515,1994-05-01T00:00:00Z,1.2539609252507897
urn:ioos:station:GOA_RUNOFF_DISCHARGE,urn:ioos:sensor:GOA_RUNOFF_DISCHARGE:q,58.069320239858385,-154.46915010358515,1994-05-02T00:00:00Z,0.8990368598748326
urn:ioos:station:GOA_RUNOFF_DISCHARGE,urn:ioos:sensor:GOA_RUNOFF_DISCHARGE:q,58.069320239858385,-154.46915010358515,1994-05-03T00:00:00Z,1.5485208052693251
urn:ioos:station:GOA_RUNOFF_DISCHARGE,urn:ioos:sensor:GOA_RUNOFF_DISCHARGE:q,58.069320239858385,-154.46915010358515,1994-05-04T00:00:00Z,1.891744551466101
urn:ioos:station:GOA_RUNOFF_DISCHARGE,urn:ioos:sensor:GOA_RUNOFF_DISCHARGE:q,58.069320239858385,-154.46915010358515,1994-05-05T00:00:00Z,1.9923274082078264
urn:ioos:station:GOA_RUNOFF_DISCHARGE,urn:ioos:sensor:GOA_RUNOFF_DISCHARGE:q,58.069320239858385,-154.46915010358515,1994-05-06T00:00:00Z,1.5078870703343021
urn:ioos:station:GOA_RUNOFF_DISCHARGE,urn:ioos:sensor:GOA_RUNOFF_DISCHARGE:q,58.069320239858385,-154.46915010358515,1994-05-07T00:00:00Z,1.0736333753742244
urn:ioos:station:GOA_RUNOFF_DISCHARGE,urn:ioos:sensor:GOA_RUNOFF_DISCHARGE:q,58.069320239858385,-154.46915010358515,1994-05-08T00:00:00Z,0.7605477816894588
urn:ioos:station:GOA_RUNOFF_DISCHARGE,urn:ioos:sensor:GOA_RUNOFF_DISCHARGE:q,58.069320239858385,-154.46915010358515,1994-05-09T00:00:00Z,0.5383757742606696
urn:ioos:station:GOA_RUNOFF_DISCHARGE,urn:ioos:sensor:GOA_RUNOFF_DISCHARGE:q,58.069320239858385,-154.46915010358515,1994-05-10T00:00:00Z,1.64623557945345
urn:ioos:station:GOA_RUNOFF_DISCHARGE,urn:ioos:sensor:GOA_RUNOFF_DISCHARGE:q,58.069320239858385,-154.46915010358515,1994-05-11T00:00:00Z,1.3087233971408183
urn:ioos:station:GOA_RUNOFF_DISCHARGE,urn:ioos:sensor:GOA_RUNOFF_DISCHARGE:q,58.069320239858385,-154.46915010358515,1994-05-12T00:00:00Z,0.936243459143291
urn:ioos:station:GOA_RUNOFF_DISCHARGE,urn:ioos:sensor:GOA_RUNOFF_DISCHARGE:q,58.069320239858385,-154.46915010358515,1994-05-13T00:00:00Z,0.6636610296886073
urn:ioos:station:GOA_RUNOFF_DISCHARGE,urn:ioos:sensor:GOA_RUNOFF_DISCHARGE:q,58.069320239858385,-154.46915010358515,1994-05-14T00:00:00Z,0.4698353960729668
urn:ioos:station:GOA_RUNOFF_DISCHARGE,urn:ioos:sensor:GOA_RUNOFF_DISCHARGE:q,58.069320239858385,-154.46915010358515,1994-05-15T00:00:00Z,0.33255730361956465
urn:ioos:station:GOA_RUNOFF_DISCHARGE,urn:ioos:sensor:GOA_RUNOFF_DISCHARGE:q,58.069320239858385,-154.46915010358515,1994-05-16T00:00:00Z,0.23538359207195989
urn:ioos:station:GOA_RUNOFF_DISCHARGE,urn:ioos:sensor:GOA_RUNOFF_DISCHARGE:q,58.069320239858385,-154.46915010358515,1994-05-17T00:00:00Z,1.8824163435018229
urn:ioos:station:GOA_RUNOFF_DISCHARGE,urn:ioos:sensor:GOA_RUNOFF_DISCHARGE:q,58.069320239858385,-154.46915010358515,1994-05-18T00:00:00Z,3.1849416775475428
urn:ioos:station:GOA_RUNOFF_DISCHARGE,urn:ioos:sensor:GOA_RUNOFF_DISCHARGE:q,58.069320239858385,-154.46915010358515,1994-05-19T00:00:00Z,3.7320975259265095
urn:ioos:station:GOA_RUNOFF_DISCHARGE,urn:ioos:sensor:GOA_RUNOFF_DISCHARGE:q,58.069320239858385,-154.46915010358515,1994-05-20T00:00:00Z,2.9100356815531434
urn:ioos:station:GOA_RUNOFF_DISCHARGE,urn:ioos:sensor:GOA_RUNOFF_DISCHARGE:q,58.069320239858385,-154.46915010358515,1994-05-21T00:00:00Z,3.1348427834101122
urn:ioos:station:GOA_RUNOFF_DISCHARGE,urn:ioos:sensor:GOA_RUNOFF_DISCHARGE:q,58.069320239858385,-154.46915010358515,1994-05-22T00:00:00Z,3.2058892968990236
urn:ioos:station:GOA_RUNOFF_DISCHARGE,urn:ioos:sensor:GOA_RUNOFF_DISCHARGE:q,58.069320239858385,-154.46915010358515,1994-05-23T00:00:00Z,2.6246869234259416
urn:ioos:station:GOA_RUNOFF_DISCHARGE,urn:ioos:sensor:GOA_RUNOFF_DISCHARGE:q,58.069320239858385,-154.46915010358515,1994-05-24T00:00:00Z,1.9674385927066003
urn:ioos:station:GOA_RUNOFF_DISCHARGE,urn:ioos:sensor:GOA_RUNOFF_DISCHARGE:q,58.069320239858385,-154.46915010358515,1994-05-25T00:00:00Z,1.3987541675625312
urn:ioos:station:GOA_RUNOFF_DISCHARGE,urn:ioos:sensor:GOA_RUNOFF_DISCHARGE:q,58.069320239858385,-154.46915010358515,1994-05-26T00:00:00Z,0.9906520416667793
urn:ioos:station:GOA_RUNOFF_DISCHARGE,urn:ioos:sensor:GOA_RUNOFF_DISCHARGE:q,58.069320239858385,-154.46915010358515,1994-05-27T00:00:00Z,0.7012410545953276
urn:ioos:station:GOA_RUNOFF_DISCHARGE,urn:ioos:sensor:GOA_RUNOFF_DISCHARGE:q,58.069320239858385,-154.46915010358515,1994-05-28T00:00:00Z,0.4963414794014131
urn:ioos:station:GOA_RUNOFF_DISCHARGE,urn:ioos:sensor:GOA_RUNOFF_DISCHARGE:q,58.069320239858385,-154.46915010358515,1994-05-29T00:00:00Z,0.35130890131640813
urn:ioos:station:GOA_RUNOFF_DISCHARGE,urn:ioos:sensor:GOA_RUNOFF_DISCHARGE:q,58.069320239858385,-154.46915010358515,1994-05-30T00:00:00Z,0.24865496954676355
urn:ioos:station:GOA_RUNOFF_DISCHARGE,urn:ioos:sensor:GOA_RUNOFF_DISCHARGE:q,58.069320239858385,-154.46915010358515,1994-05-31T00:00:00Z,0.17599687808754744
urn:ioos:station:GOA_RUNOFF_DISCHARGE,urn:ioos:sensor:GOA_RUNOFF_DISCHARGE:q,58.069320239858385,-154.46915010358515,1994-06-01T00:00:00Z,0.12456982169949803
urn:ioos:station:GOA_RUNOFF_DISCHARGE,urn:ioos:sensor:GOA_RUNOFF_DISCHARGE:q,58.069320239858385,-154.46915010358515,1994-06-02T00:00:00Z,0.08816995698489898
urn:ioos:station:GOA_RUNOFF_DISCHARGE,urn:ioos:sensor:GOA_RUNOFF_DISCHARGE:q,58.069320239858385,-154.46915010358515,1994-06-03T00:00:00Z,0.06240630953823146
urn:ioos:station:GOA_RUNOFF_DISCHARGE,urn:ioos:sensor:GOA_RUNOFF_DISCHARGE:q,58.069320239858385,-154.46915010358515,1994-06-04T00:00:00Z,0.04417090602091208
urn:ioos:station:GOA_RUNOFF_DISCHARGE,urn:ioos:sensor:GOA_RUNOFF_DISCHARGE:q,58.069320239858385,-154.46915010358515,1994-06-05T00:00:00Z,0.031263971281653265
urn:ioos:station:GOA_RUNOFF_DISCHARGE,urn:ioos:sensor:GOA_RUNOFF_DISCHARGE:q,58.069320239858385,-154.46915010358515,1994-06-06T00:00:00Z,0.022128498998053164
urn:ioos:station:GOA_RUNOFF_DISCHARGE,urn:ioos:sensor:GOA_RUNOFF_DISCHARGE:q,58.069320239858385,-154.46915010358515,1994-06-07T00:00:00Z,0.09399833560488069
urn:ioos:station:GOA_RUNOFF_DISCHARGE,urn:ioos:sensor:GOA_RUNOFF_DISCHARGE:q,58.069320239858385,-154.46915010358515,1994-06-08T00:00:00Z,1.0167035613395607
urn:ioos:station:GOA_RUNOFF_DISCHARGE,urn:ioos:sensor:GOA_RUNOFF_DISCHARGE:q,58.069320239858385,-154.46915010358515,1994-06-09T00:00:00Z,0.7647612358481467
urn:ioos:station:GOA_RUNOFF_DISCHARGE,urn:ioos:sensor:GOA_RUNOFF_DISCHARGE:q,58.069320239858385,-154.46915010358515,1994-06-10T00:00:00Z,0.7424031897685325
urn:ioos:station:GOA_RUNOFF_DISCHARGE,urn:ioos:sensor:GOA_RUNOFF_DISCHARGE:q,58.069320239858385,-154.46915010358515,1994-06-11T00:00:00Z,0.5352201072587355
urn:ioos:station:GOA_RUNOFF_DISCHARGE,urn:ioos:sensor:GOA_RUNOFF_DISCHARGE:q,58.069320239858385,-154.46915010358515,1994-06-12T00:00:00Z,0.3798000869214599
urn:ioos:station:GOA_RUNOFF_DISCHARGE,urn:ioos:sensor:GOA_RUNOFF_DISCHARGE:q,58.069320239858385,-154.46915010358515,1994-06-13T00:00:00Z,0.268918062933021
urn:ioos:station:GOA_RUNOFF_DISCHARGE,urn:ioos:sensor:GOA_RUNOFF_DISCHARGE:q,58.069320239858385,-154.46915010358515,1994-06-14T00:00:00Z,0.19034871992340124
urn:ioos:station:GOA_RUNOFF_DISCHARGE,urn:ioos:sensor:GOA_RUNOFF_DISCHARGE:q,58.069320239858385,-154.46915010358515,1994-06-15T00:00:00Z,0.1347289296648536
urn:ioos:station:GOA_RUNOFF_DISCHARGE,urn:ioos:sensor:GOA_RUNOFF_DISCHARGE:q,58.069320239858385,-154.46915010358515,1994-06-16T00:00:00Z,0.09536063699699271
urn:ioos:station:GOA_RUNOFF_DISCHARGE,urn:ioos:sensor:GOA_RUNOFF_DISCHARGE:q,58.069320239858385,-154.46915010358515,1994-06-17T00:00:00Z,0.06749584954868952
urn:ioos:station:GOA_RUNOFF_DISCHARGE,urn:ioos:sensor:GOA_RUNOFF_DISCHARGE:q,58.069320239858385,-154.46915010358515,1994-06-18T00:00:00Z,0.04777326790240098
urn:ioos:station:GOA_RUNOFF_DISCHARGE,urn:ioos:sensor:GOA_RUNOFF_DISCHARGE:q,58.069320239858385,-154.46915010358515,1994-06-19T00:00:00Z,0.0338137055225944
urn:ioos:station:GOA_RUNOFF_DISCHARGE,urn:ioos:sensor:GOA_RUNOFF_DISCHARGE:q,58.069320239858385,-154.46915010358515,1994-06-20T00:00:00Z,0.023933190876518635
urn:ioos:station:GOA_RUNOFF_DISCHARGE,urn:ioos:sensor:GOA_RUNOFF_DISCHARGE:q,58.069320239858385,-154.46915010358515,1994-06-21T00:00:00Z,1.6158913422973187
urn:ioos:station:GOA_RUNOFF_DISCHARGE,urn:ioos:sensor:GOA_RUNOFF_DISCHARGE:q,58.069320239858385,-154.46915010358515,1994-06-22T00:00:00Z,1.2193597542201187
urn:ioos:station:GOA_RUNOFF_DISCHARGE,urn:ioos:sensor:GOA_RUNOFF_DISCHARGE:q,58.069320239858385,-154.46915010358515,1994-06-23T00:00:00Z,0.8706105978394417
urn:ioos:station:GOA_RUNOFF_DISCHARGE,urn:ioos:sensor:GOA_RUNOFF_DISCHARGE:q,58.069320239858385,-154.46915010358515,1994-06-24T00:00:00Z,0.7413436923657695
urn:ioos:station:GOA_RUNOFF_DISCHARGE,urn:ioos:sensor:GOA_RUNOFF_DISCHARGE:q,58.069320239858385,-154.46915010358515,1994-06-25T00:00:00Z,0.5306786805384175
urn:ioos:station:GOA_RUNOFF_DISCHARGE,urn:ioos:sensor:GOA_RUNOFF_DISCHARGE:q,58.069320239858385,-154.46915010358515,1994-06-26T00:00:00Z,0.3762070573919929
urn:ioos:station:GOA_RUNOFF_DISCHARGE,urn:ioos:sensor:GOA_RUNOFF_DISCHARGE:q,58.069320239858385,-154.46915010358515,1994-06-27T00:00:00Z,1.0592542189362413
urn:ioos:station:GOA_RUNOFF_DISCHARGE,urn:ioos:sensor:GOA_RUNOFF_DISCHARGE:q,58.069320239858385,-154.46915010358515,1994-06-28T00:00:00Z,0.7872505104196287
urn:ioos:station:GOA_RUNOFF_DISCHARGE,urn:ioos:sensor:GOA_RUNOFF_DISCHARGE:q,58.069320239858385,-154.46915010358515,1994-06-29T00:00:00Z,0.5609586519118146
urn:ioos:station:GOA_RUNOFF_DISCHARGE,urn:ioos:sensor:GOA_RUNOFF_DISCHARGE:q,58.069320239858385,-154.46915010358515,1994-06-30T00:00:00Z,0.39741812040759905
urn:ioos:station:GOA_RUNOFF_DISCHARGE,urn:ioos:sensor:GOA_RUNOFF_DISCHARGE:q,58.069320239858385,-154.46915010358515,1994-07-01T00:00:00Z,0.28132813420606273
urn:ioos:station:GOA_RUNOFF_DISCHARGE,urn:ioos:sensor:GOA_RUNOFF_DISCHARGE:q,58.069320239858385,-154.46915010358515,1994-07-02T00:00:00Z,0.19912652467680106
urn:ioos:station:GOA_RUNOFF_DISCHARGE,urn:ioos:sensor:GOA_RUNOFF_DISCHARGE:q,58.069320239858385,-154.46915010358515,1994-07-03T00:00:00Z,0.14094125851392375
urn:ioos:station:GOA_RUNOFF_DISCHARGE,urn:ioos:sensor:GOA_RUNOFF_DISCHARGE:q,58.069320239858385,-154.46915010358515,1994-07-04T00:00:00Z,0.5647626994873525
urn:ioos:station:GOA_RUNOFF_DISCHARGE,urn:ioos:sensor:GOA_RUNOFF_DISCHARGE:q,58.069320239858385,-154.46915010358515,1994-07-05T00:00:00Z,0.42173374038093825
urn:ioos:station:GOA_RUNOFF_DISCHARGE,urn:ioos:sensor:GOA_RUNOFF_DISCHARGE:q,58.069320239858385,-154.46915010358515,1994-07-06T00:00:00Z,0.30069785427788387
urn:ioos:station:GOA_RUNOFF_DISCHARGE,urn:ioos:sensor:GOA_RUNOFF_DISCHARGE:q,58.069320239858385,-154.46915010358515,1994-07-07T00:00:00Z,0.21305198902679717
urn:ioos:station:GOA_RUNOFF_DISCHARGE,urn:ioos:sensor:GOA_RUNOFF_DISCHARGE:q,58.069320239858385,-154.46915010358515,1994-07-08T00:00:00Z,0.15081914612346117
urn:ioos:station:GOA_RUNOFF_DISCHARGE,urn:ioos:sensor:GOA_RUNOFF_DISCHARGE:q,58.069320239858385,-154.46915010358515,1994-07-09T00:00:00Z,0.3213602572179672
urn:ioos:station:GOA_RUNOFF_DISCHARGE,urn:ioos:sensor:GOA_RUNOFF_DISCHARGE:q,58.069320239858385,-154.46915010358515,1994-07-10T00:00:00Z,2.4246975960821207
urn:ioos:station:GOA_RUNOFF_DISCHARGE,urn:ioos:sensor:GOA_RUNOFF_DISCHARGE:q,58.069320239858385,-154.46915010358515,1994-07-11T00:00:00Z,4.71817406751017
urn:ioos:station:GOA_RUNOFF_DISCHARGE,urn:ioos:sensor:GOA_RUNOFF_DISCHARGE:q,58.069320239858385,-154.46915010358515,1994-07-12T00:00:00Z,3.4870032227924215
urn:ioos:station:GOA_RUNOFF_DISCHARGE,urn:ioos:sensor:GOA_RUNOFF_DISCHARGE:q,58.069320239858385,-154.46915010358515,1994-07-13T00:00:00Z,2.4828146497407038
urn:ioos:station:GOA_RUNOFF_DISCHARGE,urn:ioos:sensor:GOA_RUNOFF_DISCHARGE:q,58.069320239858385,-154.46915010358515,1994-07-14T00:00:00Z,1.7587960783426342
urn:ioos:station:GOA_RUNOFF_DISCHARGE,urn:ioos:sensor:GOA_RUNOFF_DISCHARGE:q,58.069320239858385,-154.46915010358515,1994-07-15T00:00:00Z,1.2450147599335126
urn:ioos:station:GOA_RUNOFF_DISCHARGE,urn:ioos:sensor:GOA_RUNOFF_DISCHARGE:q,58.069320239858385,-154.46915010358515,1994-07-16T00:00:00Z,0.9254388484221359
urn:ioos:station:GOA_RUNOFF_DISCHARGE,urn:ioos:sensor:GOA_RUNOFF_DISCHARGE:q,58.069320239858385,-154.46915010358515,1994-07-17T00:00:00Z,1.7327635029333404
urn:ioos:station:GOA_RUNOFF_DISCHARGE,urn:ioos:sensor:GOA_RUNOFF_DISCHARGE:q,58.069320239858385,-154.46915010358515,1994-07-18T00:00:00Z,2.8193939586339534
urn:ioos:station:GOA_RUNOFF_DISCHARGE,urn:ioos:sensor:GOA_RUNOFF_DISCHARGE:q,58.069320239858385,-154.46915010358515,1994-07-19T00:00:00Z,2.073594746520487
urn:ioos:station:GOA_RUNOFF_DISCHARGE,urn:ioos:sensor:GOA_RUNOFF_DISCHARGE:q,58.069320239858385,-154.46915010358515,1994-07-20T00:00:00Z,1.9224291275780836
urn:ioos:station:GOA_RUNOFF_DISCHARGE,urn:ioos:sensor:GOA_RUNOFF_DISCHARGE:q,58.069320239858385,-154.46915010358515,1994-07-21T00:00:00Z,3.795349527449331
urn:ioos:station:GOA_RUNOFF_DISCHARGE,urn:ioos:sensor:GOA_RUNOFF_DISCHARGE:q,58.069320239858385,-154.46915010358515,1994-07-22T00:00:00Z,3.2116004661110122
urn:ioos:station:GOA_RUNOFF_DISCHARGE,urn:ioos:sensor:GOA_RUNOFF_DISCHARGE:q,58.069320239858385,-154.46915010358515,1994-07-23T00:00:00Z,2.3041178852127016
urn:ioos:station:GOA_RUNOFF_DISCHARGE,urn:ioos:sensor:GOA_RUNOFF_DISCHARGE:q,58.069320239858385,-154.46915010358515,1994-07-24T00:00:00Z,1.6339360163840861
urn:ioos:station:GOA_RUNOFF_DISCHARGE,urn:ioos:sensor:GOA_RUNOFF_DISCHARGE:q,58.069320239858385,-154.46915010358515,1994-07-25T00:00:00Z,1.5449036349596499
urn:ioos:station:GOA_RUNOFF_DISCHARGE,urn:ioos:sensor:GOA_RUNOFF_DISCHARGE:q,58.069320239858385,-154.46915010358515,1994-07-26T00:00:00Z,1.111866056469572
urn:ioos:station:GOA_RUNOFF_DISCHARGE,urn:ioos:sensor:GOA_RUNOFF_DISCHARGE:q,58.069320239858385,-154.46915010358515,1994-07-27T00:00:00Z,0.7888101890014201
urn:ioos:station:GOA_RUNOFF_DISCHARGE,urn:ioos:sensor:GOA_RUNOFF_DISCHARGE:q,58.069320239858385,-154.46915010358515,1994-07-28T00:00:00Z,0.558499778601286
urn:ioos:station:GOA_RUNOFF_DISCHARGE,urn:ioos:sensor:GOA_RUNOFF_DISCHARGE:q,58.069320239858385,-154.46915010358515,1994-07-29T00:00:00Z,0.39532198369777427
urn:ioos:station:GOA_RUNOFF_DISCHARGE,urn:ioos:sensor:GOA_RUNOFF_DISCHARGE:q,58.069320239858385,-154.46915010358515,1994-07-30T00:00:00Z,0.27980894240960696
urn:ioos:station:GOA_RUNOFF_DISCHARGE,urn:ioos:sensor:GOA_RUNOFF_DISCHARGE:q,58.069320239858385,-154.46915010358515,1994-07-31T00:00:00Z,0.1980477212277407
urn:ioos:station:GOA_RUNOFF_DISCHARGE,urn:ioos:sensor:GOA_RUNOFF_DISCHARGE:q,58.069320239858385,-154.46915010358515,1994-08-01T00:00:00Z,0.14017732122197993
urn:ioos:station:GOA_RUNOFF_DISCHARGE,urn:ioos:sensor:GOA_RUNOFF_DISCHARGE:q,58.069320239858385,-154.46915010358515,1994-08-02T00:00:00Z,0.09921687996516064
urn:ioos:station:GOA_RUNOFF_DISCHARGE,urn:ioos:sensor:GOA_RUNOFF_DISCHARGE:q,58.069320239858385,-154.46915010358515,1994-08-03T00:00:00Z,2.40086045031923
urn:ioos:station:GOA_RUNOFF_DISCHARGE,urn:ioos:sensor:GOA_RUNOFF_DISCHARGE:q,58.069320239858385,-154.46915010358515,1994-08-04T00:00:00Z,3.5946632090780266
urn:ioos:station:GOA_RUNOFF_DISCHARGE,urn:ioos:sensor:GOA_RUNOFF_DISCHARGE:q,58.069320239858385,-154.46915010358515,1994-08-05T00:00:00Z,2.6397410350293655
urn:ioos:station:GOA_RUNOFF_DISCHARGE,urn:ioos:sensor:GOA_RUNOFF_DISCHARGE:q,58.069320239858385,-154.46915010358515,1994-08-06T00:00:00Z,1.877928789530798
urn:ioos:station:GOA_RUNOFF_DISCHARGE,urn:ioos:sensor:GOA_RUNOFF_DISCHARGE:q,58.069320239858385,-154.46915010358515,1994-08-07T00:00:00Z,1.3301414657022428
urn:ioos:station:GOA_RUNOFF_DISCHARGE,urn:ioos:sensor:GOA_RUNOFF_DISCHARGE:q,58.069320239858385,-154.46915010358515,1994-08-08T00:00:00Z,0.941563179355227
urn:ioos:station:GOA_RUNOFF_DISCHARGE,urn:ioos:sensor:GOA_RUNOFF_DISCHARGE:q,58.069320239858385,-154.46915010358515,1994-08-09T00:00:00Z,0.6664437315031281
urn:ioos:station:GOA_RUNOFF_DISCHARGE,urn:ioos:sensor:GOA_RUNOFF_DISCHARGE:q,58.069320239858385,-154.46915010358515,1994-08-10T00:00:00Z,0.850997957055607
urn:ioos:station:GOA_RUNOFF_DISCHARGE,urn:ioos:sensor:GOA_RUNOFF_DISCHARGE:q,58.069320239858385,-154.46915010358515,1994-08-11T00:00:00Z,0.620275180031153
urn:ioos:station:GOA_RUNOFF_DISCHARGE,urn:ioos:sensor:GOA_RUNOFF_DISCHARGE:q,58.069320239858385,-154.46915010358515,1994-08-12T00:00:00Z,0.4408197240619468
urn:ioos:station:GOA_RUNOFF_DISCHARGE,urn:ioos:sensor:GOA_RUNOFF_DISCHARGE:q,58.069320239858385,-154.46915010358515,1994-08-13T00:00:00Z,0.31218912877177407
urn:ioos:station:GOA_RUNOFF_DISCHARGE,urn:ioos:sensor:GOA_RUNOFF_DISCHARGE:q,58.069320239858385,-154.46915010358515,1994-08-14T00:00:00Z,0.22098394557121145
urn:ioos:station:GOA_RUNOFF_DISCHARGE,urn:ioos:sensor:GOA_RUNOFF_DISCHARGE:q,58.069320239858385,-154.46915010358515,1994-08-15T00:00:00Z,0.15641324570717816
urn:ioos:station:GOA_RUNOFF_DISCHARGE,urn:ioos:sensor:GOA_RUNOFF_DISCHARGE:q,58.069320239858385,-154.46915010358515,1994-08-16T00:00:00Z,0.11070877935663118
urn:ioos:station:GOA_RUNOFF_DISCHARGE,urn:ioos:sensor:GOA_RUNOFF_DISCHARGE:q,58.069320239858385,-154.46915010358515,1994-08-17T00:00:00Z,0.07835919653122668
urn:ioos:station:GOA_RUNOFF_DISCHARGE,urn:ioos:sensor:GOA_RUNOFF_DISCHARGE:q,58.069320239858385,-154.46915010358515,1994-08-18T00:00:00Z,0.05546229962363332
urn:ioos:station:GOA_RUNOFF_DISCHARGE,urn:ioos:sensor:GOA_RUNOFF_DISCHARGE:q,58.069320239858385,-154.46915010358515,1994-08-19T00:00:00Z,0.03925596732779797
urn:ioos:station:GOA_RUNOFF_DISCHARGE,urn:ioos:sensor:GOA_RUNOFF_DISCHARGE:q,58.069320239858385,-154.46915010358515,1994-08-20T00:00:00Z,0.02778520139693038
urn:ioos:station:GOA_RUNOFF_DISCHARGE,urn:ioos:sensor:GOA_RUNOFF_DISCHARGE:q,58.069320239858385,-154.46915010358515,1994-08-21T00:00:00Z,0.01966624219602055
urn:ioos:station:GOA_RUNOFF_DISCHARGE,urn:ioos:sensor:GOA_RUNOFF_DISCHARGE:q,58.069320239858385,-154.46915010358515,1994-08-22T00:00:00Z,0.01391967993620984
urn:ioos:station:GOA_RUNOFF_DISCHARGE,urn:ioos:sensor:GOA_RUNOFF_DISCHARGE:q,58.069320239858385,-154.46915010358515,1994-08-23T00:00:00Z,0.009852287364585682
urn:ioos:station:GOA_RUNOFF_DISCHARGE,urn:ioos:sensor:GOA_RUNOFF_DISCHARGE:q,58.069320239858385,-154.46915010358515,1994-08-24T00:00:00Z,0.006973405281779068
urn:ioos:station:GOA_RUNOFF_DISCHARGE,urn:ioos:sensor:GOA_RUNOFF_DISCHARGE:q,58.069320239858385,-154.46915010358515,1994-08-25T00:00:00Z,0.00493574480194182
urn:ioos:station:GOA_RUNOFF_DISCHARGE,urn:ioos:sensor:GOA_RUNOFF_DISCHARGE:q,58.069320239858385,-154.46915010358515,1994-08-26T00:00:00Z,2.8795590976673693
urn:ioos:station:GOA_RUNOFF_DISCHARGE,urn:ioos:sensor:GOA_RUNOFF_DISCHARGE:q,58.069320239858385,-154.46915010358515,1994-08-27T00:00:00Z,2.174192469246755
urn:ioos:station:GOA_RUNOFF_DISCHARGE,urn:ioos:sensor:GOA_RUNOFF_DISCHARGE:q,58.069320239858385,-154.46915010358515,1994-08-28T00:00:00Z,1.5524698948621904
urn:ioos:station:GOA_RUNOFF_DISCHARGE,urn:ioos:sensor:GOA_RUNOFF_DISCHARGE:q,58.069320239858385,-154.46915010358515,1994-08-29T00:00:00Z,1.1001879047098189
urn:ioos:station:GOA_RUNOFF_DISCHARGE,urn:ioos:sensor:GOA_RUNOFF_DISCHARGE:q,58.069320239858385,-154.46915010358515,1994-08-30T00:00:00Z,0.7788435988248232
urn:ioos:station:GOA_RUNOFF_DISCHARGE,urn:ioos:sensor:GOA_RUNOFF_DISCHARGE:q,58.069320239858385,-154.46915010358515,1994-08-31T00:00:00Z,0.5512756007899523
urn:ioos:station:GOA_RUNOFF_DISCHARGE,urn:ioos:sensor:GOA_RUNOFF_DISCHARGE:q,58.069320239858385,-154.46915010358515,1994-09-01T00:00:00Z,1.4901436626599427
urn:ioos:station:GOA_RUNOFF_DISCHARGE,urn:ioos:sensor:GOA_RUNOFF_DISCHARGE:q,58.069320239858385,-154.46915010358515,1994-09-02T00:00:00Z,1.0586153762730741
urn:ioos:station:GOA_RUNOFF_DISCHARGE,urn:ioos:sensor:GOA_RUNOFF_DISCHARGE:q,58.069320239858385,-154.46915010358515,1994-09-03T00:00:00Z,0.7496725904310736
urn:ioos:station:GOA_RUNOFF_DISCHARGE,urn:ioos:sensor:GOA_RUNOFF_DISCHARGE:q,58.069320239858385,-154.46915010358515,1994-09-04T00:00:00Z,0.53065381619259
urn:ioos:station:GOA_RUNOFF_DISCHARGE,urn:ioos:sensor:GOA_RUNOFF_DISCHARGE:q,58.069320239858385,-154.46915010358515,1994-09-05T00:00:00Z,0.3755982755913738
urn:ioos:station:GOA_RUNOFF_DISCHARGE,urn:ioos:sensor:GOA_RUNOFF_DISCHARGE:q,58.069320239858385,-154.46915010358515,1994-09-06T00:00:00Z,0.265847217555279
urn:ioos:station:GOA_RUNOFF_DISCHARGE,urn:ioos:sensor:GOA_RUNOFF_DISCHARGE:q,58.069320239858385,-154.46915010358515,1994-09-07T00:00:00Z,0.1881655086691605
urn:ioos:station:GOA_RUNOFF_DISCHARGE,urn:ioos:sensor:GOA_RUNOFF_DISCHARGE:q,58.069320239858385,-154.46915010358515,1994-09-08T00:00:00Z,0.46874471956988034
urn:ioos:station:GOA_RUNOFF_DISCHARGE,urn:ioos:sensor:GOA_RUNOFF_DISCHARGE:q,58.069320239858385,-154.46915010358515,1994-09-09T00:00:00Z,0.34764930374996367
urn:ioos:station:GOA_RUNOFF_DISCHARGE,urn:ioos:sensor:GOA_RUNOFF_DISCHARGE:q,58.069320239858385,-154.46915010358515,1994-09-10T00:00:00Z,4.466990499238652
urn:ioos:station:GOA_RUNOFF_DISCHARGE,urn:ioos:sensor:GOA_RUNOFF_DISCHARGE:q,58.069320239858385,-154.46915010358515,1994-09-11T00:00:00Z,3.745543743166418
urn:ioos:station:GOA_RUNOFF_DISCHARGE,urn:ioos:sensor:GOA_RUNOFF_DISCHARGE:q,58.069320239858385,-154.46915010358515,1994-09-12T00:00:00Z,2.6891955610934453
urn:ioos:station:GOA_RUNOFF_DISCHARGE,urn:ioos:sensor:GOA_RUNOFF_DISCHARGE:q,58.069320239858385,-154.46915010358515,1994-09-13T00:00:00Z,3.777312483690913
urn:ioos:station:GOA_RUNOFF_DISCHARGE,urn:ioos:sensor:GOA_RUNOFF_DISCHARGE:q,58.069320239858385,-154.46915010358515,1994-09-14T00:00:00Z,5.5635123600701455
urn:ioos:station:GOA_RUNOFF_DISCHARGE,urn:ioos:sensor:GOA_RUNOFF_DISCHARGE:q,58.069320239858385,-154.46915010358515,1994-09-15T00:00:00Z,6.70103486938435
urn:ioos:station:GOA_RUNOFF_DISCHARGE,urn:ioos:sensor:GOA_RUNOFF_DISCHARGE:q,58.069320239858385,-154.46915010358515,1994-09-16T00:00:00Z,4.881106836783503
urn:ioos:station:GOA_RUNOFF_DISCHARGE,urn:ioos:sensor:GOA_RUNOFF_DISCHARGE:q,58.069320239858385,-154.46915010358515,1994-09-17T00:00:00Z,4.207801927184516
urn:ioos:station:GOA_RUNOFF_DISCHARGE,urn:ioos:sensor:GOA_RUNOFF_DISCHARGE:q,58.069320239858385,-154.46915010358515,1994-09-18T00:00:00Z,3.7133663854030847
urn:ioos:station:GOA_RUNOFF_DISCHARGE,urn:ioos:sensor:GOA_RUNOFF_DISCHARGE:q,58.069320239858385,-154.46915010358515,1994-09-19T00:00:00Z,3.288068722564184
urn:ioos:station:GOA_RUNOFF_DISCHARGE,urn:ioos:sensor:GOA_RUNOFF_DISCHARGE:q,58.069320239858385,-154.46915010358515,1994-09-20T00:00:00Z,9.8482500986553
urn:ioos:station:GOA_RUNOFF_DISCHARGE,urn:ioos:sensor:GOA_RUNOFF_DISCHARGE:q,58.069320239858385,-154.46915010358515,1994-09-21T00:00:00Z,8.420851941584655
urn:ioos:station:GOA_RUNOFF_DISCHARGE,urn:ioos:sensor:GOA_RUNOFF_DISCHARGE:q,58.069320239858385,-154.46915010358515,1994-09-22T00:00:00Z,6.0476377495631874
urn:ioos:station:GOA_RUNOFF_DISCHARGE,urn:ioos:sensor:GOA_RUNOFF_DISCHARGE:q,58.069320239858385,-154.46915010358515,1994-09-23T00:00:00Z,5.5131737683766415
urn:ioos:station:GOA_RUNOFF_DISCHARGE,urn:ioos:sensor:GOA_RUNOFF_DISCHARGE:q,58.069320239858385,-154.46915010358515,1994-09-24T00:00:00Z,6.4262783225796865
urn:ioos:station:GOA_RUNOFF_DISCHARGE,urn:ioos:sensor:GOA_RUNOFF_DISCHARGE:q,58.069320239858385,-154.46915010358515,1994-09-25T00:00:00Z,4.670982328473783
urn:ioos:station:GOA_RUNOFF_DISCHARGE,urn:ioos:sensor:GOA_RUNOFF_DISCHARGE:q,58.069320239858385,-154.46915010358515,1994-09-26T00:00:00Z,3.318332446600493
urn:ioos:station:GOA_RUNOFF_DISCHARGE,urn:ioos:sensor:GOA_RUNOFF_DISCHARGE:q,58.069320239858385,-154.46915010358515,1994-09-27T00:00:00Z,2.349922483178158
urn:ioos:station:GOA_RUNOFF_DISCHARGE,urn:ioos:sensor:GOA_RUNOFF_DISCHARGE:q,58.069320239858385,-154.46915010358515,1994-09-28T00:00:00Z,1.6633865842216642
urn:ioos:station:GOA_RUNOFF_DISCHARGE,urn:ioos:sensor:GOA_RUNOFF_DISCHARGE:q,58.069320239858385,-154.46915010358515,1994-09-29T00:00:00Z,1.1773497974771485
urn:ioos:station:GOA_RUNOFF_DISCHARGE,urn:ioos:sensor:GOA_RUNOFF_DISCHARGE:q,58.069320239858385,-154.46915010358515,1994-09-30T00:00:00Z,0.8333241432380875
urn:ioos:station:GOA_RUNOFF_DISCHARGE,urn:ioos:sensor:GOA_RUNOFF_DISCHARGE:q,58.069320239858385,-154.46915010358515,1994-10-01T00:00:00Z,5.999170430118632
urn:ioos:station:GOA_RUNOFF_DISCHARGE,urn:ioos:sensor:GOA_RUNOFF_DISCHARGE:q,58.069320239858385,-154.46915010358515,1994-10-02T00:00:00Z,11.97767477369039
urn:ioos:station:GOA_RUNOFF_DISCHARGE,urn:ioos:sensor:GOA_RUNOFF_DISCHARGE:q,58.069320239858385,-154.46915010358515,1994-10-03T00:00:00Z,12.75896040648042
urn:ioos:station:GOA_RUNOFF_DISCHARGE,urn:ioos:sensor:GOA_RUNOFF_DISCHARGE:q,58.069320239858385,-154.46915010358515,1994-10-04T00:00:00Z,9.479376872155314
urn:ioos:station:GOA_RUNOFF_DISCHARGE,urn:ioos:sensor:GOA_RUNOFF_DISCHARGE:q,58.069320239858385,-154.46915010358515,1994-10-05T00:00:00Z,9.347823696660667
urn:ioos:station:GOA_RUNOFF_DISCHARGE,urn:ioos:sensor:GOA_RUNOFF_DISCHARGE:q,58.069320239858385,-154.46915010358515,1994-10-06T00:00:00Z,7.2909639704559766
urn:ioos:station:GOA_RUNOFF_DISCHARGE,urn:ioos:sensor:GOA_RUNOFF_DISCHARGE:q,58.069320239858385,-154.46915010358515,1994-10-07T00:00:00Z,5.199074722373979
urn:ioos:station:GOA_RUNOFF_DISCHARGE,urn:ioos:sensor:GOA_RUNOFF_DISCHARGE:q,58.069320239858385,-154.46915010358515,1994-10-08T00:00:00Z,3.962990472428889
urn:ioos:station:GOA_RUNOFF_DISCHARGE,urn:ioos:sensor:GOA_RUNOFF_DISCHARGE:q,58.069320239858385,-154.46915010358515,1994-10-09T00:00:00Z,2.8185819864516906
urn:ioos:station:GOA_RUNOFF_DISCHARGE,urn:ioos:sensor:GOA_RUNOFF_DISCHARGE:q,58.069320239858385,-154.46915010358515,1994-10-10T00:00:00Z,4.081122163472069
urn:ioos:station:GOA_RUNOFF_DISCHARGE,urn:ioos:sensor:GOA_RUNOFF_DISCHARGE:q,58.069320239858385,-154.46915010358515,1994-10-11T00:00:00Z,4.322807814752232
urn:ioos:station:GOA_RUNOFF_DISCHARGE,urn:ioos:sensor:GOA_RUNOFF_DISCHARGE:q,58.069320239858385,-154.46915010358515,1994-10-12T00:00:00Z,3.132700239832612
urn:ioos:station:GOA_RUNOFF_DISCHARGE,urn:ioos:sensor:GOA_RUNOFF_DISCHARGE:q,58.069320239858385,-154.46915010358515,1994-10-13T00:00:00Z,2.2584153757782612
urn:ioos:station:GOA_RUNOFF_DISCHARGE,urn:ioos:sensor:GOA_RUNOFF_DISCHARGE:q,58.069320239858385,-154.46915010358515,1994-10-14T00:00:00Z,1.600824074955362
urn:ioos:station:GOA_RUNOFF_DISCHARGE,urn:ioos:sensor:GOA_RUNOFF_DISCHARGE:q,58.069320239858385,-154.46915010358515,1994-10-15T00:00:00Z,1.8765128373924806
urn:ioos:station:GOA_RUNOFF_DISCHARGE,urn:ioos:sensor:GOA_RUNOFF_DISCHARGE:q,58.069320239858385,-154.46915010358515,1994-10-16T00:00:00Z,1.2442836955432284
urn:ioos:station:GOA_RUNOFF_DISCHARGE,urn:ioos:sensor:GOA_RUNOFF_DISCHARGE:q,58.069320239858385,-154.46915010358515,1994-10-17T00:00:00Z,0.8092621001249738
urn:ioos:station:GOA_RUNOFF_DISCHARGE,urn:ioos:sensor:GOA_RUNOFF_DISCHARGE:q,58.069320239858385,-154.46915010358515,1994-10-18T00:00:00Z,0.6529850820903058
urn:ioos:station:GOA_RUNOFF_DISCHARGE,urn:ioos:sensor:GOA_RUNOFF_DISCHARGE:q,58.069320239858385,-154.46915010358515,1994-10-19T00:00:00Z,3.033242067178081
urn:ioos:station:GOA_RUNOFF_DISCHARGE,urn:ioos:sensor:GOA_RUNOFF_DISCHARGE:q,58.069320239858385,-154.46915010358515,1994-10-20T00:00:00Z,2.5901223253483927
urn:ioos:station:GOA_RUNOFF_DISCHARGE,urn:ioos:sensor:GOA_RUNOFF_DISCHARGE:q,58.069320239858385,-154.46915010358515,1994-10-21T00:00:00Z,1.7005126045916072
urn:ioos:station:GOA_RUNOFF_DISCHARGE,urn:ioos:sensor:GOA_RUNOFF_DISCHARGE:q,58.069320239858385,-154.46915010358515,1994-10-22T00:00:00Z,1.1050541466145192
urn:ioos:station:GOA_RUNOFF_DISCHARGE,urn:ioos:sensor:GOA_RUNOFF_DISCHARGE:q,58.069320239858385,-154.46915010358515,1994-10-23T00:00:00Z,3.1536954829575823
urn:ioos:station:GOA_RUNOFF_DISCHARGE,urn:ioos:sensor:GOA_RUNOFF_DISCHARGE:q,58.069320239858385,-154.46915010358515,1994-10-24T00:00:00Z,6.3313265166022825
urn:ioos:station:GOA_RUNOFF_DISCHARGE,urn:ioos:sensor:GOA_RUNOFF_DISCHARGE:q,58.069320239858385,-154.46915010358515,1994-10-25T00:00:00Z,5.269943107163153
urn:ioos:station:GOA_RUNOFF_DISCHARGE,urn:ioos:sensor:GOA_RUNOFF_DISCHARGE:q,58.069320239858385,-154.46915010358515,1994-10-26T00:00:00Z,3.454865595359458
urn:ioos:station:GOA_RUNOFF_DISCHARGE,urn:ioos:sensor:GOA_RUNOFF_DISCHARGE:q,58.069320239858385,-154.46915010358515,1994-10-27T00:00:00Z,2.2445310724452003
urn:ioos:station:GOA_RUNOFF_DISCHARGE,urn:ioos:sensor:GOA_RUNOFF_DISCHARGE:q,58.069320239858385,-154.46915010358515,1994-10-28T00:00:00Z,1.4572604995243088
urn:ioos:station:GOA_RUNOFF_DISCHARGE,urn:ioos:sensor:GOA_RUNOFF_DISCHARGE:q,58.069320239858385,-154.46915010358515,1994-10-29T00:00:00Z,0.9460722429587537
urn:ioos:station:GOA_RUNOFF_DISCHARGE,urn:ioos:sensor:GOA_RUNOFF_DISCHARGE:q,58.069320239858385,-154.46915010358515,1994-10-30T00:00:00Z,0.6141993337470271
urn:ioos:station:GOA_RUNOFF_DISCHARGE,urn:ioos:sensor:GOA_RUNOFF_DISCHARGE:q,58.069320239858385,-154.46915010358515,1994-10-31T00:00:00Z,0.43744458645193424
urn:ioos:station:GOA_RUNOFF_DISCHARGE,urn:ioos:sensor:GOA_RUNOFF_DISCHARGE:q,58.069320239858385,-154.46915010358515,1994-11-01T00:00:00Z,1.807078164988644
urn:ioos:station:GOA_RUNOFF_DISCHARGE,urn:ioos:sensor:GOA_RUNOFF_DISCHARGE:q,58.069320239858385,-154.46915010358515,1994-11-02T00:00:00Z,7.387572347029468
urn:ioos:station:GOA_RUNOFF_DISCHARGE,urn:ioos:sensor:GOA_RUNOFF_DISCHARGE:q,58.069320239858385,-154.46915010358515,1994-11-03T00:00:00Z,5.500645821686343
urn:ioos:station:GOA_RUNOFF_DISCHARGE,urn:ioos:sensor:GOA_RUNOFF_DISCHARGE:q,58.069320239858385,-154.46915010358515,1994-11-04T00:00:00Z,3.5975472100792523
urn:ioos:station:GOA_RUNOFF_DISCHARGE,urn:ioos:sensor:GOA_RUNOFF_DISCHARGE:q,58.069320239858385,-154.46915010358515,1994-11-05T00:00:00Z,2.3370477512201275
urn:ioos:station:GOA_RUNOFF_DISCHARGE,urn:ioos:sensor:GOA_RUNOFF_DISCHARGE:q,58.069320239858385,-154.46915010358515,1994-11-06T00:00:00Z,1.5173167090426707
urn:ioos:station:GOA_RUNOFF_DISCHARGE,urn:ioos:sensor:GOA_RUNOFF_DISCHARGE:q,58.069320239858385,-154.46915010358515,1994-11-07T00:00:00Z,0.9850609185689054
urn:ioos:station:GOA_RUNOFF_DISCHARGE,urn:ioos:sensor:GOA_RUNOFF_DISCHARGE:q,58.069320239858385,-154.46915010358515,1994-11-08T00:00:00Z,0.6395110404633998
urn:ioos:station:GOA_RUNOFF_DISCHARGE,urn:ioos:sensor:GOA_RUNOFF_DISCHARGE:q,58.069320239858385,-154.46915010358515,1994-11-09T00:00:00Z,2.696253877931223
urn:ioos:station:GOA_RUNOFF_DISCHARGE,urn:ioos:sensor:GOA_RUNOFF_DISCHARGE:q,58.069320239858385,-154.46915010358515,1994-11-10T00:00:00Z,6.112669196279996
urn:ioos:station:GOA_RUNOFF_DISCHARGE,urn:ioos:sensor:GOA_RUNOFF_DISCHARGE:q,58.069320239858385,-154.46915010358515,1994-11-11T00:00:00Z,4.4840882232658075
urn:ioos:station:GOA_RUNOFF_DISCHARGE,urn:ioos:sensor:GOA_RUNOFF_DISCHARGE:q,58.069320239858385,-154.46915010358515,1994-11-12T00:00:00Z,2.952369006349257
urn:ioos:station:GOA_RUNOFF_DISCHARGE,urn:ioos:sensor:GOA_RUNOFF_DISCHARGE:q,58.069320239858385,-154.46915010358515,1994-11-13T00:00:00Z,1.918378081011587
urn:ioos:station:GOA_RUNOFF_DISCHARGE,urn:ioos:sensor:GOA_RUNOFF_DISCHARGE:q,58.069320239858385,-154.46915010358515,1994-11-14T00:00:00Z,2.527278677949638
urn:ioos:station:GOA_RUNOFF_DISCHARGE,urn:ioos:sensor:GOA_RUNOFF_DISCHARGE:q,58.069320239858385,-154.46915010358515,1994-11-15T00:00:00Z,2.598037870108987
urn:ioos:station:GOA_RUNOFF_DISCHARGE,urn:ioos:sensor:GOA_RUNOFF_DISCHARGE:q,58.069320239858385,-154.46915010358515,1994-11-16T00:00:00Z,2.808237629243116
urn:ioos:station:GOA_RUNOFF_DISCHARGE,urn:ioos:sensor:GOA_RUNOFF_DISCHARGE:q,58.069320239858385,-154.46915010358515,1994-11-17T00:00:00Z,4.17983703689948
urn:ioos:station:GOA_RUNOFF_DISCHARGE,urn:ioos:sensor:GOA_RUNOFF_DISCHARGE:q,58.069320239858385,-154.46915010358515,1994-11-18T00:00:00Z,2.7788213978831093
urn:ioos:station:GOA_RUNOFF_DISCHARGE,urn:ioos:sensor:GOA_RUNOFF_DISCHARGE:q,58.069320239858385,-154.46915010358515,1994-11-19T00:00:00Z,2.1852788101085965
urn:ioos:station:GOA_RUNOFF_DISCHARGE,urn:ioos:sensor:GOA_RUNOFF_DISCHARGE:q,58.069320239858385,-154.46915010358515,1994-11-20T00:00:00Z,2.62629613336331
urn:ioos:station:GOA_RUNOFF_DISCHARGE,urn:ioos:sensor:GOA_RUNOFF_DISCHARGE:q,58.069320239858385,-154.46915010358515,1994-11-21T00:00:00Z,1.7437939319064162
urn:ioos:station:GOA_RUNOFF_DISCHARGE,urn:ioos:sensor:GOA_RUNOFF_DISCHARGE:q,58.069320239858385,-154.46915010358515,1994-11-22T00:00:00Z,1.134264227551712
urn:ioos:station:GOA_RUNOFF_DISCHARGE,urn:ioos:sensor:GOA_RUNOFF_DISCHARGE:q,58.069320239858385,-154.46915010358515,1994-11-23T00:00:00Z,0.7364971182901763
urn:ioos:station:GOA_RUNOFF_DISCHARGE,urn:ioos:sensor:GOA_RUNOFF_DISCHARGE:q,58.069320239858385,-154.46915010358515,1994-11-24T00:00:00Z,0.47814768501837296
urn:ioos:station:GOA_RUNOFF_DISCHARGE,urn:ioos:sensor:GOA_RUNOFF_DISCHARGE:q,58.069320239858385,-154.46915010358515,1994-11-25T00:00:00Z,0.31041836636521913
urn:ioos:station:GOA_RUNOFF_DISCHARGE,urn:ioos:sensor:GOA_RUNOFF_DISCHARGE:q,58.069320239858385,-154.46915010358515,1994-11-26T00:00:00Z,0.20152654250206722
urn:ioos:station:GOA_RUNOFF_DISCHARGE,urn:ioos:sensor:GOA_RUNOFF_DISCHARGE:q,58.069320239858385,-154.46915010358515,1994-11-27T00:00:00Z,0.1308329070322962
urn:ioos:station:GOA_RUNOFF_DISCHARGE,urn:ioos:sensor:GOA_RUNOFF_DISCHARGE:q,58.069320239858385,-154.46915010358515,1994-11-28T00:00:00Z,0.08493795381012653
urn:ioos:station:GOA_RUNOFF_DISCHARGE,urn:ioos:sensor:GOA_RUNOFF_DISCHARGE:q,58.069320239858385,-154.46915010358515,1994-11-29T00:00:00Z,0.055142520620408336
urn:ioos:station:GOA_RUNOFF_DISCHARGE,urn:ioos:sensor:GOA_RUNOFF_DISCHARGE:q,58.069320239858385,-154.46915010358515,1994-11-30T00:00:00Z,0.035799038024624176
urn:ioos:station:GOA_RUNOFF_DISCHARGE,urn:ioos:sensor:GOA_RUNOFF_DISCHARGE:q,58.069320239858385,-154.46915010358515,1994-12-01T00:00:00Z,0.023241071583460657
urn:ioos:station:GOA_RUNOFF_DISCHARGE,urn:ioos:sensor:GOA_RUNOFF_DISCHARGE:q,58.069320239858385,-154.46915010358515,1994-12-02T00:00:00Z,0.015088321662570152
urn:ioos:station:GOA_RUNOFF_DISCHARGE,urn:ioos:sensor:GOA_RUNOFF_DISCHARGE:q,58.069320239858385,-154.46915010358515,1994-12-03T00:00:00Z,0.009795480268924522
urn:ioos:station:GOA_RUNOFF_DISCHARGE,urn:ioos:sensor:GOA_RUNOFF_DISCHARGE:q,58.069320239858385,-154.46915010358515,1994-12-04T00:00:00Z,0.006359318018479669
urn:ioos:station:GOA_RUNOFF_DISCHARGE,urn:ioos:sensor:GOA_RUNOFF_DISCHARGE:q,58.069320239858385,-154.46915010358515,1994-12-05T00:00:00Z,0.0041285287274963655
urn:ioos:station:GOA_RUNOFF_DISCHARGE,urn:ioos:sensor:GOA_RUNOFF_DISCHARGE:q,58.069320239858385,-154.46915010358515,1994-12-06T00:00:00Z,0.0026802795080283198
urn:ioos:station:GOA_RUNOFF_DISCHARGE,urn:ioos:sensor:GOA_RUNOFF_DISCHARGE:q,58.069320239858385,-154.46915010358515,1994-12-07T00:00:00Z,0.0017400625142855017
urn:ioos:station:GOA_RUNOFF_DISCHARGE,urn:ioos:sensor:GOA_RUNOFF_DISCHARGE:q,58.069320239858385,-154.46915010358515,1994-12-08T00:00:00Z,0.001129664896053799
urn:ioos:station:GOA_RUNOFF_DISCHARGE,urn:ioos:sensor:GOA_RUNOFF_DISCHARGE:q,58.069320239858385,-154.46915010358515,1994-12-09T00:00:00Z,7.333891274791276E-4
urn:ioos:station:GOA_RUNOFF_DISCHARGE,urn:ioos:sensor:GOA_RUNOFF_DISCHARGE:q,58.069320239858385,-154.46915010358515,1994-12-10T00:00:00Z,4.761230718450051E-4
urn:ioos:station:GOA_RUNOFF_DISCHARGE,urn:ioos:sensor:GOA_RUNOFF_DISCHARGE:q,58.069320239858385,-154.46915010358515,1994-12-11T00:00:00Z,3.091035839118055E-4
urn:ioos:station:GOA_RUNOFF_DISCHARGE,urn:ioos:sensor:GOA_RUNOFF_DISCHARGE:q,58.069320239858385,-154.46915010358515,1994-12-12T00:00:00Z,2.0067296555364154E-4
urn:ioos:station:GOA_RUNOFF_DISCHARGE,urn:ioos:sensor:GOA_RUNOFF_DISCHARGE:q,58.069320239858385,-154.46915010358515,1994-12-13T00:00:00Z,1.3027877184416402E-4
urn:ioos:station:GOA_RUNOFF_DISCHARGE,urn:ioos:sensor:GOA_RUNOFF_DISCHARGE:q,58.069320239858385,-154.46915010358515,1994-12-14T00:00:00Z,8.457819806338212E-5
urn:ioos:station:GOA_RUNOFF_DISCHARGE,urn:ioos:sensor:GOA_RUNOFF_DISCHARGE:q,58.069320239858385,-154.46915010358515,1994-12-15T00:00:00Z,5.49089604283431E-5
urn:ioos:station:GOA_RUNOFF_DISCHARGE,urn:ioos:sensor:GOA_RUNOFF_DISCHARGE:q,58.069320239858385,-154.46915010358515,1994-12-16T00:00:00Z,3.564740628630288E-5
urn:ioos:station:GOA_RUNOFF_DISCHARGE,urn:ioos:sensor:GOA_RUNOFF_DISCHARGE:q,58.069320239858385,-154.46915010358515,1994-12-17T00:00:00Z,2.3142631505532342E-5
urn:ioos:station:GOA_RUNOFF_DISCHARGE,urn:ioos:sensor:GOA_RUNOFF_DISCHARGE:q,58.069320239858385,-154.46915010358515,1994-12-18T00:00:00Z,1.5024414073402999E-5
urn:ioos:station:GOA_RUNOFF_DISCHARGE,urn:ioos:sensor:GOA_RUNOFF_DISCHARGE:q,58.069320239858385,-154.46915010358515,1994-12-19T00:00:00Z,9.753990671681163E-6
urn:ioos:station:GOA_RUNOFF_DISCHARGE,urn:ioos:sensor:GOA_RUNOFF_DISCHARGE:q,58.069320239858385,-154.46915010358515,1994-12-20T00:00:00Z,6.332382033269992E-6
urn:ioos:station:GOA_RUNOFF_DISCHARGE,urn:ioos:sensor:GOA_RUNOFF_DISCHARGE:q,58.069320239858385,-154.46915010358515,1994-12-21T00:00:00Z,4.111041824990321E-6
urn:ioos:station:GOA_RUNOFF_DISCHARGE,urn:ioos:sensor:GOA_RUNOFF_DISCHARGE:q,58.069320239858385,-154.46915010358515,1994-12-22T00:00:00Z,2.6689268439983275E-6
urn:ioos:station:GOA_RUNOFF_DISCHARGE,urn:ioos:sensor:GOA_RUNOFF_DISCHARGE:q,58.069320239858385,-154.46915010358515,1994-12-23T00:00:00Z,1.732692200267794E-6
urn:ioos:station:GOA_RUNOFF_DISCHARGE,urn:ioos:sensor:GOA_RUNOFF_DISCHARGE:q,58.069320239858385,-154.46915010358515,1994-12-24T00:00:00Z,1.124880157602791E-6
urn:ioos:station:GOA_RUNOFF_DISCHARGE,urn:ioos:sensor:GOA_RUNOFF_DISCHARGE:q,58.069320239858385,-154.46915010358515,1994-12-25T00:00:00Z,7.30282840229425E-7
urn:ioos:station:GOA_RUNOFF_DISCHARGE,urn:ioos:sensor:GOA_RUNOFF_DISCHARGE:q,58.069320239858385,-154.46915010358515,1994-12-26T00:00:00Z,4.741064502026557E-7
urn:ioos:station:GOA_RUNOFF_DISCHARGE,urn:ioos:sensor:GOA_RUNOFF_DISCHARGE:q,58.069320239858385,-154.46915010358515,1994-12-27T00:00:00Z,3.0779436751454037E-7
urn:ioos:station:GOA_RUNOFF_DISCHARGE,urn:ioos:sensor:GOA_RUNOFF_DISCHARGE:q,58.069320239858385,-154.46915010358515,1994-12-28T00:00:00Z,2.4831627505822897
urn:ioos:station:GOA_RUNOFF_DISCHARGE,urn:ioos:sensor:GOA_RUNOFF_DISCHARGE:q,58.069320239858385,-154.46915010358515,1994-12-29T00:00:00Z,1.6797757401714266
urn:ioos:station:GOA_RUNOFF_DISCHARGE,urn:ioos:sensor:GOA_RUNOFF_DISCHARGE:q,58.069320239858385,-154.46915010358515,1994-12-30T00:00:00Z,1.0943255102833926
urn:ioos:station:GOA_RUNOFF_DISCHARGE,urn:ioos:sensor:GOA_RUNOFF_DISCHARGE:q,58.069320239858385,-154.46915010358515,1994-12-31T00:00:00Z,1.4301249469964001
urn:ioos:station:GOA_RUNOFF_DISCHARGE,urn:ioos:sensor:GOA_RUNOFF_DISCHARGE:q,58.069320239858385,-154.46915010358515,1995-01-01T00:00:00Z,14.275379236368206
urn:ioos:station:GOA_RUNOFF_DISCHARGE,urn:ioos:sensor:GOA_RUNOFF_DISCHARGE:q,58.069320239858385,-154.46915010358515,1995-01-02T00:00:00Z,19.070958512029875
urn:ioos:station:GOA_RUNOFF_DISCHARGE,urn:ioos:sensor:GOA_RUNOFF_DISCHARGE:q,58.069320239858385,-154.46915010358515,1995-01-03T00:00:00Z,22.474133368889397
urn:ioos:station:GOA_RUNOFF_DISCHARGE,urn:ioos:sensor:GOA_RUNOFF_DISCHARGE:q,58.069320239858385,-154.46915010358515,1995-01-04T00:00:00Z,29.853136594067948
urn:ioos:station:GOA_RUNOFF_DISCHARGE,urn:ioos:sensor:GOA_RUNOFF_DISCHARGE:q,58.069320239858385,-154.46915010358515,1995-01-05T00:00:00Z,21.76143333713828
urn:ioos:station:GOA_RUNOFF_DISCHARGE,urn:ioos:sensor:GOA_RUNOFF_DISCHARGE:q,58.069320239858385,-154.46915010358515,1995-01-06T00:00:00Z,14.386177918753038
urn:ioos:station:GOA_RUNOFF_DISCHARGE,urn:ioos:sensor:GOA_RUNOFF_DISCHARGE:q,58.069320239858385,-154.46915010358515,1995-01-07T00:00:00Z,10.227551089746159
urn:ioos:station:GOA_RUNOFF_DISCHARGE,urn:ioos:sensor:GOA_RUNOFF_DISCHARGE:q,58.069320239858385,-154.46915010358515,1995-01-08T00:00:00Z,7.868708226498249
urn:ioos:station:GOA_RUNOFF_DISCHARGE,urn:ioos:sensor:GOA_RUNOFF_DISCHARGE:q,58.069320239858385,-154.46915010358515,1995-01-09T00:00:00Z,5.14264081390332
urn:ioos:station:GOA_RUNOFF_DISCHARGE,urn:ioos:sensor:GOA_RUNOFF_DISCHARGE:q,58.069320239858385,-154.46915010358515,1995-01-10T00:00:00Z,3.3405706439020704
urn:ioos:station:GOA_RUNOFF_DISCHARGE,urn:ioos:sensor:GOA_RUNOFF_DISCHARGE:q,58.069320239858385,-154.46915010358515,1995-01-11T00:00:00Z,2.1688378205490135
urn:ioos:station:GOA_RUNOFF_DISCHARGE,urn:ioos:sensor:GOA_RUNOFF_DISCHARGE:q,58.069320239858385,-154.46915010358515,1995-01-12T00:00:00Z,1.4080358042124024
urn:ioos:station:GOA_RUNOFF_DISCHARGE,urn:ioos:sensor:GOA_RUNOFF_DISCHARGE:q,58.069320239858385,-154.46915010358515,1995-01-13T00:00:00Z,0.9141104419712854
urn:ioos:station:GOA_RUNOFF_DISCHARGE,urn:ioos:sensor:GOA_RUNOFF_DISCHARGE:q,58.069320239858385,-154.46915010358515,1995-01-14T00:00:00Z,0.5934490504735427
urn:ioos:station:GOA_RUNOFF_DISCHARGE,urn:ioos:sensor:GOA_RUNOFF_DISCHARGE:q,58.069320239858385,-154.46915010358515,1995-01-15T00:00:00Z,0.38527274259384325
urn:ioos:station:GOA_RUNOFF_DISCHARGE,urn:ioos:sensor:GOA_RUNOFF_DISCHARGE:q,58.069320239858385,-154.46915010358515,1995-01-16T00:00:00Z,2.2377561302154256
urn:ioos:station:GOA_RUNOFF_DISCHARGE,urn:ioos:sensor:GOA_RUNOFF_DISCHARGE:q,58.069320239858385,-154.46915010358515,1995-01-17T00:00:00Z,3.730407013525006
urn:ioos:station:GOA_RUNOFF_DISCHARGE,urn:ioos:sensor:GOA_RUNOFF_DISCHARGE:q,58.069320239858385,-154.46915010358515,1995-01-18T00:00:00Z,2.545151011861622
urn:ioos:station:GOA_RUNOFF_DISCHARGE,urn:ioos:sensor:GOA_RUNOFF_DISCHARGE:q,58.069320239858385,-154.46915010358515,1995-01-19T00:00:00Z,1.6575355695090688
urn:ioos:station:GOA_RUNOFF_DISCHARGE,urn:ioos:sensor:GOA_RUNOFF_DISCHARGE:q,58.069320239858385,-154.46915010358515,1995-01-20T00:00:00Z,1.3751882931281934
urn:ioos:station:GOA_RUNOFF_DISCHARGE,urn:ioos:sensor:GOA_RUNOFF_DISCHARGE:q,58.069320239858385,-154.46915010358515,1995-01-21T00:00:00Z,0.9009462179868338
urn:ioos:station:GOA_RUNOFF_DISCHARGE,urn:ioos:sensor:GOA_RUNOFF_DISCHARGE:q,58.069320239858385,-154.46915010358515,1995-01-22T00:00:00Z,0.5853607708660089
urn:ioos:station:GOA_RUNOFF_DISCHARGE,urn:ioos:sensor:GOA_RUNOFF_DISCHARGE:q,58.069320239858385,-154.46915010358515,1995-01-23T00:00:00Z,0.38004744769522847
urn:ioos:station:GOA_RUNOFF_DISCHARGE,urn:ioos:sensor:GOA_RUNOFF_DISCHARGE:q,58.069320239858385,-154.46915010358515,1995-01-24T00:00:00Z,0.246731830798649
urn:ioos:station:GOA_RUNOFF_DISCHARGE,urn:ioos:sensor:GOA_RUNOFF_DISCHARGE:q,58.069320239858385,-154.46915010358515,1995-01-25T00:00:00Z,0.1601806874402477
urn:ioos:station:GOA_RUNOFF_DISCHARGE,urn:ioos:sensor:GOA_RUNOFF_DISCHARGE:q,58.069320239858385,-154.46915010358515,1995-01-26T00:00:00Z,0.10399081791937799
urn:ioos:station:GOA_RUNOFF_DISCHARGE,urn:ioos:sensor:GOA_RUNOFF_DISCHARGE:q,58.069320239858385,-154.46915010358515,1995-01-27T00:00:00Z,0.06751180910399748
urn:ioos:station:GOA_RUNOFF_DISCHARGE,urn:ioos:sensor:GOA_RUNOFF_DISCHARGE:q,58.069320239858385,-154.46915010358515,1995-01-28T00:00:00Z,1.4608404390939354
urn:ioos:station:GOA_RUNOFF_DISCHARGE,urn:ioos:sensor:GOA_RUNOFF_DISCHARGE:q,58.069320239858385,-154.46915010358515,1995-01-29T00:00:00Z,4.781177951804257
urn:ioos:station:GOA_RUNOFF_DISCHARGE,urn:ioos:sensor:GOA_RUNOFF_DISCHARGE:q,58.069320239858385,-154.46915010358515,1995-01-30T00:00:00Z,3.218548800974653
urn:ioos:station:GOA_RUNOFF_DISCHARGE,urn:ioos:sensor:GOA_RUNOFF_DISCHARGE:q,58.069320239858385,-154.46915010358515,1995-01-31T00:00:00Z,2.0956837577470995
urn:ioos:station:GOA_RUNOFF_DISCHARGE,urn:ioos:sensor:GOA_RUNOFF_DISCHARGE:q,58.069320239858385,-154.46915010358515,1995-02-01T00:00:00Z,1.360883927063771
urn:ioos:station:GOA_RUNOFF_DISCHARGE,urn:ioos:sensor:GOA_RUNOFF_DISCHARGE:q,58.069320239858385,-154.46915010358515,1995-02-02T00:00:00Z,2.004900084409137
urn:ioos:station:GOA_RUNOFF_DISCHARGE,urn:ioos:sensor:GOA_RUNOFF_DISCHARGE:q,58.069320239858385,-154.46915010358515,1995-02-03T00:00:00Z,2.187608033615881
urn:ioos:station:GOA_RUNOFF_DISCHARGE,urn:ioos:sensor:GOA_RUNOFF_DISCHARGE:q,58.069320239858385,-154.46915010358515,1995-02-04T00:00:00Z,10.670184858594435
urn:ioos:station:GOA_RUNOFF_DISCHARGE,urn:ioos:sensor:GOA_RUNOFF_DISCHARGE:q,58.069320239858385,-154.46915010358515,1995-02-05T00:00:00Z,23.24324941730677
urn:ioos:station:GOA_RUNOFF_DISCHARGE,urn:ioos:sensor:GOA_RUNOFF_DISCHARGE:q,58.069320239858385,-154.46915010358515,1995-02-06T00:00:00Z,16.649218589084764
urn:ioos:station:GOA_RUNOFF_DISCHARGE,urn:ioos:sensor:GOA_RUNOFF_DISCHARGE:q,58.069320239858385,-154.46915010358515,1995-02-07T00:00:00Z,11.87917933798171
urn:ioos:station:GOA_RUNOFF_DISCHARGE,urn:ioos:sensor:GOA_RUNOFF_DISCHARGE:q,58.069320239858385,-154.46915010358515,1995-02-08T00:00:00Z,7.742853064477058
urn:ioos:station:GOA_RUNOFF_DISCHARGE,urn:ioos:sensor:GOA_RUNOFF_DISCHARGE:q,58.069320239858385,-154.46915010358515,1995-02-09T00:00:00Z,6.446507112377719
urn:ioos:station:GOA_RUNOFF_DISCHARGE,urn:ioos:sensor:GOA_RUNOFF_DISCHARGE:q,58.069320239858385,-154.46915010358515,1995-02-10T00:00:00Z,5.60485242660701
urn:ioos:station:GOA_RUNOFF_DISCHARGE,urn:ioos:sensor:GOA_RUNOFF_DISCHARGE:q,58.069320239858385,-154.46915010358515,1995-02-11T00:00:00Z,4.997848229378505
urn:ioos:station:GOA_RUNOFF_DISCHARGE,urn:ioos:sensor:GOA_RUNOFF_DISCHARGE:q,58.069320239858385,-154.46915010358515,1995-02-12T00:00:00Z,3.7591944005831306
urn:ioos:station:GOA_RUNOFF_DISCHARGE,urn:ioos:sensor:GOA_RUNOFF_DISCHARGE:q,58.069320239858385,-154.46915010358515,1995-02-13T00:00:00Z,2.702980143928425
urn:ioos:station:GOA_RUNOFF_DISCHARGE,urn:ioos:sensor:GOA_RUNOFF_DISCHARGE:q,58.069320239858385,-154.46915010358515,1995-02-14T00:00:00Z,1.7623911470115736
urn:ioos:station:GOA_RUNOFF_DISCHARGE,urn:ioos:sensor:GOA_RUNOFF_DISCHARGE:q,58.069320239858385,-154.46915010358515,1995-02-15T00:00:00Z,1.1445870093490924
urn:ioos:station:GOA_RUNOFF_DISCHARGE,urn:ioos:sensor:GOA_RUNOFF_DISCHARGE:q,58.069320239858385,-154.46915010358515,1995-02-16T00:00:00Z,0.7431005096894793
urn:ioos:station:GOA_RUNOFF_DISCHARGE,urn:ioos:sensor:GOA_RUNOFF_DISCHARGE:q,58.069320239858385,-154.46915010358515,1995-02-17T00:00:00Z,0.4824291872346233
urn:ioos:station:GOA_RUNOFF_DISCHARGE,urn:ioos:sensor:GOA_RUNOFF_DISCHARGE:q,58.069320239858385,-154.46915010358515,1995-02-18T00:00:00Z,0.313197614798375
urn:ioos:station:GOA_RUNOFF_DISCHARGE,urn:ioos:sensor:GOA_RUNOFF_DISCHARGE:q,58.069320239858385,-154.46915010358515,1995-02-19T00:00:00Z,0.20333083559720844
urn:ioos:station:GOA_RUNOFF_DISCHARGE,urn:ioos:sensor:GOA_RUNOFF_DISCHARGE:q,58.069320239858385,-154.46915010358515,1995-02-20T00:00:00Z,0.13200427754661004
urn:ioos:station:GOA_RUNOFF_DISCHARGE,urn:ioos:sensor:GOA_RUNOFF_DISCHARGE:q,58.069320239858385,-154.46915010358515,1995-02-21T00:00:00Z,0.08569841305369566
urn:ioos:station:GOA_RUNOFF_DISCHARGE,urn:ioos:sensor:GOA_RUNOFF_DISCHARGE:q,58.069320239858385,-154.46915010358515,1995-02-22T00:00:00Z,0.05563621026470429
urn:ioos:station:GOA_RUNOFF_DISCHARGE,urn:ioos:sensor:GOA_RUNOFF_DISCHARGE:q,58.069320239858385,-154.46915010358515,1995-02-23T00:00:00Z,0.03611955292697335
urn:ioos:station:GOA_RUNOFF_DISCHARGE,urn:ioos:sensor:GOA_RUNOFF_DISCHARGE:q,58.069320239858385,-154.46915010358515,1995-02-24T00:00:00Z,0.023449152199787198
urn:ioos:station:GOA_RUNOFF_DISCHARGE,urn:ioos:sensor:GOA_RUNOFF_DISCHARGE:q,58.069320239858385,-154.46915010358515,1995-02-25T00:00:00Z,0.015223410541463606
urn:ioos:station:GOA_RUNOFF_DISCHARGE,urn:ioos:sensor:GOA_RUNOFF_DISCHARGE:q,58.069320239858385,-154.46915010358515,1995-02-26T00:00:00Z,0.009883180738712858
urn:ioos:station:GOA_RUNOFF_DISCHARGE,urn:ioos:sensor:GOA_RUNOFF_DISCHARGE:q,58.069320239858385,-154.46915010358515,1995-02-27T00:00:00Z,0.838716351569341
urn:ioos:station:GOA_RUNOFF_DISCHARGE,urn:ioos:sensor:GOA_RUNOFF_DISCHARGE:q,58.069320239858385,-154.46915010358515,1995-02-28T00:00:00Z,2.332326946004911
urn:ioos:station:GOA_RUNOFF_DISCHARGE,urn:ioos:sensor:GOA_RUNOFF_DISCHARGE:q,58.069320239858385,-154.46915010358515,1995-03-01T00:00:00Z,4.633516363820145
urn:ioos:station:GOA_RUNOFF_DISCHARGE,urn:ioos:sensor:GOA_RUNOFF_DISCHARGE:q,58.069320239858385,-154.46915010358515,1995-03-02T00:00:00Z,4.559550065721197
urn:ioos:station:GOA_RUNOFF_DISCHARGE,urn:ioos:sensor:GOA_RUNOFF_DISCHARGE:q,58.069320239858385,-154.46915010358515,1995-03-03T00:00:00Z,4.48914528915793
urn:ioos:station:GOA_RUNOFF_DISCHARGE,urn:ioos:sensor:GOA_RUNOFF_DISCHARGE:q,58.069320239858385,-154.46915010358515,1995-03-04T00:00:00Z,4.5751201453898895
urn:ioos:station:GOA_RUNOFF_DISCHARGE,urn:ioos:sensor:GOA_RUNOFF_DISCHARGE:q,58.069320239858385,-154.46915010358515,1995-03-05T00:00:00Z,4.307656087568892
urn:ioos:station:GOA_RUNOFF_DISCHARGE,urn:ioos:sensor:GOA_RUNOFF_DISCHARGE:q,58.069320239858385,-154.46915010358515,1995-03-06T00:00:00Z,4.01030324425978
urn:ioos:station:GOA_RUNOFF_DISCHARGE,urn:ioos:sensor:GOA_RUNOFF_DISCHARGE:q,58.069320239858385,-154.46915010358515,1995-03-07T00:00:00Z,3.680112361998203
urn:ioos:station:GOA_RUNOFF_DISCHARGE,urn:ioos:sensor:GOA_RUNOFF_DISCHARGE:q,58.069320239858385,-154.46915010358515,1995-03-08T00:00:00Z,2.6473679428865435
urn:ioos:station:GOA_RUNOFF_DISCHARGE,urn:ioos:sensor:GOA_RUNOFF_DISCHARGE:q,58.069320239858385,-154.46915010358515,1995-03-09T00:00:00Z,1.878049296095761
urn:ioos:station:GOA_RUNOFF_DISCHARGE,urn:ioos:sensor:GOA_RUNOFF_DISCHARGE:q,58.069320239858385,-154.46915010358515,1995-03-10T00:00:00Z,1.3296998275596867
urn:ioos:station:GOA_RUNOFF_DISCHARGE,urn:ioos:sensor:GOA_RUNOFF_DISCHARGE:q,58.069320239858385,-154.46915010358515,1995-03-11T00:00:00Z,0.9411979760535483
urn:ioos:station:GOA_RUNOFF_DISCHARGE,urn:ioos:sensor:GOA_RUNOFF_DISCHARGE:q,58.069320239858385,-154.46915010358515,1995-03-12T00:00:00Z,0.6070062363679779
urn:ioos:station:GOA_RUNOFF_DISCHARGE,urn:ioos:sensor:GOA_RUNOFF_DISCHARGE:q,58.069320239858385,-154.46915010358515,1995-03-13T00:00:00Z,0.4320880301721055
urn:ioos:station:GOA_RUNOFF_DISCHARGE,urn:ioos:sensor:GOA_RUNOFF_DISCHARGE:q,58.069320239858385,-154.46915010358515,1995-03-14T00:00:00Z,0.3060748348417852
urn:ioos:station:GOA_RUNOFF_DISCHARGE,urn:ioos:sensor:GOA_RUNOFF_DISCHARGE:q,58.069320239858385,-154.46915010358515,1995-03-15T00:00:00Z,0.19741902492791713
urn:ioos:station:GOA_RUNOFF_DISCHARGE,urn:ioos:sensor:GOA_RUNOFF_DISCHARGE:q,58.069320239858385,-154.46915010358515,1995-03-16T00:00:00Z,0.12809400560475398
urn:ioos:station:GOA_RUNOFF_DISCHARGE,urn:ioos:sensor:GOA_RUNOFF_DISCHARGE:q,58.069320239858385,-154.46915010358515,1995-03-17T00:00:00Z,0.08315577057805754
urn:ioos:station:GOA_RUNOFF_DISCHARGE,urn:ioos:sensor:GOA_RUNOFF_DISCHARGE:q,58.069320239858385,-154.46915010358515,1995-03-18T00:00:00Z,0.053985276080344397
urn:ioos:station:GOA_RUNOFF_DISCHARGE,urn:ioos:sensor:GOA_RUNOFF_DISCHARGE:q,58.069320239858385,-154.46915010358515,1995-03-19T00:00:00Z,0.03504773435284042
urn:ioos:station:GOA_RUNOFF_DISCHARGE,urn:ioos:sensor:GOA_RUNOFF_DISCHARGE:q,58.069320239858385,-154.46915010358515,1995-03-20T00:00:00Z,0.022753318466177765
urn:ioos:station:GOA_RUNOFF_DISCHARGE,urn:ioos:sensor:GOA_RUNOFF_DISCHARGE:q,58.069320239858385,-154.46915010358515,1995-03-21T00:00:00Z,0.01477166714724678
urn:ioos:station:GOA_RUNOFF_DISCHARGE,urn:ioos:sensor:GOA_RUNOFF_DISCHARGE:q,58.069320239858385,-154.46915010358515,1995-03-22T00:00:00Z,0.009589905409671704
urn:ioos:station:GOA_RUNOFF_DISCHARGE,urn:ioos:sensor:GOA_RUNOFF_DISCHARGE:q,58.069320239858385,-154.46915010358515,1995-03-23T00:00:00Z,0.006225856648333648
urn:ioos:station:GOA_RUNOFF_DISCHARGE,urn:ioos:sensor:GOA_RUNOFF_DISCHARGE:q,58.069320239858385,-154.46915010358515,1995-03-24T00:00:00Z,0.00404188457101095
urn:ioos:station:GOA_RUNOFF_DISCHARGE,urn:ioos:sensor:GOA_RUNOFF_DISCHARGE:q,58.069320239858385,-154.46915010358515,1995-03-25T00:00:00Z,0.0026240294756706708
urn:ioos:station:GOA_RUNOFF_DISCHARGE,urn:ioos:sensor:GOA_RUNOFF_DISCHARGE:q,58.069320239858385,-154.46915010358515,1995-03-26T00:00:00Z,0.00170354454803939
urn:ioos:station:GOA_RUNOFF_DISCHARGE,urn:ioos:sensor:GOA_RUNOFF_DISCHARGE:q,58.069320239858385,-154.46915010358515,1995-03-27T00:00:00Z,1.5503927353051996
urn:ioos:station:GOA_RUNOFF_DISCHARGE,urn:ioos:sensor:GOA_RUNOFF_DISCHARGE:q,58.069320239858385,-154.46915010358515,1995-03-28T00:00:00Z,2.4520570592798627
urn:ioos:station:GOA_RUNOFF_DISCHARGE,urn:ioos:sensor:GOA_RUNOFF_DISCHARGE:q,58.069320239858385,-154.46915010358515,1995-03-29T00:00:00Z,3.563189946440985
urn:ioos:station:GOA_RUNOFF_DISCHARGE,urn:ioos:sensor:GOA_RUNOFF_DISCHARGE:q,58.069320239858385,-154.46915010358515,1995-03-30T00:00:00Z,3.2940253778572
urn:ioos:station:GOA_RUNOFF_DISCHARGE,urn:ioos:sensor:GOA_RUNOFF_DISCHARGE:q,58.069320239858385,-154.46915010358515,1995-03-31T00:00:00Z,2.5899557736985637
urn:ioos:station:GOA_RUNOFF_DISCHARGE,urn:ioos:sensor:GOA_RUNOFF_DISCHARGE:q,58.069320239858385,-154.46915010358515,1995-04-01T00:00:00Z,1.8475061441730094
urn:ioos:station:GOA_RUNOFF_DISCHARGE,urn:ioos:sensor:GOA_RUNOFF_DISCHARGE:q,58.069320239858385,-154.46915010358515,1995-04-02T00:00:00Z,1.3090893897868092
urn:ioos:station:GOA_RUNOFF_DISCHARGE,urn:ioos:sensor:GOA_RUNOFF_DISCHARGE:q,58.069320239858385,-154.46915010358515,1995-04-03T00:00:00Z,0.9168828165310577
urn:ioos:station:GOA_RUNOFF_DISCHARGE,urn:ioos:sensor:GOA_RUNOFF_DISCHARGE:q,58.069320239858385,-154.46915010358515,1995-04-04T00:00:00Z,1.2665613600604053
urn:ioos:station:GOA_RUNOFF_DISCHARGE,urn:ioos:sensor:GOA_RUNOFF_DISCHARGE:q,58.069320239858385,-154.46915010358515,1995-04-05T00:00:00Z,0.9259857982516494
urn:ioos:station:GOA_RUNOFF_DISCHARGE,urn:ioos:sensor:GOA_RUNOFF_DISCHARGE:q,58.069320239858385,-154.46915010358515,1995-04-06T00:00:00Z,1.4425646186811414
urn:ioos:station:GOA_RUNOFF_DISCHARGE,urn:ioos:sensor:GOA_RUNOFF_DISCHARGE:q,58.069320239858385,-154.46915010358515,1995-04-07T00:00:00Z,1.058432511507464
urn:ioos:station:GOA_RUNOFF_DISCHARGE,urn:ioos:sensor:GOA_RUNOFF_DISCHARGE:q,58.069320239858385,-154.46915010358515,1995-04-08T00:00:00Z,0.8029896413284707
urn:ioos:station:GOA_RUNOFF_DISCHARGE,urn:ioos:sensor:GOA_RUNOFF_DISCHARGE:q,58.069320239858385,-154.46915010358515,1995-04-09T00:00:00Z,1.179962264035051
urn:ioos:station:GOA_RUNOFF_DISCHARGE,urn:ioos:sensor:GOA_RUNOFF_DISCHARGE:q,58.069320239858385,-154.46915010358515,1995-04-10T00:00:00Z,0.8642486800209137
urn:ioos:station:GOA_RUNOFF_DISCHARGE,urn:ioos:sensor:GOA_RUNOFF_DISCHARGE:q,58.069320239858385,-154.46915010358515,1995-04-11T00:00:00Z,0.6146149235272876
urn:ioos:station:GOA_RUNOFF_DISCHARGE,urn:ioos:sensor:GOA_RUNOFF_DISCHARGE:q,58.069320239858385,-154.46915010358515,1995-04-12T00:00:00Z,0.4353115807848704
urn:ioos:station:GOA_RUNOFF_DISCHARGE,urn:ioos:sensor:GOA_RUNOFF_DISCHARGE:q,58.069320239858385,-154.46915010358515,1995-04-13T00:00:00Z,0.3081406146849449
urn:ioos:station:GOA_RUNOFF_DISCHARGE,urn:ioos:sensor:GOA_RUNOFF_DISCHARGE:q,58.069320239858385,-154.46915010358515,1995-04-14T00:00:00Z,0.5759673104386065
urn:ioos:station:GOA_RUNOFF_DISCHARGE,urn:ioos:sensor:GOA_RUNOFF_DISCHARGE:q,58.069320239858385,-154.46915010358515,1995-04-15T00:00:00Z,5.758489877262398
urn:ioos:station:GOA_RUNOFF_DISCHARGE,urn:ioos:sensor:GOA_RUNOFF_DISCHARGE:q,58.069320239858385,-154.46915010358515,1995-04-16T00:00:00Z,5.115995181078384
urn:ioos:station:GOA_RUNOFF_DISCHARGE,urn:ioos:sensor:GOA_RUNOFF_DISCHARGE:q,58.069320239858385,-154.46915010358515,1995-04-17T00:00:00Z,3.6796084972123855
urn:ioos:station:GOA_RUNOFF_DISCHARGE,urn:ioos:sensor:GOA_RUNOFF_DISCHARGE:q,58.069320239858385,-154.46915010358515,1995-04-18T00:00:00Z,4.30884378764366
urn:ioos:station:GOA_RUNOFF_DISCHARGE,urn:ioos:sensor:GOA_RUNOFF_DISCHARGE:q,58.069320239858385,-154.46915010358515,1995-04-19T00:00:00Z,3.130716354461821
urn:ioos:station:GOA_RUNOFF_DISCHARGE,urn:ioos:sensor:GOA_RUNOFF_DISCHARGE:q,58.069320239858385,-154.46915010358515,1995-04-20T00:00:00Z,2.2239891760700803
urn:ioos:station:GOA_RUNOFF_DISCHARGE,urn:ioos:sensor:GOA_RUNOFF_DISCHARGE:q,58.069320239858385,-154.46915010358515,1995-04-21T00:00:00Z,1.876295636149299
urn:ioos:station:GOA_RUNOFF_DISCHARGE,urn:ioos:sensor:GOA_RUNOFF_DISCHARGE:q,58.069320239858385,-154.46915010358515,1995-04-22T00:00:00Z,1.9414492996770802
urn:ioos:station:GOA_RUNOFF_DISCHARGE,urn:ioos:sensor:GOA_RUNOFF_DISCHARGE:q,58.069320239858385,-154.46915010358515,1995-04-23T00:00:00Z,1.4078924066623917
urn:ioos:station:GOA_RUNOFF_DISCHARGE,urn:ioos:sensor:GOA_RUNOFF_DISCHARGE:q,58.069320239858385,-154.46915010358515,1995-04-24T00:00:00Z,1.9322266007358375
urn:ioos:station:GOA_RUNOFF_DISCHARGE,urn:ioos:sensor:GOA_RUNOFF_DISCHARGE:q,58.069320239858385,-154.46915010358515,1995-04-25T00:00:00Z,5.612971622200097
urn:ioos:station:GOA_RUNOFF_DISCHARGE,urn:ioos:sensor:GOA_RUNOFF_DISCHARGE:q,58.069320239858385,-154.46915010358515,1995-04-26T00:00:00Z,4.308067862184978
urn:ioos:station:GOA_RUNOFF_DISCHARGE,urn:ioos:sensor:GOA_RUNOFF_DISCHARGE:q,58.069320239858385,-154.46915010358515,1995-04-27T00:00:00Z,3.0757666764124663
urn:ioos:station:GOA_RUNOFF_DISCHARGE,urn:ioos:sensor:GOA_RUNOFF_DISCHARGE:q,58.069320239858385,-154.46915010358515,1995-04-28T00:00:00Z,2.1796636777878997
urn:ioos:station:GOA_RUNOFF_DISCHARGE,urn:ioos:sensor:GOA_RUNOFF_DISCHARGE:q,58.069320239858385,-154.46915010358515,1995-04-29T00:00:00Z,1.5430209172181784
urn:ioos:station:GOA_RUNOFF_DISCHARGE,urn:ioos:sensor:GOA_RUNOFF_DISCHARGE:q,58.069320239858385,-154.46915010358515,1995-04-30T00:00:00Z,1.0921698109673592
urn:ioos:station:GOA_RUNOFF_DISCHARGE,urn:ioos:sensor:GOA_RUNOFF_DISCHARGE:q,58.069320239858385,-154.46915010358515,1995-05-01T00:00:00Z,0.7730355375985385
urn:ioos:station:GOA_RUNOFF_DISCHARGE,urn:ioos:sensor:GOA_RUNOFF_DISCHARGE:q,58.069320239858385,-154.46915010358515,1995-05-02T00:00:00Z,0.5471514083172115
urn:ioos:station:GOA_RUNOFF_DISCHARGE,urn:ioos:sensor:GOA_RUNOFF_DISCHARGE:q,58.069320239858385,-154.46915010358515,1995-05-03T00:00:00Z,0.38727136239179144
urn:ioos:station:GOA_RUNOFF_DISCHARGE,urn:ioos:sensor:GOA_RUNOFF_DISCHARGE:q,58.069320239858385,-154.46915010358515,1995-05-04T00:00:00Z,0.27410893913069856
urn:ioos:station:GOA_RUNOFF_DISCHARGE,urn:ioos:sensor:GOA_RUNOFF_DISCHARGE:q,58.069320239858385,-154.46915010358515,1995-05-05T00:00:00Z,1.890720508778685
urn:ioos:station:GOA_RUNOFF_DISCHARGE,urn:ioos:sensor:GOA_RUNOFF_DISCHARGE:q,58.069320239858385,-154.46915010358515,1995-05-06T00:00:00Z,5.416295962277992
urn:ioos:station:GOA_RUNOFF_DISCHARGE,urn:ioos:sensor:GOA_RUNOFF_DISCHARGE:q,58.069320239858385,-154.46915010358515,1995-05-07T00:00:00Z,5.197312905869627
urn:ioos:station:GOA_RUNOFF_DISCHARGE,urn:ioos:sensor:GOA_RUNOFF_DISCHARGE:q,58.069320239858385,-154.46915010358515,1995-05-08T00:00:00Z,3.832569479792401
urn:ioos:station:GOA_RUNOFF_DISCHARGE,urn:ioos:sensor:GOA_RUNOFF_DISCHARGE:q,58.069320239858385,-154.46915010358515,1995-05-09T00:00:00Z,3.7566627102598216
urn:ioos:station:GOA_RUNOFF_DISCHARGE,urn:ioos:sensor:GOA_RUNOFF_DISCHARGE:q,58.069320239858385,-154.46915010358515,1995-05-10T00:00:00Z,3.346196037698823
urn:ioos:station:GOA_RUNOFF_DISCHARGE,urn:ioos:sensor:GOA_RUNOFF_DISCHARGE:q,58.069320239858385,-154.46915010358515,1995-05-11T00:00:00Z,2.403559744751451
urn:ioos:station:GOA_RUNOFF_DISCHARGE,urn:ioos:sensor:GOA_RUNOFF_DISCHARGE:q,58.069320239858385,-154.46915010358515,1995-05-12T00:00:00Z,1.704737701578897
urn:ioos:station:GOA_RUNOFF_DISCHARGE,urn:ioos:sensor:GOA_RUNOFF_DISCHARGE:q,58.069320239858385,-154.46915010358515,1995-05-13T00:00:00Z,1.463409228599908
urn:ioos:station:GOA_RUNOFF_DISCHARGE,urn:ioos:sensor:GOA_RUNOFF_DISCHARGE:q,58.069320239858385,-154.46915010358515,1995-05-14T00:00:00Z,1.047961201422045
urn:ioos:station:GOA_RUNOFF_DISCHARGE,urn:ioos:sensor:GOA_RUNOFF_DISCHARGE:q,58.069320239858385,-154.46915010358515,1995-05-15T00:00:00Z,1.2595071215015732
urn:ioos:station:GOA_RUNOFF_DISCHARGE,urn:ioos:sensor:GOA_RUNOFF_DISCHARGE:q,58.069320239858385,-154.46915010358515,1995-05-16T00:00:00Z,0.9160304562314984
urn:ioos:station:GOA_RUNOFF_DISCHARGE,urn:ioos:sensor:GOA_RUNOFF_DISCHARGE:q,58.069320239858385,-154.46915010358515,1995-05-17T00:00:00Z,0.65081451678973
urn:ioos:station:GOA_RUNOFF_DISCHARGE,urn:ioos:sensor:GOA_RUNOFF_DISCHARGE:q,58.069320239858385,-154.46915010358515,1995-05-18T00:00:00Z,0.4608885400794167
urn:ioos:station:GOA_RUNOFF_DISCHARGE,urn:ioos:sensor:GOA_RUNOFF_DISCHARGE:q,58.069320239858385,-154.46915010358515,1995-05-19T00:00:00Z,2.663591336530789
urn:ioos:station:GOA_RUNOFF_DISCHARGE,urn:ioos:sensor:GOA_RUNOFF_DISCHARGE:q,58.069320239858385,-154.46915010358515,1995-05-20T00:00:00Z,2.004283869616247
urn:ioos:station:GOA_RUNOFF_DISCHARGE,urn:ioos:sensor:GOA_RUNOFF_DISCHARGE:q,58.069320239858385,-154.46915010358515,1995-05-21T00:00:00Z,1.5782031772198564
urn:ioos:station:GOA_RUNOFF_DISCHARGE,urn:ioos:sensor:GOA_RUNOFF_DISCHARGE:q,58.069320239858385,-154.46915010358515,1995-05-22T00:00:00Z,1.1251954507513064
urn:ioos:station:GOA_RUNOFF_DISCHARGE,urn:ioos:sensor:GOA_RUNOFF_DISCHARGE:q,58.069320239858385,-154.46915010358515,1995-05-23T00:00:00Z,3.6656726233842747
urn:ioos:station:GOA_RUNOFF_DISCHARGE,urn:ioos:sensor:GOA_RUNOFF_DISCHARGE:q,58.069320239858385,-154.46915010358515,1995-05-24T00:00:00Z,2.73032092597745
urn:ioos:station:GOA_RUNOFF_DISCHARGE,urn:ioos:sensor:GOA_RUNOFF_DISCHARGE:q,58.069320239858385,-154.46915010358515,1995-05-25T00:00:00Z,2.3562759155453326
urn:ioos:station:GOA_RUNOFF_DISCHARGE,urn:ioos:sensor:GOA_RUNOFF_DISCHARGE:q,58.069320239858385,-154.46915010358515,1995-05-26T00:00:00Z,1.9794955639574137
urn:ioos:station:GOA_RUNOFF_DISCHARGE,urn:ioos:sensor:GOA_RUNOFF_DISCHARGE:q,58.069320239858385,-154.46915010358515,1995-05-27T00:00:00Z,1.4169156646074728
urn:ioos:station:GOA_RUNOFF_DISCHARGE,urn:ioos:sensor:GOA_RUNOFF_DISCHARGE:q,58.069320239858385,-154.46915010358515,1995-05-28T00:00:00Z,1.0044681982742385
urn:ioos:station:GOA_RUNOFF_DISCHARGE,urn:ioos:sensor:GOA_RUNOFF_DISCHARGE:q,58.069320239858385,-154.46915010358515,1995-05-29T00:00:00Z,0.7111160150530415
urn:ioos:station:GOA_RUNOFF_DISCHARGE,urn:ioos:sensor:GOA_RUNOFF_DISCHARGE:q,58.069320239858385,-154.46915010358515,1995-05-30T00:00:00Z,0.7952554484235552
urn:ioos:station:GOA_RUNOFF_DISCHARGE,urn:ioos:sensor:GOA_RUNOFF_DISCHARGE:q,58.069320239858385,-154.46915010358515,1995-05-31T00:00:00Z,1.222999552400071
urn:ioos:station:GOA_RUNOFF_DISCHARGE,urn:ioos:sensor:GOA_RUNOFF_DISCHARGE:q,58.069320239858385,-154.46915010358515,1995-06-01T00:00:00Z,0.8975867028163294
urn:ioos:station:GOA_RUNOFF_DISCHARGE,urn:ioos:sensor:GOA_RUNOFF_DISCHARGE:q,58.069320239858385,-154.46915010358515,1995-06-02T00:00:00Z,0.6384987063832779
urn:ioos:station:GOA_RUNOFF_DISCHARGE,urn:ioos:sensor:GOA_RUNOFF_DISCHARGE:q,58.069320239858385,-154.46915010358515,1995-06-03T00:00:00Z,0.45224515408447885
urn:ioos:station:GOA_RUNOFF_DISCHARGE,urn:ioos:sensor:GOA_RUNOFF_DISCHARGE:q,58.069320239858385,-154.46915010358515,1995-06-04T00:00:00Z,0.3201289129806155
urn:ioos:station:GOA_RUNOFF_DISCHARGE,urn:ioos:sensor:GOA_RUNOFF_DISCHARGE:q,58.069320239858385,-154.46915010358515,1995-06-05T00:00:00Z,0.22658903019660356
urn:ioos:station:GOA_RUNOFF_DISCHARGE,urn:ioos:sensor:GOA_RUNOFF_DISCHARGE:q,58.069320239858385,-154.46915010358515,1995-06-06T00:00:00Z,0.1603790266433073
urn:ioos:station:GOA_RUNOFF_DISCHARGE,urn:ioos:sensor:GOA_RUNOFF_DISCHARGE:q,58.069320239858385,-154.46915010358515,1995-06-07T00:00:00Z,0.2171435881573222
urn:ioos:station:GOA_RUNOFF_DISCHARGE,urn:ioos:sensor:GOA_RUNOFF_DISCHARGE:q,58.069320239858385,-154.46915010358515,1995-06-08T00:00:00Z,0.15859545383635576
urn:ioos:station:GOA_RUNOFF_DISCHARGE,urn:ioos:sensor:GOA_RUNOFF_DISCHARGE:q,58.069320239858385,-154.46915010358515,1995-06-09T00:00:00Z,0.11274265653384809
urn:ioos:station:GOA_RUNOFF_DISCHARGE,urn:ioos:sensor:GOA_RUNOFF_DISCHARGE:q,58.069320239858385,-154.46915010358515,1995-06-10T00:00:00Z,0.07984764501119794
urn:ioos:station:GOA_RUNOFF_DISCHARGE,urn:ioos:sensor:GOA_RUNOFF_DISCHARGE:q,58.069320239858385,-154.46915010358515,1995-06-11T00:00:00Z,0.05652068701095762
urn:ioos:station:GOA_RUNOFF_DISCHARGE,urn:ioos:sensor:GOA_RUNOFF_DISCHARGE:q,58.069320239858385,-154.46915010358515,1995-06-12T00:00:00Z,0.04000558130941388
urn:ioos:station:GOA_RUNOFF_DISCHARGE,urn:ioos:sensor:GOA_RUNOFF_DISCHARGE:q,58.069320239858385,-154.46915010358515,1995-06-13T00:00:00Z,0.02831582166598971
urn:ioos:station:GOA_RUNOFF_DISCHARGE,urn:ioos:sensor:GOA_RUNOFF_DISCHARGE:q,58.069320239858385,-154.46915010358515,1995-06-14T00:00:00Z,0.02004182003088318
urn:ioos:station:GOA_RUNOFF_DISCHARGE,urn:ioos:sensor:GOA_RUNOFF_DISCHARGE:q,58.069320239858385,-154.46915010358515,1995-06-15T00:00:00Z,0.014185511161320465
urn:ioos:station:GOA_RUNOFF_DISCHARGE,urn:ioos:sensor:GOA_RUNOFF_DISCHARGE:q,58.069320239858385,-154.46915010358515,1995-06-16T00:00:00Z,0.010040442175994948
urn:ioos:station:GOA_RUNOFF_DISCHARGE,urn:ioos:sensor:GOA_RUNOFF_DISCHARGE:q,58.069320239858385,-154.46915010358515,1995-06-17T00:00:00Z,0.007106579384040714
urn:ioos:station:GOA_RUNOFF_DISCHARGE,urn:ioos:sensor:GOA_RUNOFF_DISCHARGE:q,58.069320239858385,-154.46915010358515,1995-06-18T00:00:00Z,0.005030006182427502
urn:ioos:station:GOA_RUNOFF_DISCHARGE,urn:ioos:sensor:GOA_RUNOFF_DISCHARGE:q,58.069320239858385,-154.46915010358515,1995-06-19T00:00:00Z,0.0035602157258516
urn:ioos:station:GOA_RUNOFF_DISCHARGE,urn:ioos:sensor:GOA_RUNOFF_DISCHARGE:q,58.069320239858385,-154.46915010358515,1995-06-20T00:00:00Z,0.002519904888557421
urn:ioos:station:GOA_RUNOFF_DISCHARGE,urn:ioos:sensor:GOA_RUNOFF_DISCHARGE:q,58.069320239858385,-154.46915010358515,1995-06-21T00:00:00Z,0.0017835774320158863
urn:ioos:station:GOA_RUNOFF_DISCHARGE,urn:ioos:sensor:GOA_RUNOFF_DISCHARGE:q,58.069320239858385,-154.46915010358515,1995-06-22T00:00:00Z,0.0012624083534369009
urn:ioos:station:GOA_RUNOFF_DISCHARGE,urn:ioos:sensor:GOA_RUNOFF_DISCHARGE:q,58.069320239858385,-154.46915010358515,1995-06-23T00:00:00Z,8.935269693512324E-4
urn:ioos:station:GOA_RUNOFF_DISCHARGE,urn:ioos:sensor:GOA_RUNOFF_DISCHARGE:q,58.069320239858385,-154.46915010358515,1995-06-24T00:00:00Z,6.324344438297097E-4
urn:ioos:station:GOA_RUNOFF_DISCHARGE,urn:ioos:sensor:GOA_RUNOFF_DISCHARGE:q,58.069320239858385,-154.46915010358515,1995-06-25T00:00:00Z,4.4763428150937926E-4
urn:ioos:station:GOA_RUNOFF_DISCHARGE,urn:ioos:sensor:GOA_RUNOFF_DISCHARGE:q,58.069320239858385,-154.46915010358515,1995-06-26T00:00:00Z,3.168335438550687E-4
urn:ioos:station:GOA_RUNOFF_DISCHARGE,urn:ioos:sensor:GOA_RUNOFF_DISCHARGE:q,58.069320239858385,-154.46915010358515,1995-06-27T00:00:00Z,2.2425340637113265E-4
urn:ioos:station:GOA_RUNOFF_DISCHARGE,urn:ioos:sensor:GOA_RUNOFF_DISCHARGE:q,58.069320239858385,-154.46915010358515,1995-06-28T00:00:00Z,1.587255752676869E-4
urn:ioos:station:GOA_RUNOFF_DISCHARGE,urn:ioos:sensor:GOA_RUNOFF_DISCHARGE:q,58.069320239858385,-154.46915010358515,1995-06-29T00:00:00Z,0.23227888711216832
urn:ioos:station:GOA_RUNOFF_DISCHARGE,urn:ioos:sensor:GOA_RUNOFF_DISCHARGE:q,58.069320239858385,-154.46915010358515,1995-06-30T00:00:00Z,2.0546256186869987
urn:ioos:station:GOA_RUNOFF_DISCHARGE,urn:ioos:sensor:GOA_RUNOFF_DISCHARGE:q,58.069320239858385,-154.46915010358515,1995-07-01T00:00:00Z,1.5442496631971696
urn:ioos:station:GOA_RUNOFF_DISCHARGE,urn:ioos:sensor:GOA_RUNOFF_DISCHARGE:q,58.069320239858385,-154.46915010358515,1995-07-02T00:00:00Z,1.101999910356675
urn:ioos:station:GOA_RUNOFF_DISCHARGE,urn:ioos:sensor:GOA_RUNOFF_DISCHARGE:q,58.069320239858385,-154.46915010358515,1995-07-03T00:00:00Z,0.7808880005928666
urn:ioos:station:GOA_RUNOFF_DISCHARGE,urn:ioos:sensor:GOA_RUNOFF_DISCHARGE:q,58.069320239858385,-154.46915010358515,1995-07-04T00:00:00Z,0.5527986735292754
urn:ioos:station:GOA_RUNOFF_DISCHARGE,urn:ioos:sensor:GOA_RUNOFF_DISCHARGE:q,58.069320239858385,-154.46915010358515,1995-07-05T00:00:00Z,0.391277416332505
urn:ioos:station:GOA_RUNOFF_DISCHARGE,urn:ioos:sensor:GOA_RUNOFF_DISCHARGE:q,58.069320239858385,-154.46915010358515,1995-07-06T00:00:00Z,0.27694529991376127
urn:ioos:station:GOA_RUNOFF_DISCHARGE,urn:ioos:sensor:GOA_RUNOFF_DISCHARGE:q,58.069320239858385,-154.46915010358515,1995-07-07T00:00:00Z,1.277055824245643
urn:ioos:station:GOA_RUNOFF_DISCHARGE,urn:ioos:sensor:GOA_RUNOFF_DISCHARGE:q,58.069320239858385,-154.46915010358515,1995-07-08T00:00:00Z,0.9550332742605732
urn:ioos:station:GOA_RUNOFF_DISCHARGE,urn:ioos:sensor:GOA_RUNOFF_DISCHARGE:q,58.069320239858385,-154.46915010358515,1995-07-09T00:00:00Z,0.6810749518914054
urn:ioos:station:GOA_RUNOFF_DISCHARGE,urn:ioos:sensor:GOA_RUNOFF_DISCHARGE:q,58.069320239858385,-154.46915010358515,1995-07-10T00:00:00Z,2.4223379828188243
urn:ioos:station:GOA_RUNOFF_DISCHARGE,urn:ioos:sensor:GOA_RUNOFF_DISCHARGE:q,58.069320239858385,-154.46915010358515,1995-07-11T00:00:00Z,1.8063322346138175
urn:ioos:station:GOA_RUNOFF_DISCHARGE,urn:ioos:sensor:GOA_RUNOFF_DISCHARGE:q,58.069320239858385,-154.46915010358515,1995-07-12T00:00:00Z,1.2876821089309818
urn:ioos:station:GOA_RUNOFF_DISCHARGE,urn:ioos:sensor:GOA_RUNOFF_DISCHARGE:q,58.069320239858385,-154.46915010358515,1995-07-13T00:00:00Z,0.9123312598920692
urn:ioos:station:GOA_RUNOFF_DISCHARGE,urn:ioos:sensor:GOA_RUNOFF_DISCHARGE:q,58.069320239858385,-154.46915010358515,1995-07-14T00:00:00Z,0.6458354644271085
urn:ioos:station:GOA_RUNOFF_DISCHARGE,urn:ioos:sensor:GOA_RUNOFF_DISCHARGE:q,58.069320239858385,-154.46915010358515,1995-07-15T00:00:00Z,1.1194494188322053
urn:ioos:station:GOA_RUNOFF_DISCHARGE,urn:ioos:sensor:GOA_RUNOFF_DISCHARGE:q,58.069320239858385,-154.46915010358515,1995-07-16T00:00:00Z,0.8236736196797483
urn:ioos:station:GOA_RUNOFF_DISCHARGE,urn:ioos:sensor:GOA_RUNOFF_DISCHARGE:q,58.069320239858385,-154.46915010358515,1995-07-17T00:00:00Z,0.5861213041106073
urn:ioos:station:GOA_RUNOFF_DISCHARGE,urn:ioos:sensor:GOA_RUNOFF_DISCHARGE:q,58.069320239858385,-154.46915010358515,1995-07-18T00:00:00Z,0.4151664614839085
urn:ioos:station:GOA_RUNOFF_DISCHARGE,urn:ioos:sensor:GOA_RUNOFF_DISCHARGE:q,58.069320239858385,-154.46915010358515,1995-07-19T00:00:00Z,0.29388420128747555
urn:ioos:station:GOA_RUNOFF_DISCHARGE,urn:ioos:sensor:GOA_RUNOFF_DISCHARGE:q,58.069320239858385,-154.46915010358515,1995-07-20T00:00:00Z,0.20801304516450372
urn:ioos:station:GOA_RUNOFF_DISCHARGE,urn:ioos:sensor:GOA_RUNOFF_DISCHARGE:q,58.069320239858385,-154.46915010358515,1995-07-21T00:00:00Z,0.14723101710659778
urn:ioos:station:GOA_RUNOFF_DISCHARGE,urn:ioos:sensor:GOA_RUNOFF_DISCHARGE:q,58.069320239858385,-154.46915010358515,1995-07-22T00:00:00Z,0.1042094991831444
urn:ioos:station:GOA_RUNOFF_DISCHARGE,urn:ioos:sensor:GOA_RUNOFF_DISCHARGE:q,58.069320239858385,-154.46915010358515,1995-07-23T00:00:00Z,0.0737590294383584
urn:ioos:station:GOA_RUNOFF_DISCHARGE,urn:ioos:sensor:GOA_RUNOFF_DISCHARGE:q,58.069320239858385,-154.46915010358515,1995-07-24T00:00:00Z,0.05220631189304772
urn:ioos:station:GOA_RUNOFF_DISCHARGE,urn:ioos:sensor:GOA_RUNOFF_DISCHARGE:q,58.069320239858385,-154.46915010358515,1995-07-25T00:00:00Z,0.03695139438558941
urn:ioos:station:GOA_RUNOFF_DISCHARGE,urn:ioos:sensor:GOA_RUNOFF_DISCHARGE:q,58.069320239858385,-154.46915010358515,1995-07-26T00:00:00Z,0.026154033709716466
urn:ioos:station:GOA_RUNOFF_DISCHARGE,urn:ioos:sensor:GOA_RUNOFF_DISCHARGE:q,58.069320239858385,-154.46915010358515,1995-07-27T00:00:00Z,0.01851171102702906
urn:ioos:station:GOA_RUNOFF_DISCHARGE,urn:ioos:sensor:GOA_RUNOFF_DISCHARGE:q,58.069320239858385,-154.46915010358515,1995-07-28T00:00:00Z,0.01310250609826611
urn:ioos:station:GOA_RUNOFF_DISCHARGE,urn:ioos:sensor:GOA_RUNOFF_DISCHARGE:q,58.069320239858385,-154.46915010358515,1995-07-29T00:00:00Z,0.779560981247033
urn:ioos:station:GOA_RUNOFF_DISCHARGE,urn:ioos:sensor:GOA_RUNOFF_DISCHARGE:q,58.069320239858385,-154.46915010358515,1995-07-30T00:00:00Z,0.5882085278075759
urn:ioos:station:GOA_RUNOFF_DISCHARGE,urn:ioos:sensor:GOA_RUNOFF_DISCHARGE:q,58.069320239858385,-154.46915010358515,1995-07-31T00:00:00Z,0.4199700820731912
urn:ioos:station:GOA_RUNOFF_DISCHARGE,urn:ioos:sensor:GOA_RUNOFF_DISCHARGE:q,58.069320239858385,-154.46915010358515,1995-08-01T00:00:00Z,0.3341249085338222
urn:ioos:station:GOA_RUNOFF_DISCHARGE,urn:ioos:sensor:GOA_RUNOFF_DISCHARGE:q,58.069320239858385,-154.46915010358515,1995-08-02T00:00:00Z,0.23825542401504246
urn:ioos:station:GOA_RUNOFF_DISCHARGE,urn:ioos:sensor:GOA_RUNOFF_DISCHARGE:q,58.069320239858385,-154.46915010358515,1995-08-03T00:00:00Z,2.238028980232602
urn:ioos:station:GOA_RUNOFF_DISCHARGE,urn:ioos:sensor:GOA_RUNOFF_DISCHARGE:q,58.069320239858385,-154.46915010358515,1995-08-04T00:00:00Z,1.6819694595718206
urn:ioos:station:GOA_RUNOFF_DISCHARGE,urn:ioos:sensor:GOA_RUNOFF_DISCHARGE:q,58.069320239858385,-154.46915010358515,1995-08-05T00:00:00Z,1.2002669624444193
urn:ioos:station:GOA_RUNOFF_DISCHARGE,urn:ioos:sensor:GOA_RUNOFF_DISCHARGE:q,58.069320239858385,-154.46915010358515,1995-08-06T00:00:00Z,0.8505199432960069
urn:ioos:station:GOA_RUNOFF_DISCHARGE,urn:ioos:sensor:GOA_RUNOFF_DISCHARGE:q,58.069320239858385,-154.46915010358515,1995-08-07T00:00:00Z,0.6020917129028612
urn:ioos:station:GOA_RUNOFF_DISCHARGE,urn:ioos:sensor:GOA_RUNOFF_DISCHARGE:q,58.069320239858385,-154.46915010358515,1995-08-08T00:00:00Z,0.4261675531600555
urn:ioos:station:GOA_RUNOFF_DISCHARGE,urn:ioos:sensor:GOA_RUNOFF_DISCHARGE:q,58.069320239858385,-154.46915010358515,1995-08-09T00:00:00Z,1.6739803742328263
urn:ioos:station:GOA_RUNOFF_DISCHARGE,urn:ioos:sensor:GOA_RUNOFF_DISCHARGE:q,58.069320239858385,-154.46915010358515,1995-08-10T00:00:00Z,1.2497550356417584
urn:ioos:station:GOA_RUNOFF_DISCHARGE,urn:ioos:sensor:GOA_RUNOFF_DISCHARGE:q,58.069320239858385,-154.46915010358515,1995-08-11T00:00:00Z,2.368049512188143
urn:ioos:station:GOA_RUNOFF_DISCHARGE,urn:ioos:sensor:GOA_RUNOFF_DISCHARGE:q,58.069320239858385,-154.46915010358515,1995-08-12T00:00:00Z,6.257628069339869
urn:ioos:station:GOA_RUNOFF_DISCHARGE,urn:ioos:sensor:GOA_RUNOFF_DISCHARGE:q,58.069320239858385,-154.46915010358515,1995-08-13T00:00:00Z,4.649558471387404
urn:ioos:station:GOA_RUNOFF_DISCHARGE,urn:ioos:sensor:GOA_RUNOFF_DISCHARGE:q,58.069320239858385,-154.46915010358515,1995-08-14T00:00:00Z,3.31294938150752
urn:ioos:station:GOA_RUNOFF_DISCHARGE,urn:ioos:sensor:GOA_RUNOFF_DISCHARGE:q,58.069320239858385,-154.46915010358515,1995-08-15T00:00:00Z,2.3470890002129
urn:ioos:station:GOA_RUNOFF_DISCHARGE,urn:ioos:sensor:GOA_RUNOFF_DISCHARGE:q,58.069320239858385,-154.46915010358515,1995-08-16T00:00:00Z,1.6614787390195942
urn:ioos:station:GOA_RUNOFF_DISCHARGE,urn:ioos:sensor:GOA_RUNOFF_DISCHARGE:q,58.069320239858385,-154.46915010358515,1995-08-17T00:00:00Z,1.1760092277206258
urn:ioos:station:GOA_RUNOFF_DISCHARGE,urn:ioos:sensor:GOA_RUNOFF_DISCHARGE:q,58.069320239858385,-154.46915010358515,1995-08-18T00:00:00Z,0.8323762722767778
urn:ioos:station:GOA_RUNOFF_DISCHARGE,urn:ioos:sensor:GOA_RUNOFF_DISCHARGE:q,58.069320239858385,-154.46915010358515,1995-08-19T00:00:00Z,0.5891524520473257
urn:ioos:station:GOA_RUNOFF_DISCHARGE,urn:ioos:sensor:GOA_RUNOFF_DISCHARGE:q,58.069320239858385,-154.46915010358515,1995-08-20T00:00:00Z,0.416999549201764
urn:ioos:station:GOA_RUNOFF_DISCHARGE,urn:ioos:sensor:GOA_RUNOFF_DISCHARGE:q,58.069320239858385,-154.46915010358515,1995-08-21T00:00:00Z,0.2951504082319399
urn:ioos:station:GOA_RUNOFF_DISCHARGE,urn:ioos:sensor:GOA_RUNOFF_DISCHARGE:q,58.069320239858385,-154.46915010358515,1995-08-22T00:00:00Z,0.2089061553641694
urn:ioos:station:GOA_RUNOFF_DISCHARGE,urn:ioos:sensor:GOA_RUNOFF_DISCHARGE:q,58.069320239858385,-154.46915010358515,1995-08-23T00:00:00Z,0.14786285433899612
urn:ioos:station:GOA_RUNOFF_DISCHARGE,urn:ioos:sensor:GOA_RUNOFF_DISCHARGE:q,58.069320239858385,-154.46915010358515,1995-08-24T00:00:00Z,0.10465667918055756
urn:ioos:station:GOA_RUNOFF_DISCHARGE,urn:ioos:sensor:GOA_RUNOFF_DISCHARGE:q,58.069320239858385,-154.46915010358515,1995-08-25T00:00:00Z,0.07407553184045498
urn:ioos:station:GOA_RUNOFF_DISCHARGE,urn:ioos:sensor:GOA_RUNOFF_DISCHARGE:q,58.069320239858385,-154.46915010358515,1995-08-26T00:00:00Z,0.05243032945325662
urn:ioos:station:GOA_RUNOFF_DISCHARGE,urn:ioos:sensor:GOA_RUNOFF_DISCHARGE:q,58.069320239858385,-154.46915010358515,1995-08-27T00:00:00Z,0.9801784951058096
urn:ioos:station:GOA_RUNOFF_DISCHARGE,urn:ioos:sensor:GOA_RUNOFF_DISCHARGE:q,58.069320239858385,-154.46915010358515,1995-08-28T00:00:00Z,0.7383781915643312
urn:ioos:station:GOA_RUNOFF_DISCHARGE,urn:ioos:sensor:GOA_RUNOFF_DISCHARGE:q,58.069320239858385,-154.46915010358515,1995-08-29T00:00:00Z,0.5270756855370117
urn:ioos:station:GOA_RUNOFF_DISCHARGE,urn:ioos:sensor:GOA_RUNOFF_DISCHARGE:q,58.069320239858385,-154.46915010358515,1995-08-30T00:00:00Z,1.839567445312597
urn:ioos:station:GOA_RUNOFF_DISCHARGE,urn:ioos:sensor:GOA_RUNOFF_DISCHARGE:q,58.069320239858385,-154.46915010358515,1995-08-31T00:00:00Z,2.0501762163577197
urn:ioos:station:GOA_RUNOFF_DISCHARGE,urn:ioos:sensor:GOA_RUNOFF_DISCHARGE:q,58.069320239858385,-154.46915010358515,1995-09-01T00:00:00Z,0.40296425087968973
urn:ioos:station:GOA_RUNOFF_DISCHARGE,urn:ioos:sensor:GOA_RUNOFF_DISCHARGE:q,58.069320239858385,-154.46915010358515,1995-09-02T00:00:00Z,0.2852163127295198
urn:ioos:station:GOA_RUNOFF_DISCHARGE,urn:ioos:sensor:GOA_RUNOFF_DISCHARGE:q,58.069320239858385,-154.46915010358515,1995-09-03T00:00:00Z,0.20187482423505784
urn:ioos:station:GOA_RUNOFF_DISCHARGE,urn:ioos:sensor:GOA_RUNOFF_DISCHARGE:q,58.069320239858385,-154.46915010358515,1995-09-04T00:00:00Z,0.14288610423061793
urn:ioos:station:GOA_RUNOFF_DISCHARGE,urn:ioos:sensor:GOA_RUNOFF_DISCHARGE:q,58.069320239858385,-154.46915010358515,1995-09-05T00:00:00Z,0.14360983429666996
urn:ioos:station:GOA_RUNOFF_DISCHARGE,urn:ioos:sensor:GOA_RUNOFF_DISCHARGE:q,58.069320239858385,-154.46915010358515,1995-09-06T00:00:00Z,1.2669466916420398
urn:ioos:station:GOA_RUNOFF_DISCHARGE,urn:ioos:sensor:GOA_RUNOFF_DISCHARGE:q,58.069320239858385,-154.46915010358515,1995-09-07T00:00:00Z,4.184261311768161
urn:ioos:station:GOA_RUNOFF_DISCHARGE,urn:ioos:sensor:GOA_RUNOFF_DISCHARGE:q,58.069320239858385,-154.46915010358515,1995-09-08T00:00:00Z,3.8955217935914384
urn:ioos:station:GOA_RUNOFF_DISCHARGE,urn:ioos:sensor:GOA_RUNOFF_DISCHARGE:q,58.069320239858385,-154.46915010358515,1995-09-09T00:00:00Z,3.626745845523921
urn:ioos:station:GOA_RUNOFF_DISCHARGE,urn:ioos:sensor:GOA_RUNOFF_DISCHARGE:q,58.069320239858385,-154.46915010358515,1995-09-10T00:00:00Z,2.991561530127979
urn:ioos:station:GOA_RUNOFF_DISCHARGE,urn:ioos:sensor:GOA_RUNOFF_DISCHARGE:q,58.069320239858385,-154.46915010358515,1995-09-11T00:00:00Z,3.6001738848347706
urn:ioos:station:GOA_RUNOFF_DISCHARGE,urn:ioos:sensor:GOA_RUNOFF_DISCHARGE:q,58.069320239858385,-154.46915010358515,1995-09-12T00:00:00Z,3.27724365466961
urn:ioos:station:GOA_RUNOFF_DISCHARGE,urn:ioos:sensor:GOA_RUNOFF_DISCHARGE:q,58.069320239858385,-154.46915010358515,1995-09-13T00:00:00Z,2.357854867284075
urn:ioos:station:GOA_RUNOFF_DISCHARGE,urn:ioos:sensor:GOA_RUNOFF_DISCHARGE:q,58.069320239858385,-154.46915010358515,1995-09-14T00:00:00Z,1.7622399875758283
urn:ioos:station:GOA_RUNOFF_DISCHARGE,urn:ioos:sensor:GOA_RUNOFF_DISCHARGE:q,58.069320239858385,-154.46915010358515,1995-09-15T00:00:00Z,1.2519227066798568
urn:ioos:station:GOA_RUNOFF_DISCHARGE,urn:ioos:sensor:GOA_RUNOFF_DISCHARGE:q,58.069320239858385,-154.46915010358515,1995-09-16T00:00:00Z,1.0272445968392052
urn:ioos:station:GOA_RUNOFF_DISCHARGE,urn:ioos:sensor:GOA_RUNOFF_DISCHARGE:q,58.069320239858385,-154.46915010358515,1995-09-17T00:00:00Z,0.7337799978322429
urn:ioos:station:GOA_RUNOFF_DISCHARGE,urn:ioos:sensor:GOA_RUNOFF_DISCHARGE:q,58.069320239858385,-154.46915010358515,1995-09-18T00:00:00Z,3.6882994412021204
urn:ioos:station:GOA_RUNOFF_DISCHARGE,urn:ioos:sensor:GOA_RUNOFF_DISCHARGE:q,58.069320239858385,-154.46915010358515,1995-09-19T00:00:00Z,5.008017089035048
urn:ioos:station:GOA_RUNOFF_DISCHARGE,urn:ioos:sensor:GOA_RUNOFF_DISCHARGE:q,58.069320239858385,-154.46915010358515,1995-09-20T00:00:00Z,4.705028853567899
urn:ioos:station:GOA_RUNOFF_DISCHARGE,urn:ioos:sensor:GOA_RUNOFF_DISCHARGE:q,58.069320239858385,-154.46915010358515,1995-09-21T00:00:00Z,8.321332989418101
urn:ioos:station:GOA_RUNOFF_DISCHARGE,urn:ioos:sensor:GOA_RUNOFF_DISCHARGE:q,58.069320239858385,-154.46915010358515,1995-09-22T00:00:00Z,11.274571063854854
urn:ioos:station:GOA_RUNOFF_DISCHARGE,urn:ioos:sensor:GOA_RUNOFF_DISCHARGE:q,58.069320239858385,-154.46915010358515,1995-09-23T00:00:00Z,8.31123253960193
urn:ioos:station:GOA_RUNOFF_DISCHARGE,urn:ioos:sensor:GOA_RUNOFF_DISCHARGE:q,58.069320239858385,-154.46915010358515,1995-09-24T00:00:00Z,5.912365709900005
urn:ioos:station:GOA_RUNOFF_DISCHARGE,urn:ioos:sensor:GOA_RUNOFF_DISCHARGE:q,58.069320239858385,-154.46915010358515,1995-09-25T00:00:00Z,4.187713114444475
urn:ioos:station:GOA_RUNOFF_DISCHARGE,urn:ioos:sensor:GOA_RUNOFF_DISCHARGE:q,58.069320239858385,-154.46915010358515,1995-09-26T00:00:00Z,3.4475623186701942
urn:ioos:station:GOA_RUNOFF_DISCHARGE,urn:ioos:sensor:GOA_RUNOFF_DISCHARGE:q,58.069320239858385,-154.46915010358515,1995-09-27T00:00:00Z,4.542477600712026
urn:ioos:station:GOA_RUNOFF_DISCHARGE,urn:ioos:sensor:GOA_RUNOFF_DISCHARGE:q,58.069320239858385,-154.46915010358515,1995-09-28T00:00:00Z,3.315798651359018
urn:ioos:station:GOA_RUNOFF_DISCHARGE,urn:ioos:sensor:GOA_RUNOFF_DISCHARGE:q,58.069320239858385,-154.46915010358515,1995-09-29T00:00:00Z,5.036069859653485
urn:ioos:station:GOA_RUNOFF_DISCHARGE,urn:ioos:sensor:GOA_RUNOFF_DISCHARGE:q,58.069320239858385,-154.46915010358515,1995-09-30T00:00:00Z,3.692247741450674
urn:ioos:station:GOA_RUNOFF_DISCHARGE,urn:ioos:sensor:GOA_RUNOFF_DISCHARGE:q,58.069320239858385,-154.46915010358515,1995-10-01T00:00:00Z,3.5628010628099465
urn:ioos:station:GOA_RUNOFF_DISCHARGE,urn:ioos:sensor:GOA_RUNOFF_DISCHARGE:q,58.069320239858385,-154.46915010358515,1995-10-02T00:00:00Z,4.1885490300708685
urn:ioos:station:GOA_RUNOFF_DISCHARGE,urn:ioos:sensor:GOA_RUNOFF_DISCHARGE:q,58.069320239858385,-154.46915010358515,1995-10-03T00:00:00Z,3.045881311416369
urn:ioos:station:GOA_RUNOFF_DISCHARGE,urn:ioos:sensor:GOA_RUNOFF_DISCHARGE:q,58.069320239858385,-154.46915010358515,1995-10-04T00:00:00Z,2.163974144013327
urn:ioos:station:GOA_RUNOFF_DISCHARGE,urn:ioos:sensor:GOA_RUNOFF_DISCHARGE:q,58.069320239858385,-154.46915010358515,1995-10-05T00:00:00Z,1.5324614636845875
urn:ioos:station:GOA_RUNOFF_DISCHARGE,urn:ioos:sensor:GOA_RUNOFF_DISCHARGE:q,58.069320239858385,-154.46915010358515,1995-10-06T00:00:00Z,1.0847503033281554
urn:ioos:station:GOA_RUNOFF_DISCHARGE,urn:ioos:sensor:GOA_RUNOFF_DISCHARGE:q,58.069320239858385,-154.46915010358515,1995-10-07T00:00:00Z,1.725804643478873
urn:ioos:station:GOA_RUNOFF_DISCHARGE,urn:ioos:sensor:GOA_RUNOFF_DISCHARGE:q,58.069320239858385,-154.46915010358515,1995-10-08T00:00:00Z,1.4265159332446156
urn:ioos:station:GOA_RUNOFF_DISCHARGE,urn:ioos:sensor:GOA_RUNOFF_DISCHARGE:q,58.069320239858385,-154.46915010358515,1995-10-09T00:00:00Z,1.1389517487484402
urn:ioos:station:GOA_RUNOFF_DISCHARGE,urn:ioos:sensor:GOA_RUNOFF_DISCHARGE:q,58.069320239858385,-154.46915010358515,1995-10-10T00:00:00Z,0.812894991542196
urn:ioos:station:GOA_RUNOFF_DISCHARGE,urn:ioos:sensor:GOA_RUNOFF_DISCHARGE:q,58.069320239858385,-154.46915010358515,1995-10-11T00:00:00Z,0.5760375620823732
urn:ioos:station:GOA_RUNOFF_DISCHARGE,urn:ioos:sensor:GOA_RUNOFF_DISCHARGE:q,58.069320239858385,-154.46915010358515,1995-10-12T00:00:00Z,0.40778411880606075
urn:ioos:station:GOA_RUNOFF_DISCHARGE,urn:ioos:sensor:GOA_RUNOFF_DISCHARGE:q,58.069320239858385,-154.46915010358515,1995-10-13T00:00:00Z,0.2886344696045356
urn:ioos:station:GOA_RUNOFF_DISCHARGE,urn:ioos:sensor:GOA_RUNOFF_DISCHARGE:q,58.069320239858385,-154.46915010358515,1995-10-14T00:00:00Z,0.2042948552275675
urn:ioos:station:GOA_RUNOFF_DISCHARGE,urn:ioos:sensor:GOA_RUNOFF_DISCHARGE:q,58.069320239858385,-154.46915010358515,1995-10-15T00:00:00Z,1.201007762081218
urn:ioos:station:GOA_RUNOFF_DISCHARGE,urn:ioos:sensor:GOA_RUNOFF_DISCHARGE:q,58.069320239858385,-154.46915010358515,1995-10-16T00:00:00Z,1.3503542054992648
urn:ioos:station:GOA_RUNOFF_DISCHARGE,urn:ioos:sensor:GOA_RUNOFF_DISCHARGE:q,58.069320239858385,-154.46915010358515,1995-10-17T00:00:00Z,1.10879879603058
urn:ioos:station:GOA_RUNOFF_DISCHARGE,urn:ioos:sensor:GOA_RUNOFF_DISCHARGE:q,58.069320239858385,-154.46915010358515,1995-10-18T00:00:00Z,4.1491681161163525
urn:ioos:station:GOA_RUNOFF_DISCHARGE,urn:ioos:sensor:GOA_RUNOFF_DISCHARGE:q,58.069320239858385,-154.46915010358515,1995-10-19T00:00:00Z,3.673385043541918
urn:ioos:station:GOA_RUNOFF_DISCHARGE,urn:ioos:sensor:GOA_RUNOFF_DISCHARGE:q,58.069320239858385,-154.46915010358515,1995-10-20T00:00:00Z,5.294583805435645
urn:ioos:station:GOA_RUNOFF_DISCHARGE,urn:ioos:sensor:GOA_RUNOFF_DISCHARGE:q,58.069320239858385,-154.46915010358515,1995-10-21T00:00:00Z,3.627593075085453
urn:ioos:station:GOA_RUNOFF_DISCHARGE,urn:ioos:sensor:GOA_RUNOFF_DISCHARGE:q,58.069320239858385,-154.46915010358515,1995-10-22T00:00:00Z,3.901551068561157
urn:ioos:station:GOA_RUNOFF_DISCHARGE,urn:ioos:sensor:GOA_RUNOFF_DISCHARGE:q,58.069320239858385,-154.46915010358515,1995-10-23T00:00:00Z,6.984639965926375
urn:ioos:station:GOA_RUNOFF_DISCHARGE,urn:ioos:sensor:GOA_RUNOFF_DISCHARGE:q,58.069320239858385,-154.46915010358515,1995-10-24T00:00:00Z,5.146858543677031
urn:ioos:station:GOA_RUNOFF_DISCHARGE,urn:ioos:sensor:GOA_RUNOFF_DISCHARGE:q,58.069320239858385,-154.46915010358515,1995-10-25T00:00:00Z,6.769517855662702
urn:ioos:station:GOA_RUNOFF_DISCHARGE,urn:ioos:sensor:GOA_RUNOFF_DISCHARGE:q,58.069320239858385,-154.46915010358515,1995-10-26T00:00:00Z,4.9318479940761195
urn:ioos:station:GOA_RUNOFF_DISCHARGE,urn:ioos:sensor:GOA_RUNOFF_DISCHARGE:q,58.069320239858385,-154.46915010358515,1995-10-27T00:00:00Z,3.21976781170713
urn:ioos:station:GOA_RUNOFF_DISCHARGE,urn:ioos:sensor:GOA_RUNOFF_DISCHARGE:q,58.069320239858385,-154.46915010358515,1995-10-28T00:00:00Z,2.0913119742751656
urn:ioos:station:GOA_RUNOFF_DISCHARGE,urn:ioos:sensor:GOA_RUNOFF_DISCHARGE:q,58.069320239858385,-154.46915010358515,1995-10-29T00:00:00Z,3.608043384510499
urn:ioos:station:GOA_RUNOFF_DISCHARGE,urn:ioos:sensor:GOA_RUNOFF_DISCHARGE:q,58.069320239858385,-154.46915010358515,1995-10-30T00:00:00Z,3.9561960597060852
urn:ioos:station:GOA_RUNOFF_DISCHARGE,urn:ioos:sensor:GOA_RUNOFF_DISCHARGE:q,58.069320239858385,-154.46915010358515,1995-10-31T00:00:00Z,9.554378263762045
urn:ioos:station:GOA_RUNOFF_DISCHARGE,urn:ioos:sensor:GOA_RUNOFF_DISCHARGE:q,58.069320239858385,-154.46915010358515,1995-11-01T00:00:00Z,10.24857395992205
urn:ioos:station:GOA_RUNOFF_DISCHARGE,urn:ioos:sensor:GOA_RUNOFF_DISCHARGE:q,58.069320239858385,-154.46915010358515,1995-11-02T00:00:00Z,7.559633620156147
urn:ioos:station:GOA_RUNOFF_DISCHARGE,urn:ioos:sensor:GOA_RUNOFF_DISCHARGE:q,58.069320239858385,-154.46915010358515,1995-11-03T00:00:00Z,5.389917654060049
urn:ioos:station:GOA_RUNOFF_DISCHARGE,urn:ioos:sensor:GOA_RUNOFF_DISCHARGE:q,58.069320239858385,-154.46915010358515,1995-11-04T00:00:00Z,3.480881068308659
urn:ioos:station:GOA_RUNOFF_DISCHARGE,urn:ioos:sensor:GOA_RUNOFF_DISCHARGE:q,58.069320239858385,-154.46915010358515,1995-11-05T00:00:00Z,2.2587419012086527
urn:ioos:station:GOA_RUNOFF_DISCHARGE,urn:ioos:sensor:GOA_RUNOFF_DISCHARGE:q,58.069320239858385,-154.46915010358515,1995-11-06T00:00:00Z,1.466335854193981
urn:ioos:station:GOA_RUNOFF_DISCHARGE,urn:ioos:sensor:GOA_RUNOFF_DISCHARGE:q,58.069320239858385,-154.46915010358515,1995-11-07T00:00:00Z,0.9519555550094476
urn:ioos:station:GOA_RUNOFF_DISCHARGE,urn:ioos:sensor:GOA_RUNOFF_DISCHARGE:q,58.069320239858385,-154.46915010358515,1995-11-08T00:00:00Z,0.6180183130858
urn:ioos:station:GOA_RUNOFF_DISCHARGE,urn:ioos:sensor:GOA_RUNOFF_DISCHARGE:q,58.069320239858385,-154.46915010358515,1995-11-09T00:00:00Z,0.40122328622091225
urn:ioos:station:GOA_RUNOFF_DISCHARGE,urn:ioos:sensor:GOA_RUNOFF_DISCHARGE:q,58.069320239858385,-154.46915010358515,1995-11-10T00:00:00Z,0.2604779330984195
urn:ioos:station:GOA_RUNOFF_DISCHARGE,urn:ioos:sensor:GOA_RUNOFF_DISCHARGE:q,58.069320239858385,-154.46915010358515,1995-11-11T00:00:00Z,1.3503067132831603
urn:ioos:station:GOA_RUNOFF_DISCHARGE,urn:ioos:sensor:GOA_RUNOFF_DISCHARGE:q,58.069320239858385,-154.46915010358515,1995-11-12T00:00:00Z,1.0109568716335329
urn:ioos:station:GOA_RUNOFF_DISCHARGE,urn:ioos:sensor:GOA_RUNOFF_DISCHARGE:q,58.069320239858385,-154.46915010358515,1995-11-13T00:00:00Z,0.6573316065442559
urn:ioos:station:GOA_RUNOFF_DISCHARGE,urn:ioos:sensor:GOA_RUNOFF_DISCHARGE:q,58.069320239858385,-154.46915010358515,1995-11-14T00:00:00Z,0.42680241621231646
urn:ioos:station:GOA_RUNOFF_DISCHARGE,urn:ioos:sensor:GOA_RUNOFF_DISCHARGE:q,58.069320239858385,-154.46915010358515,1995-11-15T00:00:00Z,0.27708731611122606
urn:ioos:station:GOA_RUNOFF_DISCHARGE,urn:ioos:sensor:GOA_RUNOFF_DISCHARGE:q,58.069320239858385,-154.46915010358515,1995-11-16T00:00:00Z,0.1798878686501159
urn:ioos:station:GOA_RUNOFF_DISCHARGE,urn:ioos:sensor:GOA_RUNOFF_DISCHARGE:q,58.069320239858385,-154.46915010358515,1995-11-17T00:00:00Z,0.11678490520020085
urn:ioos:station:GOA_RUNOFF_DISCHARGE,urn:ioos:sensor:GOA_RUNOFF_DISCHARGE:q,58.069320239858385,-154.46915010358515,1995-11-18T00:00:00Z,0.07581785318476869
urn:ioos:station:GOA_RUNOFF_DISCHARGE,urn:ioos:sensor:GOA_RUNOFF_DISCHARGE:q,58.069320239858385,-154.46915010358515,1995-11-19T00:00:00Z,0.5899140377510067
urn:ioos:station:GOA_RUNOFF_DISCHARGE,urn:ioos:sensor:GOA_RUNOFF_DISCHARGE:q,58.069320239858385,-154.46915010358515,1995-11-20T00:00:00Z,2.120620328579201
urn:ioos:station:GOA_RUNOFF_DISCHARGE,urn:ioos:sensor:GOA_RUNOFF_DISCHARGE:q,58.069320239858385,-154.46915010358515,1995-11-21T00:00:00Z,1.8278817290031875
urn:ioos:station:GOA_RUNOFF_DISCHARGE,urn:ioos:sensor:GOA_RUNOFF_DISCHARGE:q,58.069320239858385,-154.46915010358515,1995-11-22T00:00:00Z,2.1181311312913533
urn:ioos:station:GOA_RUNOFF_DISCHARGE,urn:ioos:sensor:GOA_RUNOFF_DISCHARGE:q,58.069320239858385,-154.46915010358515,1995-11-23T00:00:00Z,2.059698339907976
urn:ioos:station:GOA_RUNOFF_DISCHARGE,urn:ioos:sensor:GOA_RUNOFF_DISCHARGE:q,58.069320239858385,-154.46915010358515,1995-11-24T00:00:00Z,1.504884404571508
urn:ioos:station:GOA_RUNOFF_DISCHARGE,urn:ioos:sensor:GOA_RUNOFF_DISCHARGE:q,58.069320239858385,-154.46915010358515,1995-11-25T00:00:00Z,1.0688797465913678
urn:ioos:station:GOA_RUNOFF_DISCHARGE,urn:ioos:sensor:GOA_RUNOFF_DISCHARGE:q,58.069320239858385,-154.46915010358515,1995-11-26T00:00:00Z,0.7569207445758838
urn:ioos:station:GOA_RUNOFF_DISCHARGE,urn:ioos:sensor:GOA_RUNOFF_DISCHARGE:q,58.069320239858385,-154.46915010358515,1995-11-27T00:00:00Z,0.48819317673682205
urn:ioos:station:GOA_RUNOFF_DISCHARGE,urn:ioos:sensor:GOA_RUNOFF_DISCHARGE:q,58.069320239858385,-154.46915010358515,1995-11-28T00:00:00Z,0.34751465476607746
urn:ioos:station:GOA_RUNOFF_DISCHARGE,urn:ioos:sensor:GOA_RUNOFF_DISCHARGE:q,58.069320239858385,-154.46915010358515,1995-11-29T00:00:00Z,0.2461664300458428
urn:ioos:station:GOA_RUNOFF_DISCHARGE,urn:ioos:sensor:GOA_RUNOFF_DISCHARGE:q,58.069320239858385,-154.46915010358515,1995-11-30T00:00:00Z,0.17425518986315064
urn:ioos:station:GOA_RUNOFF_DISCHARGE,urn:ioos:sensor:GOA_RUNOFF_DISCHARGE:q,58.069320239858385,-154.46915010358515,1995-12-01T00:00:00Z,0.11238344731553843
urn:ioos:station:GOA_RUNOFF_DISCHARGE,urn:ioos:sensor:GOA_RUNOFF_DISCHARGE:q,58.069320239858385,-154.46915010358515,1995-12-02T00:00:00Z,0.07291858330450804
urn:ioos:station:GOA_RUNOFF_DISCHARGE,urn:ioos:sensor:GOA_RUNOFF_DISCHARGE:q,58.069320239858385,-154.46915010358515,1995-12-03T00:00:00Z,0.047337085280167834
urn:ioos:station:GOA_RUNOFF_DISCHARGE,urn:ioos:sensor:GOA_RUNOFF_DISCHARGE:q,58.069320239858385,-154.46915010358515,1995-12-04T00:00:00Z,0.030731546209713925
urn:ioos:station:GOA_RUNOFF_DISCHARGE,urn:ioos:sensor:GOA_RUNOFF_DISCHARGE:q,58.069320239858385,-154.46915010358515,1995-12-05T00:00:00Z,0.01995119960381574
urn:ioos:station:GOA_RUNOFF_DISCHARGE,urn:ioos:sensor:GOA_RUNOFF_DISCHARGE:q,58.069320239858385,-154.46915010358515,1995-12-06T00:00:00Z,0.012952506011979047
urn:ioos:station:GOA_RUNOFF_DISCHARGE,urn:ioos:sensor:GOA_RUNOFF_DISCHARGE:q,58.069320239858385,-154.46915010358515,1995-12-07T00:00:00Z,0.008408889066753699
urn:ioos:station:GOA_RUNOFF_DISCHARGE,urn:ioos:sensor:GOA_RUNOFF_DISCHARGE:q,58.069320239858385,-154.46915010358515,1995-12-08T00:00:00Z,0.005459129414807947
urn:ioos:station:GOA_RUNOFF_DISCHARGE,urn:ioos:sensor:GOA_RUNOFF_DISCHARGE:q,58.069320239858385,-154.46915010358515,1995-12-09T00:00:00Z,0.0035441181894578493
urn:ioos:station:GOA_RUNOFF_DISCHARGE,urn:ioos:sensor:GOA_RUNOFF_DISCHARGE:q,58.069320239858385,-154.46915010358515,1995-12-10T00:00:00Z,1.1589634688606765
urn:ioos:station:GOA_RUNOFF_DISCHARGE,urn:ioos:sensor:GOA_RUNOFF_DISCHARGE:q,58.069320239858385,-154.46915010358515,1995-12-11T00:00:00Z,1.8081662761227166
urn:ioos:station:GOA_RUNOFF_DISCHARGE,urn:ioos:sensor:GOA_RUNOFF_DISCHARGE:q,58.069320239858385,-154.46915010358515,1995-12-12T00:00:00Z,2.753504757764787
urn:ioos:station:GOA_RUNOFF_DISCHARGE,urn:ioos:sensor:GOA_RUNOFF_DISCHARGE:q,58.069320239858385,-154.46915010358515,1995-12-13T00:00:00Z,4.285544711586773
urn:ioos:station:GOA_RUNOFF_DISCHARGE,urn:ioos:sensor:GOA_RUNOFF_DISCHARGE:q,58.069320239858385,-154.46915010358515,1995-12-14T00:00:00Z,3.693982457133648
urn:ioos:station:GOA_RUNOFF_DISCHARGE,urn:ioos:sensor:GOA_RUNOFF_DISCHARGE:q,58.069320239858385,-154.46915010358515,1995-12-15T00:00:00Z,2.986398955212821
urn:ioos:station:GOA_RUNOFF_DISCHARGE,urn:ioos:sensor:GOA_RUNOFF_DISCHARGE:q,58.069320239858385,-154.46915010358515,1995-12-16T00:00:00Z,2.0843531148206984
urn:ioos:station:GOA_RUNOFF_DISCHARGE,urn:ioos:sensor:GOA_RUNOFF_DISCHARGE:q,58.069320239858385,-154.46915010358515,1995-12-17T00:00:00Z,2.1569162218477054
urn:ioos:station:GOA_RUNOFF_DISCHARGE,urn:ioos:sensor:GOA_RUNOFF_DISCHARGE:q,58.069320239858385,-154.46915010358515,1995-12-18T00:00:00Z,2.0098280925062504
urn:ioos:station:GOA_RUNOFF_DISCHARGE,urn:ioos:sensor:GOA_RUNOFF_DISCHARGE:q,58.069320239858385,-154.46915010358515,1995-12-19T00:00:00Z,3.2009293203572753
urn:ioos:station:GOA_RUNOFF_DISCHARGE,urn:ioos:sensor:GOA_RUNOFF_DISCHARGE:q,58.069320239858385,-154.46915010358515,1995-12-20T00:00:00Z,2.4957875235081914
urn:ioos:station:GOA_RUNOFF_DISCHARGE,urn:ioos:sensor:GOA_RUNOFF_DISCHARGE:q,58.069320239858385,-154.46915010358515,1995-12-21T00:00:00Z,2.5550007133013524
urn:ioos:station:GOA_RUNOFF_DISCHARGE,urn:ioos:sensor:GOA_RUNOFF_DISCHARGE:q,58.069320239858385,-154.46915010358515,1995-12-22T00:00:00Z,2.1961591321050093
urn:ioos:station:GOA_RUNOFF_DISCHARGE,urn:ioos:sensor:GOA_RUNOFF_DISCHARGE:q,58.069320239858385,-154.46915010358515,1995-12-23T00:00:00Z,3.762028936007472
urn:ioos:station:GOA_RUNOFF_DISCHARGE,urn:ioos:sensor:GOA_RUNOFF_DISCHARGE:q,58.069320239858385,-154.46915010358515,1995-12-24T00:00:00Z,2.725119936305775
urn:ioos:station:GOA_RUNOFF_DISCHARGE,urn:ioos:sensor:GOA_RUNOFF_DISCHARGE:q,58.069320239858385,-154.46915010358515,1995-12-25T00:00:00Z,2.4958583013814994
urn:ioos:station:GOA_RUNOFF_DISCHARGE,urn:ioos:sensor:GOA_RUNOFF_DISCHARGE:q,58.069320239858385,-154.46915010358515,1995-12-26T00:00:00Z,3.6548012472900644
urn:ioos:station:GOA_RUNOFF_DISCHARGE,urn:ioos:sensor:GOA_RUNOFF_DISCHARGE:q,58.069320239858385,-154.46915010358515,1995-12-27T00:00:00Z,3.738831948481602
urn:ioos:station:GOA_RUNOFF_DISCHARGE,urn:ioos:sensor:GOA_RUNOFF_DISCHARGE:q,58.069320239858385,-154.46915010358515,1995-12-28T00:00:00Z,2.968528989333773
urn:ioos:station:GOA_RUNOFF_DISCHARGE,urn:ioos:sensor:GOA_RUNOFF_DISCHARGE:q,58.069320239858385,-154.46915010358515,1995-12-29T00:00:00Z,4.355392474180549
urn:ioos:station:GOA_RUNOFF_DISCHARGE,urn:ioos:sensor:GOA_RUNOFF_DISCHARGE:q,58.069320239858385,-154.46915010358515,1995-12-30T00:00:00Z,5.468472147529799
urn:ioos:station:GOA_RUNOFF_DISCHARGE,urn:ioos:sensor:GOA_RUNOFF_DISCHARGE:q,58.069320239858385,-154.46915010358515,1995-12-31T00:00:00Z,3.624636717522295
urn:ioos:station:GOA_RUNOFF_DISCHARGE,urn:ioos:sensor:GOA_RUNOFF_DISCHARGE:q,58.069320239858385,-154.46915010358515,1996-01-01T00:00:00Z,2.3573278483984392
urn:ioos:station:GOA_RUNOFF_DISCHARGE,urn:ioos:sensor:GOA_RUNOFF_DISCHARGE:q,58.069320239858385,-154.46915010358515,1996-01-02T00:00:00Z,2.0085386985726217
urn:ioos:station:GOA_RUNOFF_DISCHARGE,urn:ioos:sensor:GOA_RUNOFF_DISCHARGE:q,58.069320239858385,-154.46915010358515,1996-01-03T00:00:00Z,1.5004965710985638
urn:ioos:station:GOA_RUNOFF_DISCHARGE,urn:ioos:sensor:GOA_RUNOFF_DISCHARGE:q,58.069320239858385,-154.46915010358515,1996-01-04T00:00:00Z,2.271091456084442
urn:ioos:station:GOA_RUNOFF_DISCHARGE,urn:ioos:sensor:GOA_RUNOFF_DISCHARGE:q,58.069320239858385,-154.46915010358515,1996-01-05T00:00:00Z,1.5211276633809385
urn:ioos:station:GOA_RUNOFF_DISCHARGE,urn:ioos:sensor:GOA_RUNOFF_DISCHARGE:q,58.069320239858385,-154.46915010358515,1996-01-06T00:00:00Z,0.990129035281396
urn:ioos:station:GOA_RUNOFF_DISCHARGE,urn:ioos:sensor:GOA_RUNOFF_DISCHARGE:q,58.069320239858385,-154.46915010358515,1996-01-07T00:00:00Z,0.6429469904747815
urn:ioos:station:GOA_RUNOFF_DISCHARGE,urn:ioos:sensor:GOA_RUNOFF_DISCHARGE:q,58.069320239858385,-154.46915010358515,1996-01-08T00:00:00Z,0.4174154020967953
urn:ioos:station:GOA_RUNOFF_DISCHARGE,urn:ioos:sensor:GOA_RUNOFF_DISCHARGE:q,58.069320239858385,-154.46915010358515,1996-01-09T00:00:00Z,0.2709904206454472
urn:ioos:station:GOA_RUNOFF_DISCHARGE,urn:ioos:sensor:GOA_RUNOFF_DISCHARGE:q,58.069320239858385,-154.46915010358515,1996-01-10T00:00:00Z,0.1759295535956043
urn:ioos:station:GOA_RUNOFF_DISCHARGE,urn:ioos:sensor:GOA_RUNOFF_DISCHARGE:q,58.069320239858385,-154.46915010358515,1996-01-11T00:00:00Z,0.11421512079150163
urn:ioos:station:GOA_RUNOFF_DISCHARGE,urn:ioos:sensor:GOA_RUNOFF_DISCHARGE:q,58.069320239858385,-154.46915010358515,1996-01-12T00:00:00Z,0.07414952464736707
urn:ioos:station:GOA_RUNOFF_DISCHARGE,urn:ioos:sensor:GOA_RUNOFF_DISCHARGE:q,58.069320239858385,-154.46915010358515,1996-01-13T00:00:00Z,0.04813856987211877
urn:ioos:station:GOA_RUNOFF_DISCHARGE,urn:ioos:sensor:GOA_RUNOFF_DISCHARGE:q,58.069320239858385,-154.46915010358515,1996-01-14T00:00:00Z,0.03125200983750888
urn:ioos:station:GOA_RUNOFF_DISCHARGE,urn:ioos:sensor:GOA_RUNOFF_DISCHARGE:q,58.069320239858385,-154.46915010358515,1996-01-15T00:00:00Z,0.020289096525701773
urn:ioos:station:GOA_RUNOFF_DISCHARGE,urn:ioos:sensor:GOA_RUNOFF_DISCHARGE:q,58.069320239858385,-154.46915010358515,1996-01-16T00:00:00Z,0.013171872813058087
urn:ioos:station:GOA_RUNOFF_DISCHARGE,urn:ioos:sensor:GOA_RUNOFF_DISCHARGE:q,58.069320239858385,-154.46915010358515,1996-01-17T00:00:00Z,0.008551303533646736
urn:ioos:station:GOA_RUNOFF_DISCHARGE,urn:ioos:sensor:GOA_RUNOFF_DISCHARGE:q,58.069320239858385,-154.46915010358515,1996-01-18T00:00:00Z,0.0055515859924136195
urn:ioos:station:GOA_RUNOFF_DISCHARGE,urn:ioos:sensor:GOA_RUNOFF_DISCHARGE:q,58.069320239858385,-154.46915010358515,1996-01-19T00:00:00Z,0.003604141503463126
urn:ioos:station:GOA_RUNOFF_DISCHARGE,urn:ioos:sensor:GOA_RUNOFF_DISCHARGE:q,58.069320239858385,-154.46915010358515,1996-01-20T00:00:00Z,0.002339842654982138
urn:ioos:station:GOA_RUNOFF_DISCHARGE,urn:ioos:sensor:GOA_RUNOFF_DISCHARGE:q,58.069320239858385,-154.46915010358515,1996-01-21T00:00:00Z,0.0015190477770915783
urn:ioos:station:GOA_RUNOFF_DISCHARGE,urn:ioos:sensor:GOA_RUNOFF_DISCHARGE:q,58.069320239858385,-154.46915010358515,1996-01-22T00:00:00Z,9.861801121908466E-4
urn:ioos:station:GOA_RUNOFF_DISCHARGE,urn:ioos:sensor:GOA_RUNOFF_DISCHARGE:q,58.069320239858385,-154.46915010358515,1996-01-23T00:00:00Z,6.402373127731442E-4
urn:ioos:station:GOA_RUNOFF_DISCHARGE,urn:ioos:sensor:GOA_RUNOFF_DISCHARGE:q,58.069320239858385,-154.46915010358515,1996-01-24T00:00:00Z,4.156480432236897E-4
urn:ioos:station:GOA_RUNOFF_DISCHARGE,urn:ioos:sensor:GOA_RUNOFF_DISCHARGE:q,58.069320239858385,-154.46915010358515,1996-01-25T00:00:00Z,2.698426012156398E-4
urn:ioos:station:GOA_RUNOFF_DISCHARGE,urn:ioos:sensor:GOA_RUNOFF_DISCHARGE:q,58.069320239858385,-154.46915010358515,1996-01-26T00:00:00Z,1.7518434845655912E-4
urn:ioos:station:GOA_RUNOFF_DISCHARGE,urn:ioos:sensor:GOA_RUNOFF_DISCHARGE:q,58.069320239858385,-154.46915010358515,1996-01-27T00:00:00Z,1.1373131947050203E-4
urn:ioos:station:GOA_RUNOFF_DISCHARGE,urn:ioos:sensor:GOA_RUNOFF_DISCHARGE:q,58.069320239858385,-154.46915010358515,1996-01-28T00:00:00Z,7.383543428055457E-5
urn:ioos:station:GOA_RUNOFF_DISCHARGE,urn:ioos:sensor:GOA_RUNOFF_DISCHARGE:q,58.069320239858385,-154.46915010358515,1996-01-29T00:00:00Z,4.79346565029888E-5
urn:ioos:station:GOA_RUNOFF_DISCHARGE,urn:ioos:sensor:GOA_RUNOFF_DISCHARGE:q,58.069320239858385,-154.46915010358515,1996-01-30T00:00:00Z,3.111963090906738E-5
urn:ioos:station:GOA_RUNOFF_DISCHARGE,urn:ioos:sensor:GOA_RUNOFF_DISCHARGE:q,58.069320239858385,-154.46915010358515,1996-01-31T00:00:00Z,2.0203154206668888E-5
urn:ioos:station:GOA_RUNOFF_DISCHARGE,urn:ioos:sensor:GOA_RUNOFF_DISCHARGE:q,58.069320239858385,-154.46915010358515,1996-02-01T00:00:00Z,1.3116078205003489E-5
urn:ioos:station:GOA_RUNOFF_DISCHARGE,urn:ioos:sensor:GOA_RUNOFF_DISCHARGE:q,58.069320239858385,-154.46915010358515,1996-02-02T00:00:00Z,8.515080672199556E-6
urn:ioos:station:GOA_RUNOFF_DISCHARGE,urn:ioos:sensor:GOA_RUNOFF_DISCHARGE:q,58.069320239858385,-154.46915010358515,1996-02-03T00:00:00Z,5.528071001074146E-6
urn:ioos:station:GOA_RUNOFF_DISCHARGE,urn:ioos:sensor:GOA_RUNOFF_DISCHARGE:q,58.069320239858385,-154.46915010358515,1996-02-04T00:00:00Z,3.5888755251303864E-6
urn:ioos:station:GOA_RUNOFF_DISCHARGE,urn:ioos:sensor:GOA_RUNOFF_DISCHARGE:q,58.069320239858385,-154.46915010358515,1996-02-05T00:00:00Z,2.329931609852833E-6
urn:ioos:station:GOA_RUNOFF_DISCHARGE,urn:ioos:sensor:GOA_RUNOFF_DISCHARGE:q,58.069320239858385,-154.46915010358515,1996-02-06T00:00:00Z,1.5126133370117648E-6
urn:ioos:station:GOA_RUNOFF_DISCHARGE,urn:ioos:sensor:GOA_RUNOFF_DISCHARGE:q,58.069320239858385,-154.46915010358515,1996-02-07T00:00:00Z,9.82002819430837E-7
urn:ioos:station:GOA_RUNOFF_DISCHARGE,urn:ioos:sensor:GOA_RUNOFF_DISCHARGE:q,58.069320239858385,-154.46915010358515,1996-02-08T00:00:00Z,6.375254211592039E-7
urn:ioos:station:GOA_RUNOFF_DISCHARGE,urn:ioos:sensor:GOA_RUNOFF_DISCHARGE:q,58.069320239858385,-154.46915010358515,1996-02-09T00:00:00Z,4.13887489100936E-7
urn:ioos:station:GOA_RUNOFF_DISCHARGE,urn:ioos:sensor:GOA_RUNOFF_DISCHARGE:q,58.069320239858385,-154.46915010358515,1996-02-10T00:00:00Z,2.6869962617135316E-7
urn:ioos:station:GOA_RUNOFF_DISCHARGE,urn:ioos:sensor:GOA_RUNOFF_DISCHARGE:q,58.069320239858385,-154.46915010358515,1996-02-11T00:00:00Z,1.7444232950305098E-7
urn:ioos:station:GOA_RUNOFF_DISCHARGE,urn:ioos:sensor:GOA_RUNOFF_DISCHARGE:q,58.069320239858385,-154.46915010358515,1996-02-12T00:00:00Z,1.1324960378954043E-7
urn:ioos:station:GOA_RUNOFF_DISCHARGE,urn:ioos:sensor:GOA_RUNOFF_DISCHARGE:q,58.069320239858385,-154.46915010358515,1996-02-13T00:00:00Z,7.352270194424057E-8
urn:ioos:station:GOA_RUNOFF_DISCHARGE,urn:ioos:sensor:GOA_RUNOFF_DISCHARGE:q,58.069320239858385,-154.46915010358515,1996-02-14T00:00:00Z,4.773162694997767E-8
urn:ioos:station:GOA_RUNOFF_DISCHARGE,urn:ioos:sensor:GOA_RUNOFF_DISCHARGE:q,58.069320239858385,-154.46915010358515,1996-02-15T00:00:00Z,3.09878208257739E-8
urn:ioos:station:GOA_RUNOFF_DISCHARGE,urn:ioos:sensor:GOA_RUNOFF_DISCHARGE:q,58.069320239858385,-154.46915010358515,1996-02-16T00:00:00Z,2.0117583867066432E-8
urn:ioos:station:GOA_RUNOFF_DISCHARGE,urn:ioos:sensor:GOA_RUNOFF_DISCHARGE:q,58.069320239858385,-154.46915010358515,1996-02-17T00:00:00Z,1.3060525130720745E-8
urn:ioos:station:GOA_RUNOFF_DISCHARGE,urn:ioos:sensor:GOA_RUNOFF_DISCHARGE:q,58.069320239858385,-154.46915010358515,1996-02-18T00:00:00Z,8.47901505221245E-9
urn:ioos:station:GOA_RUNOFF_DISCHARGE,urn:ioos:sensor:GOA_RUNOFF_DISCHARGE:q,58.069320239858385,-154.46915010358515,1996-02-19T00:00:00Z,5.504656291414752E-9
urn:ioos:station:GOA_RUNOFF_DISCHARGE,urn:ioos:sensor:GOA_RUNOFF_DISCHARGE:q,58.069320239858385,-154.46915010358515,1996-02-20T00:00:00Z,3.5736744480655247E-9
urn:ioos:station:GOA_RUNOFF_DISCHARGE,urn:ioos:sensor:GOA_RUNOFF_DISCHARGE:q,58.069320239858385,-154.46915010358515,1996-02-21T00:00:00Z,2.3200628785292158E-9
urn:ioos:station:GOA_RUNOFF_DISCHARGE,urn:ioos:sensor:GOA_RUNOFF_DISCHARGE:q,58.069320239858385,-154.46915010358515,1996-02-22T00:00:00Z,1.5062064907323797E-9
urn:ioos:station:GOA_RUNOFF_DISCHARGE,urn:ioos:sensor:GOA_RUNOFF_DISCHARGE:q,58.069320239858385,-154.46915010358515,1996-02-23T00:00:00Z,9.778433199878286E-10
urn:ioos:station:GOA_RUNOFF_DISCHARGE,urn:ioos:sensor:GOA_RUNOFF_DISCHARGE:q,58.069320239858385,-154.46915010358515,1996-02-24T00:00:00Z,6.348250571980142E-10
urn:ioos:station:GOA_RUNOFF_DISCHARGE,urn:ioos:sensor:GOA_RUNOFF_DISCHARGE:q,58.069320239858385,-154.46915010358515,1996-02-25T00:00:00Z,4.1213438350861015E-10
urn:ioos:station:GOA_RUNOFF_DISCHARGE,urn:ioos:sensor:GOA_RUNOFF_DISCHARGE:q,58.069320239858385,-154.46915010358515,1996-02-26T00:00:00Z,2.67561517903512E-10
urn:ioos:station:GOA_RUNOFF_DISCHARGE,urn:ioos:sensor:GOA_RUNOFF_DISCHARGE:q,58.069320239858385,-154.46915010358515,1996-02-27T00:00:00Z,1.7370344565176261E-10
urn:ioos:station:GOA_RUNOFF_DISCHARGE,urn:ioos:sensor:GOA_RUNOFF_DISCHARGE:q,58.069320239858385,-154.46915010358515,1996-02-28T00:00:00Z,1.1276991201481278E-10
urn:ioos:station:GOA_RUNOFF_DISCHARGE,urn:ioos:sensor:GOA_RUNOFF_DISCHARGE:q,58.069320239858385,-154.46915010358515,1996-02-29T00:00:00Z,2.2081762414680677
urn:ioos:station:GOA_RUNOFF_DISCHARGE,urn:ioos:sensor:GOA_RUNOFF_DISCHARGE:q,58.069320239858385,-154.46915010358515,1996-03-01T00:00:00Z,3.1159037822178646
urn:ioos:station:GOA_RUNOFF_DISCHARGE,urn:ioos:sensor:GOA_RUNOFF_DISCHARGE:q,58.069320239858385,-154.46915010358515,1996-03-02T00:00:00Z,3.438652726306039
urn:ioos:station:GOA_RUNOFF_DISCHARGE,urn:ioos:sensor:GOA_RUNOFF_DISCHARGE:q,58.069320239858385,-154.46915010358515,1996-03-03T00:00:00Z,4.159455377419693
urn:ioos:station:GOA_RUNOFF_DISCHARGE,urn:ioos:sensor:GOA_RUNOFF_DISCHARGE:q,58.069320239858385,-154.46915010358515,1996-03-04T00:00:00Z,4.230463476152088
urn:ioos:station:GOA_RUNOFF_DISCHARGE,urn:ioos:sensor:GOA_RUNOFF_DISCHARGE:q,58.069320239858385,-154.46915010358515,1996-03-05T00:00:00Z,4.97178723757398
urn:ioos:station:GOA_RUNOFF_DISCHARGE,urn:ioos:sensor:GOA_RUNOFF_DISCHARGE:q,58.069320239858385,-154.46915010358515,1996-03-06T00:00:00Z,5.266377375791142
urn:ioos:station:GOA_RUNOFF_DISCHARGE,urn:ioos:sensor:GOA_RUNOFF_DISCHARGE:q,58.069320239858385,-154.46915010358515,1996-03-07T00:00:00Z,4.854946913825208
urn:ioos:station:GOA_RUNOFF_DISCHARGE,urn:ioos:sensor:GOA_RUNOFF_DISCHARGE:q,58.069320239858385,-154.46915010358515,1996-03-08T00:00:00Z,3.708044889166447
urn:ioos:station:GOA_RUNOFF_DISCHARGE,urn:ioos:sensor:GOA_RUNOFF_DISCHARGE:q,58.069320239858385,-154.46915010358515,1996-03-09T00:00:00Z,2.790422128121595
urn:ioos:station:GOA_RUNOFF_DISCHARGE,urn:ioos:sensor:GOA_RUNOFF_DISCHARGE:q,58.069320239858385,-154.46915010358515,1996-03-10T00:00:00Z,1.8224827454665895
urn:ioos:station:GOA_RUNOFF_DISCHARGE,urn:ioos:sensor:GOA_RUNOFF_DISCHARGE:q,58.069320239858385,-154.46915010358515,1996-03-11T00:00:00Z,1.1837857163249252
urn:ioos:station:GOA_RUNOFF_DISCHARGE,urn:ioos:sensor:GOA_RUNOFF_DISCHARGE:q,58.069320239858385,-154.46915010358515,1996-03-12T00:00:00Z,1.632867901972584
urn:ioos:station:GOA_RUNOFF_DISCHARGE,urn:ioos:sensor:GOA_RUNOFF_DISCHARGE:q,58.069320239858385,-154.46915010358515,1996-03-13T00:00:00Z,3.1345741432292664
urn:ioos:station:GOA_RUNOFF_DISCHARGE,urn:ioos:sensor:GOA_RUNOFF_DISCHARGE:q,58.069320239858385,-154.46915010358515,1996-03-14T00:00:00Z,6.027139530239997
urn:ioos:station:GOA_RUNOFF_DISCHARGE,urn:ioos:sensor:GOA_RUNOFF_DISCHARGE:q,58.069320239858385,-154.46915010358515,1996-03-15T00:00:00Z,6.669558449370061
urn:ioos:station:GOA_RUNOFF_DISCHARGE,urn:ioos:sensor:GOA_RUNOFF_DISCHARGE:q,58.069320239858385,-154.46915010358515,1996-03-16T00:00:00Z,8.801304849141472
urn:ioos:station:GOA_RUNOFF_DISCHARGE,urn:ioos:sensor:GOA_RUNOFF_DISCHARGE:q,58.069320239858385,-154.46915010358515,1996-03-17T00:00:00Z,8.363249803532256
urn:ioos:station:GOA_RUNOFF_DISCHARGE,urn:ioos:sensor:GOA_RUNOFF_DISCHARGE:q,58.069320239858385,-154.46915010358515,1996-03-18T00:00:00Z,6.376993768657455
urn:ioos:station:GOA_RUNOFF_DISCHARGE,urn:ioos:sensor:GOA_RUNOFF_DISCHARGE:q,58.069320239858385,-154.46915010358515,1996-03-19T00:00:00Z,4.541308318671204
urn:ioos:station:GOA_RUNOFF_DISCHARGE,urn:ioos:sensor:GOA_RUNOFF_DISCHARGE:q,58.069320239858385,-154.46915010358515,1996-03-20T00:00:00Z,3.2170843041611485
urn:ioos:station:GOA_RUNOFF_DISCHARGE,urn:ioos:sensor:GOA_RUNOFF_DISCHARGE:q,58.069320239858385,-154.46915010358515,1996-03-21T00:00:00Z,2.2773141204105976
urn:ioos:station:GOA_RUNOFF_DISCHARGE,urn:ioos:sensor:GOA_RUNOFF_DISCHARGE:q,58.069320239858385,-154.46915010358515,1996-03-22T00:00:00Z,2.0317712065925306
urn:ioos:station:GOA_RUNOFF_DISCHARGE,urn:ioos:sensor:GOA_RUNOFF_DISCHARGE:q,58.069320239858385,-154.46915010358515,1996-03-23T00:00:00Z,1.4579435454689473
urn:ioos:station:GOA_RUNOFF_DISCHARGE,urn:ioos:sensor:GOA_RUNOFF_DISCHARGE:q,58.069320239858385,-154.46915010358515,1996-03-24T00:00:00Z,1.0339096886522285
urn:ioos:station:GOA_RUNOFF_DISCHARGE,urn:ioos:sensor:GOA_RUNOFF_DISCHARGE:q,58.069320239858385,-154.46915010358515,1996-03-25T00:00:00Z,0.7319947641133016
urn:ioos:station:GOA_RUNOFF_DISCHARGE,urn:ioos:sensor:GOA_RUNOFF_DISCHARGE:q,58.069320239858385,-154.46915010358515,1996-03-26T00:00:00Z,0.518122449010273
urn:ioos:station:GOA_RUNOFF_DISCHARGE,urn:ioos:sensor:GOA_RUNOFF_DISCHARGE:q,58.069320239858385,-154.46915010358515,1996-03-27T00:00:00Z,0.36672670331157936
urn:ioos:station:GOA_RUNOFF_DISCHARGE,urn:ioos:sensor:GOA_RUNOFF_DISCHARGE:q,58.069320239858385,-154.46915010358515,1996-03-28T00:00:00Z,0.25956775332800713
urn:ioos:station:GOA_RUNOFF_DISCHARGE,urn:ioos:sensor:GOA_RUNOFF_DISCHARGE:q,58.069320239858385,-154.46915010358515,1996-03-29T00:00:00Z,0.1837209246291193
urn:ioos:station:GOA_RUNOFF_DISCHARGE,urn:ioos:sensor:GOA_RUNOFF_DISCHARGE:q,58.069320239858385,-154.46915010358515,1996-03-30T00:00:00Z,0.13003686973833162
urn:ioos:station:GOA_RUNOFF_DISCHARGE,urn:ioos:sensor:GOA_RUNOFF_DISCHARGE:q,58.069320239858385,-154.46915010358515,1996-03-31T00:00:00Z,0.0920395119159951
urn:ioos:station:GOA_RUNOFF_DISCHARGE,urn:ioos:sensor:GOA_RUNOFF_DISCHARGE:q,58.069320239858385,-154.46915010358515,1996-04-01T00:00:00Z,0.06514515340941758
urn:ioos:station:GOA_RUNOFF_DISCHARGE,urn:ioos:sensor:GOA_RUNOFF_DISCHARGE:q,58.069320239858385,-154.46915010358515,1996-04-02T00:00:00Z,0.04202037855458951
urn:ioos:station:GOA_RUNOFF_DISCHARGE,urn:ioos:sensor:GOA_RUNOFF_DISCHARGE:q,58.069320239858385,-154.46915010358515,1996-04-03T00:00:00Z,0.027264536321889143
urn:ioos:station:GOA_RUNOFF_DISCHARGE,urn:ioos:sensor:GOA_RUNOFF_DISCHARGE:q,58.069320239858385,-154.46915010358515,1996-04-04T00:00:00Z,0.01769952300843096
urn:ioos:station:GOA_RUNOFF_DISCHARGE,urn:ioos:sensor:GOA_RUNOFF_DISCHARGE:q,58.069320239858385,-154.46915010358515,1996-04-05T00:00:00Z,0.7309296755216619
urn:ioos:station:GOA_RUNOFF_DISCHARGE,urn:ioos:sensor:GOA_RUNOFF_DISCHARGE:q,58.069320239858385,-154.46915010358515,1996-04-06T00:00:00Z,0.5513371367569408
urn:ioos:station:GOA_RUNOFF_DISCHARGE,urn:ioos:sensor:GOA_RUNOFF_DISCHARGE:q,58.069320239858385,-154.46915010358515,1996-04-07T00:00:00Z,0.35885828898427996
urn:ioos:station:GOA_RUNOFF_DISCHARGE,urn:ioos:sensor:GOA_RUNOFF_DISCHARGE:q,58.069320239858385,-154.46915010358515,1996-04-08T00:00:00Z,1.6414917516958003
urn:ioos:station:GOA_RUNOFF_DISCHARGE,urn:ioos:sensor:GOA_RUNOFF_DISCHARGE:q,58.069320239858385,-154.46915010358515,1996-04-09T00:00:00Z,1.6515437883941695
urn:ioos:station:GOA_RUNOFF_DISCHARGE,urn:ioos:sensor:GOA_RUNOFF_DISCHARGE:q,58.069320239858385,-154.46915010358515,1996-04-10T00:00:00Z,1.1687833067739366
urn:ioos:station:GOA_RUNOFF_DISCHARGE,urn:ioos:sensor:GOA_RUNOFF_DISCHARGE:q,58.069320239858385,-154.46915010358515,1996-04-11T00:00:00Z,0.8356773101895026
urn:ioos:station:GOA_RUNOFF_DISCHARGE,urn:ioos:sensor:GOA_RUNOFF_DISCHARGE:q,58.069320239858385,-154.46915010358515,1996-04-12T00:00:00Z,0.5923292340096055
urn:ioos:station:GOA_RUNOFF_DISCHARGE,urn:ioos:sensor:GOA_RUNOFF_DISCHARGE:q,58.069320239858385,-154.46915010358515,1996-04-13T00:00:00Z,0.41933193008629693
urn:ioos:station:GOA_RUNOFF_DISCHARGE,urn:ioos:sensor:GOA_RUNOFF_DISCHARGE:q,58.069320239858385,-154.46915010358515,1996-04-14T00:00:00Z,0.29680967575442685
urn:ioos:station:GOA_RUNOFF_DISCHARGE,urn:ioos:sensor:GOA_RUNOFF_DISCHARGE:q,58.069320239858385,-154.46915010358515,1996-04-15T00:00:00Z,0.7304990881994736
urn:ioos:station:GOA_RUNOFF_DISCHARGE,urn:ioos:sensor:GOA_RUNOFF_DISCHARGE:q,58.069320239858385,-154.46915010358515,1996-04-16T00:00:00Z,1.7320582237905808
urn:ioos:station:GOA_RUNOFF_DISCHARGE,urn:ioos:sensor:GOA_RUNOFF_DISCHARGE:q,58.069320239858385,-154.46915010358515,1996-04-17T00:00:00Z,1.2993238850736908
urn:ioos:station:GOA_RUNOFF_DISCHARGE,urn:ioos:sensor:GOA_RUNOFF_DISCHARGE:q,58.069320239858385,-154.46915010358515,1996-04-18T00:00:00Z,0.9262155632251299
urn:ioos:station:GOA_RUNOFF_DISCHARGE,urn:ioos:sensor:GOA_RUNOFF_DISCHARGE:q,58.069320239858385,-154.46915010358515,1996-04-19T00:00:00Z,0.7930499546371741
urn:ioos:station:GOA_RUNOFF_DISCHARGE,urn:ioos:sensor:GOA_RUNOFF_DISCHARGE:q,58.069320239858385,-154.46915010358515,1996-04-20T00:00:00Z,1.101752385136175
urn:ioos:station:GOA_RUNOFF_DISCHARGE,urn:ioos:sensor:GOA_RUNOFF_DISCHARGE:q,58.069320239858385,-154.46915010358515,1996-04-21T00:00:00Z,2.6610954298162897
urn:ioos:station:GOA_RUNOFF_DISCHARGE,urn:ioos:sensor:GOA_RUNOFF_DISCHARGE:q,58.069320239858385,-154.46915010358515,1996-04-22T00:00:00Z,2.7417314242367468
urn:ioos:station:GOA_RUNOFF_DISCHARGE,urn:ioos:sensor:GOA_RUNOFF_DISCHARGE:q,58.069320239858385,-154.46915010358515,1996-04-23T00:00:00Z,3.445067990644319
urn:ioos:station:GOA_RUNOFF_DISCHARGE,urn:ioos:sensor:GOA_RUNOFF_DISCHARGE:q,58.069320239858385,-154.46915010358515,1996-04-24T00:00:00Z,2.600509833379356
urn:ioos:station:GOA_RUNOFF_DISCHARGE,urn:ioos:sensor:GOA_RUNOFF_DISCHARGE:q,58.069320239858385,-154.46915010358515,1996-04-25T00:00:00Z,1.8521631440563406
urn:ioos:station:GOA_RUNOFF_DISCHARGE,urn:ioos:sensor:GOA_RUNOFF_DISCHARGE:q,58.069320239858385,-154.46915010358515,1996-04-26T00:00:00Z,1.3121046850585951
urn:ioos:station:GOA_RUNOFF_DISCHARGE,urn:ioos:sensor:GOA_RUNOFF_DISCHARGE:q,58.069320239858385,-154.46915010358515,1996-04-27T00:00:00Z,0.9288168474052794
urn:ioos:station:GOA_RUNOFF_DISCHARGE,urn:ioos:sensor:GOA_RUNOFF_DISCHARGE:q,58.069320239858385,-154.46915010358515,1996-04-28T00:00:00Z,0.6574238940500656
urn:ioos:station:GOA_RUNOFF_DISCHARGE,urn:ioos:sensor:GOA_RUNOFF_DISCHARGE:q,58.069320239858385,-154.46915010358515,1996-04-29T00:00:00Z,0.465322846198729
urn:ioos:station:GOA_RUNOFF_DISCHARGE,urn:ioos:sensor:GOA_RUNOFF_DISCHARGE:q,58.069320239858385,-154.46915010358515,1996-04-30T00:00:00Z,0.32935358528263836
urn:ioos:station:GOA_RUNOFF_DISCHARGE,urn:ioos:sensor:GOA_RUNOFF_DISCHARGE:q,58.069320239858385,-154.46915010358515,1996-05-01T00:00:00Z,0.23311501651931252
urn:ioos:station:GOA_RUNOFF_DISCHARGE,urn:ioos:sensor:GOA_RUNOFF_DISCHARGE:q,58.069320239858385,-154.46915010358515,1996-05-02T00:00:00Z,0.16499777621685358
urn:ioos:station:GOA_RUNOFF_DISCHARGE,urn:ioos:sensor:GOA_RUNOFF_DISCHARGE:q,58.069320239858385,-154.46915010358515,1996-05-03T00:00:00Z,0.11678469964178628
urn:ioos:station:GOA_RUNOFF_DISCHARGE,urn:ioos:sensor:GOA_RUNOFF_DISCHARGE:q,58.069320239858385,-154.46915010358515,1996-05-04T00:00:00Z,0.08265968412264758
urn:ioos:station:GOA_RUNOFF_DISCHARGE,urn:ioos:sensor:GOA_RUNOFF_DISCHARGE:q,58.069320239858385,-154.46915010358515,1996-05-05T00:00:00Z,0.05850615929270931
urn:ioos:station:GOA_RUNOFF_DISCHARGE,urn:ioos:sensor:GOA_RUNOFF_DISCHARGE:q,58.069320239858385,-154.46915010358515,1996-05-06T00:00:00Z,0.04141039629282926
urn:ioos:station:GOA_RUNOFF_DISCHARGE,urn:ioos:sensor:GOA_RUNOFF_DISCHARGE:q,58.069320239858385,-154.46915010358515,1996-05-07T00:00:00Z,0.029310097439390757
urn:ioos:station:GOA_RUNOFF_DISCHARGE,urn:ioos:sensor:GOA_RUNOFF_DISCHARGE:q,58.069320239858385,-154.46915010358515,1996-05-08T00:00:00Z,0.020745555429949054
urn:ioos:station:GOA_RUNOFF_DISCHARGE,urn:ioos:sensor:GOA_RUNOFF_DISCHARGE:q,58.069320239858385,-154.46915010358515,1996-05-09T00:00:00Z,0.014683613116985367
urn:ioos:station:GOA_RUNOFF_DISCHARGE,urn:ioos:sensor:GOA_RUNOFF_DISCHARGE:q,58.069320239858385,-154.46915010358515,1996-05-10T00:00:00Z,0.010392996440632582
urn:ioos:station:GOA_RUNOFF_DISCHARGE,urn:ioos:sensor:GOA_RUNOFF_DISCHARGE:q,58.069320239858385,-154.46915010358515,1996-05-11T00:00:00Z,0.00735611599362761
urn:ioos:station:GOA_RUNOFF_DISCHARGE,urn:ioos:sensor:GOA_RUNOFF_DISCHARGE:q,58.069320239858385,-154.46915010358515,1996-05-12T00:00:00Z,0.005206626597298667
urn:ioos:station:GOA_RUNOFF_DISCHARGE,urn:ioos:sensor:GOA_RUNOFF_DISCHARGE:q,58.069320239858385,-154.46915010358515,1996-05-13T00:00:00Z,0.0036852271034702884
urn:ioos:station:GOA_RUNOFF_DISCHARGE,urn:ioos:sensor:GOA_RUNOFF_DISCHARGE:q,58.069320239858385,-154.46915010358515,1996-05-14T00:00:00Z,0.002608387251165214
urn:ioos:station:GOA_RUNOFF_DISCHARGE,urn:ioos:sensor:GOA_RUNOFF_DISCHARGE:q,58.069320239858385,-154.46915010358515,1996-05-15T00:00:00Z,0.001846205042659878
urn:ioos:station:GOA_RUNOFF_DISCHARGE,urn:ioos:sensor:GOA_RUNOFF_DISCHARGE:q,58.069320239858385,-154.46915010358515,1996-05-16T00:00:00Z,0.0013067357408009118
urn:ioos:station:GOA_RUNOFF_DISCHARGE,urn:ioos:sensor:GOA_RUNOFF_DISCHARGE:q,58.069320239858385,-154.46915010358515,1996-05-17T00:00:00Z,9.249017998275566E-4
urn:ioos:station:GOA_RUNOFF_DISCHARGE,urn:ioos:sensor:GOA_RUNOFF_DISCHARGE:q,58.069320239858385,-154.46915010358515,1996-05-18T00:00:00Z,0.9618811650605139
urn:ioos:station:GOA_RUNOFF_DISCHARGE,urn:ioos:sensor:GOA_RUNOFF_DISCHARGE:q,58.069320239858385,-154.46915010358515,1996-05-19T00:00:00Z,0.7262864233850977
urn:ioos:station:GOA_RUNOFF_DISCHARGE,urn:ioos:sensor:GOA_RUNOFF_DISCHARGE:q,58.069320239858385,-154.46915010358515,1996-05-20T00:00:00Z,0.5186029952495408
urn:ioos:station:GOA_RUNOFF_DISCHARGE,urn:ioos:sensor:GOA_RUNOFF_DISCHARGE:q,58.069320239858385,-154.46915010358515,1996-05-21T00:00:00Z,0.3675183169884622
urn:ioos:station:GOA_RUNOFF_DISCHARGE,urn:ioos:sensor:GOA_RUNOFF_DISCHARGE:q,58.069320239858385,-154.46915010358515,1996-05-22T00:00:00Z,0.26017313108128076
urn:ioos:station:GOA_RUNOFF_DISCHARGE,urn:ioos:sensor:GOA_RUNOFF_DISCHARGE:q,58.069320239858385,-154.46915010358515,1996-05-23T00:00:00Z,0.18415391287358987
urn:ioos:station:GOA_RUNOFF_DISCHARGE,urn:ioos:sensor:GOA_RUNOFF_DISCHARGE:q,58.069320239858385,-154.46915010358515,1996-05-24T00:00:00Z,2.417596391536725
urn:ioos:station:GOA_RUNOFF_DISCHARGE,urn:ioos:sensor:GOA_RUNOFF_DISCHARGE:q,58.069320239858385,-154.46915010358515,1996-05-25T00:00:00Z,2.7127517002812684
urn:ioos:station:GOA_RUNOFF_DISCHARGE,urn:ioos:sensor:GOA_RUNOFF_DISCHARGE:q,58.069320239858385,-154.46915010358515,1996-05-26T00:00:00Z,1.9731401582294594
urn:ioos:station:GOA_RUNOFF_DISCHARGE,urn:ioos:sensor:GOA_RUNOFF_DISCHARGE:q,58.069320239858385,-154.46915010358515,1996-05-27T00:00:00Z,1.4018791816936833
urn:ioos:station:GOA_RUNOFF_DISCHARGE,urn:ioos:sensor:GOA_RUNOFF_DISCHARGE:q,58.069320239858385,-154.46915010358515,1996-05-28T00:00:00Z,0.9927729440543926
urn:ioos:station:GOA_RUNOFF_DISCHARGE,urn:ioos:sensor:GOA_RUNOFF_DISCHARGE:q,58.069320239858385,-154.46915010358515,1996-05-29T00:00:00Z,0.7027331784597516
urn:ioos:station:GOA_RUNOFF_DISCHARGE,urn:ioos:sensor:GOA_RUNOFF_DISCHARGE:q,58.069320239858385,-154.46915010358515,1996-05-30T00:00:00Z,0.4973967011891529
urn:ioos:station:GOA_RUNOFF_DISCHARGE,urn:ioos:sensor:GOA_RUNOFF_DISCHARGE:q,58.069320239858385,-154.46915010358515,1996-05-31T00:00:00Z,0.35205568681423943
urn:ioos:station:GOA_RUNOFF_DISCHARGE,urn:ioos:sensor:GOA_RUNOFF_DISCHARGE:q,58.069320239858385,-154.46915010358515,1996-06-01T00:00:00Z,0.2491834848976576
urn:ioos:station:GOA_RUNOFF_DISCHARGE,urn:ioos:sensor:GOA_RUNOFF_DISCHARGE:q,58.069320239858385,-154.46915010358515,1996-06-02T00:00:00Z,0.17637097795740925
urn:ioos:station:GOA_RUNOFF_DISCHARGE,urn:ioos:sensor:GOA_RUNOFF_DISCHARGE:q,58.069320239858385,-154.46915010358515,1996-06-03T00:00:00Z,0.12483459738214978
urn:ioos:station:GOA_RUNOFF_DISCHARGE,urn:ioos:sensor:GOA_RUNOFF_DISCHARGE:q,58.069320239858385,-154.46915010358515,1996-06-04T00:00:00Z,0.08835737692497612
urn:ioos:station:GOA_RUNOFF_DISCHARGE,urn:ioos:sensor:GOA_RUNOFF_DISCHARGE:q,58.069320239858385,-154.46915010358515,1996-06-05T00:00:00Z,0.062538960494328
urn:ioos:station:GOA_RUNOFF_DISCHARGE,urn:ioos:sensor:GOA_RUNOFF_DISCHARGE:q,58.069320239858385,-154.46915010358515,1996-06-06T00:00:00Z,0.04426480099352377
urn:ioos:station:GOA_RUNOFF_DISCHARGE,urn:ioos:sensor:GOA_RUNOFF_DISCHARGE:q,58.069320239858385,-154.46915010358515,1996-06-07T00:00:00Z,0.03133043242825516
urn:ioos:station:GOA_RUNOFF_DISCHARGE,urn:ioos:sensor:GOA_RUNOFF_DISCHARGE:q,58.069320239858385,-154.46915010358515,1996-06-08T00:00:00Z,0.02217553898564557
urn:ioos:station:GOA_RUNOFF_DISCHARGE,urn:ioos:sensor:GOA_RUNOFF_DISCHARGE:q,58.069320239858385,-154.46915010358515,1996-06-09T00:00:00Z,0.18575314089434639
urn:ioos:station:GOA_RUNOFF_DISCHARGE,urn:ioos:sensor:GOA_RUNOFF_DISCHARGE:q,58.069320239858385,-154.46915010358515,1996-06-10T00:00:00Z,0.1395198960781347
urn:ioos:station:GOA_RUNOFF_DISCHARGE,urn:ioos:sensor:GOA_RUNOFF_DISCHARGE:q,58.069320239858385,-154.46915010358515,1996-06-11T00:00:00Z,0.09955488377742226
urn:ioos:station:GOA_RUNOFF_DISCHARGE,urn:ioos:sensor:GOA_RUNOFF_DISCHARGE:q,58.069320239858385,-154.46915010358515,1996-06-12T00:00:00Z,0.07054472073191297
urn:ioos:station:GOA_RUNOFF_DISCHARGE,urn:ioos:sensor:GOA_RUNOFF_DISCHARGE:q,58.069320239858385,-154.46915010358515,1996-06-13T00:00:00Z,0.04993925336149994
urn:ioos:station:GOA_RUNOFF_DISCHARGE,urn:ioos:sensor:GOA_RUNOFF_DISCHARGE:q,58.069320239858385,-154.46915010358515,1996-06-14T00:00:00Z,0.03534758241218776
urn:ioos:station:GOA_RUNOFF_DISCHARGE,urn:ioos:sensor:GOA_RUNOFF_DISCHARGE:q,58.069320239858385,-154.46915010358515,1996-06-15T00:00:00Z,0.025018940144407628
urn:ioos:station:GOA_RUNOFF_DISCHARGE,urn:ioos:sensor:GOA_RUNOFF_DISCHARGE:q,58.069320239858385,-154.46915010358515,1996-06-16T00:00:00Z,0.017708302408317656
urn:ioos:station:GOA_RUNOFF_DISCHARGE,urn:ioos:sensor:GOA_RUNOFF_DISCHARGE:q,58.069320239858385,-154.46915010358515,1996-06-17T00:00:00Z,0.01253385957809369
urn:ioos:station:GOA_RUNOFF_DISCHARGE,urn:ioos:sensor:GOA_RUNOFF_DISCHARGE:q,58.069320239858385,-154.46915010358515,1996-06-18T00:00:00Z,0.008871409888646936
urn:ioos:station:GOA_RUNOFF_DISCHARGE,urn:ioos:sensor:GOA_RUNOFF_DISCHARGE:q,58.069320239858385,-154.46915010358515,1996-06-19T00:00:00Z,0.8387224689877588
urn:ioos:station:GOA_RUNOFF_DISCHARGE,urn:ioos:sensor:GOA_RUNOFF_DISCHARGE:q,58.069320239858385,-154.46915010358515,1996-06-20T00:00:00Z,0.6631161847772591
urn:ioos:station:GOA_RUNOFF_DISCHARGE,urn:ioos:sensor:GOA_RUNOFF_DISCHARGE:q,58.069320239858385,-154.46915010358515,1996-06-21T00:00:00Z,0.4747065713796169
urn:ioos:station:GOA_RUNOFF_DISCHARGE,urn:ioos:sensor:GOA_RUNOFF_DISCHARGE:q,58.069320239858385,-154.46915010358515,1996-06-22T00:00:00Z,0.33653004065244313
urn:ioos:station:GOA_RUNOFF_DISCHARGE,urn:ioos:sensor:GOA_RUNOFF_DISCHARGE:q,58.069320239858385,-154.46915010358515,1996-06-23T00:00:00Z,0.2382478759100591
urn:ioos:station:GOA_RUNOFF_DISCHARGE,urn:ioos:sensor:GOA_RUNOFF_DISCHARGE:q,58.069320239858385,-154.46915010358515,1996-06-24T00:00:00Z,0.16863611082089394
urn:ioos:station:GOA_RUNOFF_DISCHARGE,urn:ioos:sensor:GOA_RUNOFF_DISCHARGE:q,58.069320239858385,-154.46915010358515,1996-06-25T00:00:00Z,1.9131994560954182
urn:ioos:station:GOA_RUNOFF_DISCHARGE,urn:ioos:sensor:GOA_RUNOFF_DISCHARGE:q,58.069320239858385,-154.46915010358515,1996-06-26T00:00:00Z,1.7763717503506966
urn:ioos:station:GOA_RUNOFF_DISCHARGE,urn:ioos:sensor:GOA_RUNOFF_DISCHARGE:q,58.069320239858385,-154.46915010358515,1996-06-27T00:00:00Z,2.5177249806269026
urn:ioos:station:GOA_RUNOFF_DISCHARGE,urn:ioos:sensor:GOA_RUNOFF_DISCHARGE:q,58.069320239858385,-154.46915010358515,1996-06-28T00:00:00Z,1.8429432078201897
urn:ioos:station:GOA_RUNOFF_DISCHARGE,urn:ioos:sensor:GOA_RUNOFF_DISCHARGE:q,58.069320239858385,-154.46915010358515,1996-06-29T00:00:00Z,1.3105092886466863
urn:ioos:station:GOA_RUNOFF_DISCHARGE,urn:ioos:sensor:GOA_RUNOFF_DISCHARGE:q,58.069320239858385,-154.46915010358515,1996-06-30T00:00:00Z,0.9281800438815847
urn:ioos:station:GOA_RUNOFF_DISCHARGE,urn:ioos:sensor:GOA_RUNOFF_DISCHARGE:q,58.069320239858385,-154.46915010358515,1996-07-01T00:00:00Z,0.6570223809100355
urn:ioos:station:GOA_RUNOFF_DISCHARGE,urn:ioos:sensor:GOA_RUNOFF_DISCHARGE:q,58.069320239858385,-154.46915010358515,1996-07-02T00:00:00Z,0.4650435498696713
urn:ioos:station:GOA_RUNOFF_DISCHARGE,urn:ioos:sensor:GOA_RUNOFF_DISCHARGE:q,58.069320239858385,-154.46915010358515,1996-07-03T00:00:00Z,0.3291563478726809
urn:ioos:station:GOA_RUNOFF_DISCHARGE,urn:ioos:sensor:GOA_RUNOFF_DISCHARGE:q,58.069320239858385,-154.46915010358515,1996-07-04T00:00:00Z,0.23297548346749586
urn:ioos:station:GOA_RUNOFF_DISCHARGE,urn:ioos:sensor:GOA_RUNOFF_DISCHARGE:q,58.069320239858385,-154.46915010358515,1996-07-05T00:00:00Z,0.16489900950981637
urn:ioos:station:GOA_RUNOFF_DISCHARGE,urn:ioos:sensor:GOA_RUNOFF_DISCHARGE:q,58.069320239858385,-154.46915010358515,1996-07-06T00:00:00Z,0.11671478511381944
urn:ioos:station:GOA_RUNOFF_DISCHARGE,urn:ioos:sensor:GOA_RUNOFF_DISCHARGE:q,58.069320239858385,-154.46915010358515,1996-07-07T00:00:00Z,0.08261021032342655
urn:ioos:station:GOA_RUNOFF_DISCHARGE,urn:ioos:sensor:GOA_RUNOFF_DISCHARGE:q,58.069320239858385,-154.46915010358515,1996-07-08T00:00:00Z,0.05847114447236981
urn:ioos:station:GOA_RUNOFF_DISCHARGE,urn:ioos:sensor:GOA_RUNOFF_DISCHARGE:q,58.069320239858385,-154.46915010358515,1996-07-09T00:00:00Z,0.04138561417036754
urn:ioos:station:GOA_RUNOFF_DISCHARGE,urn:ioos:sensor:GOA_RUNOFF_DISCHARGE:q,58.069320239858385,-154.46915010358515,1996-07-10T00:00:00Z,0.029292553028706383
urn:ioos:station:GOA_RUNOFF_DISCHARGE,urn:ioos:sensor:GOA_RUNOFF_DISCHARGE:q,58.069320239858385,-154.46915010358515,1996-07-11T00:00:00Z,1.692482999577931
urn:ioos:station:GOA_RUNOFF_DISCHARGE,urn:ioos:sensor:GOA_RUNOFF_DISCHARGE:q,58.069320239858385,-154.46915010358515,1996-07-12T00:00:00Z,1.8090212675699826
urn:ioos:station:GOA_RUNOFF_DISCHARGE,urn:ioos:sensor:GOA_RUNOFF_DISCHARGE:q,58.069320239858385,-154.46915010358515,1996-07-13T00:00:00Z,2.2972242782213583
urn:ioos:station:GOA_RUNOFF_DISCHARGE,urn:ioos:sensor:GOA_RUNOFF_DISCHARGE:q,58.069320239858385,-154.46915010358515,1996-07-14T00:00:00Z,1.675803101806587
urn:ioos:station:GOA_RUNOFF_DISCHARGE,urn:ioos:sensor:GOA_RUNOFF_DISCHARGE:q,58.069320239858385,-154.46915010358515,1996-07-15T00:00:00Z,1.1911028065396487
urn:ioos:station:GOA_RUNOFF_DISCHARGE,urn:ioos:sensor:GOA_RUNOFF_DISCHARGE:q,58.069320239858385,-154.46915010358515,1996-07-16T00:00:00Z,0.8435541770788096
urn:ioos:station:GOA_RUNOFF_DISCHARGE,urn:ioos:sensor:GOA_RUNOFF_DISCHARGE:q,58.069320239858385,-154.46915010358515,1996-07-17T00:00:00Z,0.597113581441937
urn:ioos:station:GOA_RUNOFF_DISCHARGE,urn:ioos:sensor:GOA_RUNOFF_DISCHARGE:q,58.069320239858385,-154.46915010358515,1996-07-18T00:00:00Z,0.4226392827535177
urn:ioos:station:GOA_RUNOFF_DISCHARGE,urn:ioos:sensor:GOA_RUNOFF_DISCHARGE:q,58.069320239858385,-154.46915010358515,1996-07-19T00:00:00Z,0.29914271442588636
urn:ioos:station:GOA_RUNOFF_DISCHARGE,urn:ioos:sensor:GOA_RUNOFF_DISCHARGE:q,58.069320239858385,-154.46915010358515,1996-07-20T00:00:00Z,0.21173194222238614
urn:ioos:station:GOA_RUNOFF_DISCHARGE,urn:ioos:sensor:GOA_RUNOFF_DISCHARGE:q,58.069320239858385,-154.46915010358515,1996-07-21T00:00:00Z,0.14986292126818296
urn:ioos:station:GOA_RUNOFF_DISCHARGE,urn:ioos:sensor:GOA_RUNOFF_DISCHARGE:q,58.069320239858385,-154.46915010358515,1996-07-22T00:00:00Z,0.10607231064774812
urn:ioos:station:GOA_RUNOFF_DISCHARGE,urn:ioos:sensor:GOA_RUNOFF_DISCHARGE:q,58.069320239858385,-154.46915010358515,1996-07-23T00:00:00Z,0.07507750577648203
urn:ioos:station:GOA_RUNOFF_DISCHARGE,urn:ioos:sensor:GOA_RUNOFF_DISCHARGE:q,58.069320239858385,-154.46915010358515,1996-07-24T00:00:00Z,0.053139522428229585
urn:ioos:station:GOA_RUNOFF_DISCHARGE,urn:ioos:sensor:GOA_RUNOFF_DISCHARGE:q,58.069320239858385,-154.46915010358515,1996-07-25T00:00:00Z,0.0376119193503265
urn:ioos:station:GOA_RUNOFF_DISCHARGE,urn:ioos:sensor:GOA_RUNOFF_DISCHARGE:q,58.069320239858385,-154.46915010358515,1996-07-26T00:00:00Z,0.026621551656668137
urn:ioos:station:GOA_RUNOFF_DISCHARGE,urn:ioos:sensor:GOA_RUNOFF_DISCHARGE:q,58.069320239858385,-154.46915010358515,1996-07-27T00:00:00Z,0.018842616907235238
urn:ioos:station:GOA_RUNOFF_DISCHARGE,urn:ioos:sensor:GOA_RUNOFF_DISCHARGE:q,58.069320239858385,-154.46915010358515,1996-07-28T00:00:00Z,0.013336719355838167
urn:ioos:station:GOA_RUNOFF_DISCHARGE,urn:ioos:sensor:GOA_RUNOFF_DISCHARGE:q,58.069320239858385,-154.46915010358515,1996-07-29T00:00:00Z,0.00943967098679202
urn:ioos:station:GOA_RUNOFF_DISCHARGE,urn:ioos:sensor:GOA_RUNOFF_DISCHARGE:q,58.069320239858385,-154.46915010358515,1996-07-30T00:00:00Z,0.4637091633102592
urn:ioos:station:GOA_RUNOFF_DISCHARGE,urn:ioos:sensor:GOA_RUNOFF_DISCHARGE:q,58.069320239858385,-154.46915010358515,1996-07-31T00:00:00Z,0.3498311500963316
urn:ioos:station:GOA_RUNOFF_DISCHARGE,urn:ioos:sensor:GOA_RUNOFF_DISCHARGE:q,58.069320239858385,-154.46915010358515,1996-08-01T00:00:00Z,0.24976787924797095
urn:ioos:station:GOA_RUNOFF_DISCHARGE,urn:ioos:sensor:GOA_RUNOFF_DISCHARGE:q,58.069320239858385,-154.46915010358515,1996-08-02T00:00:00Z,1.7422718129581367
urn:ioos:station:GOA_RUNOFF_DISCHARGE,urn:ioos:sensor:GOA_RUNOFF_DISCHARGE:q,58.069320239858385,-154.46915010358515,1996-08-03T00:00:00Z,1.3072395613916703
urn:ioos:station:GOA_RUNOFF_DISCHARGE,urn:ioos:sensor:GOA_RUNOFF_DISCHARGE:q,58.069320239858385,-154.46915010358515,1996-08-04T00:00:00Z,0.9326546394501546
urn:ioos:station:GOA_RUNOFF_DISCHARGE,urn:ioos:sensor:GOA_RUNOFF_DISCHARGE:q,58.069320239858385,-154.46915010358515,1996-08-05T00:00:00Z,0.660867408611104
urn:ioos:station:GOA_RUNOFF_DISCHARGE,urn:ioos:sensor:GOA_RUNOFF_DISCHARGE:q,58.069320239858385,-154.46915010358515,1996-08-06T00:00:00Z,0.46783273088541966
urn:ioos:station:GOA_RUNOFF_DISCHARGE,urn:ioos:sensor:GOA_RUNOFF_DISCHARGE:q,58.069320239858385,-154.46915010358515,1996-08-07T00:00:00Z,0.3311373060916484
urn:ioos:station:GOA_RUNOFF_DISCHARGE,urn:ioos:sensor:GOA_RUNOFF_DISCHARGE:q,58.069320239858385,-154.46915010358515,1996-08-08T00:00:00Z,0.23437824697793375
urn:ioos:station:GOA_RUNOFF_DISCHARGE,urn:ioos:sensor:GOA_RUNOFF_DISCHARGE:q,58.069320239858385,-154.46915010358515,1996-08-09T00:00:00Z,0.16589195532027506
urn:ioos:station:GOA_RUNOFF_DISCHARGE,urn:ioos:sensor:GOA_RUNOFF_DISCHARGE:q,58.069320239858385,-154.46915010358515,1996-08-10T00:00:00Z,0.11741761400027703
urn:ioos:station:GOA_RUNOFF_DISCHARGE,urn:ioos:sensor:GOA_RUNOFF_DISCHARGE:q,58.069320239858385,-154.46915010358515,1996-08-11T00:00:00Z,1.60163223197345
urn:ioos:station:GOA_RUNOFF_DISCHARGE,urn:ioos:sensor:GOA_RUNOFF_DISCHARGE:q,58.069320239858385,-154.46915010358515,1996-08-12T00:00:00Z,1.9656296786582992
urn:ioos:station:GOA_RUNOFF_DISCHARGE,urn:ioos:sensor:GOA_RUNOFF_DISCHARGE:q,58.069320239858385,-154.46915010358515,1996-08-13T00:00:00Z,1.4343972730850236
urn:ioos:station:GOA_RUNOFF_DISCHARGE,urn:ioos:sensor:GOA_RUNOFF_DISCHARGE:q,58.069320239858385,-154.46915010358515,1996-08-14T00:00:00Z,1.0195672367247528
urn:ioos:station:GOA_RUNOFF_DISCHARGE,urn:ioos:sensor:GOA_RUNOFF_DISCHARGE:q,58.069320239858385,-154.46915010358515,1996-08-15T00:00:00Z,0.7220753372593458
urn:ioos:station:GOA_RUNOFF_DISCHARGE,urn:ioos:sensor:GOA_RUNOFF_DISCHARGE:q,58.069320239858385,-154.46915010358515,1996-08-16T00:00:00Z,0.5111246156804014
urn:ioos:station:GOA_RUNOFF_DISCHARGE,urn:ioos:sensor:GOA_RUNOFF_DISCHARGE:q,58.069320239858385,-154.46915010358515,1996-08-17T00:00:00Z,0.361776034454843
urn:ioos:station:GOA_RUNOFF_DISCHARGE,urn:ioos:sensor:GOA_RUNOFF_DISCHARGE:q,58.069320239858385,-154.46915010358515,1996-08-18T00:00:00Z,0.256063870371775
urn:ioos:station:GOA_RUNOFF_DISCHARGE,urn:ioos:sensor:GOA_RUNOFF_DISCHARGE:q,58.069320239858385,-154.46915010358515,1996-08-19T00:00:00Z,0.18124091991357186
urn:ioos:station:GOA_RUNOFF_DISCHARGE,urn:ioos:sensor:GOA_RUNOFF_DISCHARGE:q,58.069320239858385,-154.46915010358515,1996-08-20T00:00:00Z,0.882155350410469
urn:ioos:station:GOA_RUNOFF_DISCHARGE,urn:ioos:sensor:GOA_RUNOFF_DISCHARGE:q,58.069320239858385,-154.46915010358515,1996-08-21T00:00:00Z,0.6600479376578774
urn:ioos:station:GOA_RUNOFF_DISCHARGE,urn:ioos:sensor:GOA_RUNOFF_DISCHARGE:q,58.069320239858385,-154.46915010358515,1996-08-22T00:00:00Z,2.362572515122044
urn:ioos:station:GOA_RUNOFF_DISCHARGE,urn:ioos:sensor:GOA_RUNOFF_DISCHARGE:q,58.069320239858385,-154.46915010358515,1996-08-23T00:00:00Z,1.7620676474010448
urn:ioos:station:GOA_RUNOFF_DISCHARGE,urn:ioos:sensor:GOA_RUNOFF_DISCHARGE:q,58.069320239858385,-154.46915010358515,1996-08-24T00:00:00Z,4.259497927979864
urn:ioos:station:GOA_RUNOFF_DISCHARGE,urn:ioos:sensor:GOA_RUNOFF_DISCHARGE:q,58.069320239858385,-154.46915010358515,1996-08-25T00:00:00Z,3.179747002630364
urn:ioos:station:GOA_RUNOFF_DISCHARGE,urn:ioos:sensor:GOA_RUNOFF_DISCHARGE:q,58.069320239858385,-154.46915010358515,1996-08-26T00:00:00Z,2.2659246713329533
urn:ioos:station:GOA_RUNOFF_DISCHARGE,urn:ioos:sensor:GOA_RUNOFF_DISCHARGE:q,58.069320239858385,-154.46915010358515,1996-08-27T00:00:00Z,1.605340703108545
urn:ioos:station:GOA_RUNOFF_DISCHARGE,urn:ioos:sensor:GOA_RUNOFF_DISCHARGE:q,58.069320239858385,-154.46915010358515,1996-08-28T00:00:00Z,1.1364057186701297
urn:ioos:station:GOA_RUNOFF_DISCHARGE,urn:ioos:sensor:GOA_RUNOFF_DISCHARGE:q,58.069320239858385,-154.46915010358515,1996-08-29T00:00:00Z,0.8043581670293762
urn:ioos:station:GOA_RUNOFF_DISCHARGE,urn:ioos:sensor:GOA_RUNOFF_DISCHARGE:q,58.069320239858385,-154.46915010358515,1996-08-30T00:00:00Z,0.5693226757990021
urn:ioos:station:GOA_RUNOFF_DISCHARGE,urn:ioos:sensor:GOA_RUNOFF_DISCHARGE:q,58.069320239858385,-154.46915010358515,1996-08-31T00:00:00Z,0.40296425087968973
urn:ioos:station:GOA_RUNOFF_DISCHARGE,urn:ioos:sensor:GOA_RUNOFF_DISCHARGE:q,58.069320239858385,-154.46915010358515,1996-09-01T00:00:00Z,0.007124190601209826
urn:ioos:station:GOA_RUNOFF_DISCHARGE,urn:ioos:sensor:GOA_RUNOFF_DISCHARGE:q,58.069320239858385,-154.46915010358515,1996-09-02T00:00:00Z,2.770222544063106
urn:ioos:station:GOA_RUNOFF_DISCHARGE,urn:ioos:sensor:GOA_RUNOFF_DISCHARGE:q,58.069320239858385,-154.46915010358515,1996-09-03T00:00:00Z,4.9153043897559785
urn:ioos:station:GOA_RUNOFF_DISCHARGE,urn:ioos:sensor:GOA_RUNOFF_DISCHARGE:q,58.069320239858385,-154.46915010358515,1996-09-04T00:00:00Z,3.625671284800538
urn:ioos:station:GOA_RUNOFF_DISCHARGE,urn:ioos:sensor:GOA_RUNOFF_DISCHARGE:q,58.069320239858385,-154.46915010358515,1996-09-05T00:00:00Z,2.5808775247664144
urn:ioos:station:GOA_RUNOFF_DISCHARGE,urn:ioos:sensor:GOA_RUNOFF_DISCHARGE:q,58.069320239858385,-154.46915010358515,1996-09-06T00:00:00Z,1.8281958880393578
urn:ioos:station:GOA_RUNOFF_DISCHARGE,urn:ioos:sensor:GOA_RUNOFF_DISCHARGE:q,58.069320239858385,-154.46915010358515,1996-09-07T00:00:00Z,5.741483190945892
urn:ioos:station:GOA_RUNOFF_DISCHARGE,urn:ioos:sensor:GOA_RUNOFF_DISCHARGE:q,58.069320239858385,-154.46915010358515,1996-09-08T00:00:00Z,4.274194466609958
urn:ioos:station:GOA_RUNOFF_DISCHARGE,urn:ioos:sensor:GOA_RUNOFF_DISCHARGE:q,58.069320239858385,-154.46915010358515,1996-09-09T00:00:00Z,3.359154440153924
urn:ioos:station:GOA_RUNOFF_DISCHARGE,urn:ioos:sensor:GOA_RUNOFF_DISCHARGE:q,58.069320239858385,-154.46915010358515,1996-09-10T00:00:00Z,2.394493599098752
urn:ioos:station:GOA_RUNOFF_DISCHARGE,urn:ioos:sensor:GOA_RUNOFF_DISCHARGE:q,58.069320239858385,-154.46915010358515,1996-09-11T00:00:00Z,1.8096519536752593
urn:ioos:station:GOA_RUNOFF_DISCHARGE,urn:ioos:sensor:GOA_RUNOFF_DISCHARGE:q,58.069320239858385,-154.46915010358515,1996-09-12T00:00:00Z,1.2863846899968476
urn:ioos:station:GOA_RUNOFF_DISCHARGE,urn:ioos:sensor:GOA_RUNOFF_DISCHARGE:q,58.069320239858385,-154.46915010358515,1996-09-13T00:00:00Z,0.9110487727211702
urn:ioos:station:GOA_RUNOFF_DISCHARGE,urn:ioos:sensor:GOA_RUNOFF_DISCHARGE:q,58.069320239858385,-154.46915010358515,1996-09-14T00:00:00Z,4.474993924332647
urn:ioos:station:GOA_RUNOFF_DISCHARGE,urn:ioos:sensor:GOA_RUNOFF_DISCHARGE:q,58.069320239858385,-154.46915010358515,1996-09-15T00:00:00Z,4.115659397613469
urn:ioos:station:GOA_RUNOFF_DISCHARGE,urn:ioos:sensor:GOA_RUNOFF_DISCHARGE:q,58.069320239858385,-154.46915010358515,1996-09-16T00:00:00Z,3.048470360759683
urn:ioos:station:GOA_RUNOFF_DISCHARGE,urn:ioos:sensor:GOA_RUNOFF_DISCHARGE:q,58.069320239858385,-154.46915010358515,1996-09-17T00:00:00Z,2.166957997070019
urn:ioos:station:GOA_RUNOFF_DISCHARGE,urn:ioos:sensor:GOA_RUNOFF_DISCHARGE:q,58.069320239858385,-154.46915010358515,1996-09-18T00:00:00Z,1.5346884671034702
urn:ioos:station:GOA_RUNOFF_DISCHARGE,urn:ioos:sensor:GOA_RUNOFF_DISCHARGE:q,58.069320239858385,-154.46915010358515,1996-09-19T00:00:00Z,1.0863379378543296
urn:ioos:station:GOA_RUNOFF_DISCHARGE,urn:ioos:sensor:GOA_RUNOFF_DISCHARGE:q,58.069320239858385,-154.46915010358515,1996-09-20T00:00:00Z,0.768914436724353
urn:ioos:station:GOA_RUNOFF_DISCHARGE,urn:ioos:sensor:GOA_RUNOFF_DISCHARGE:q,58.069320239858385,-154.46915010358515,1996-09-21T00:00:00Z,0.5442351757565798
urn:ioos:station:GOA_RUNOFF_DISCHARGE,urn:ioos:sensor:GOA_RUNOFF_DISCHARGE:q,58.069320239858385,-154.46915010358515,1996-09-22T00:00:00Z,0.3852073256839874
urn:ioos:station:GOA_RUNOFF_DISCHARGE,urn:ioos:sensor:GOA_RUNOFF_DISCHARGE:q,58.069320239858385,-154.46915010358515,1996-09-23T00:00:00Z,0.2726480272559444
urn:ioos:station:GOA_RUNOFF_DISCHARGE,urn:ioos:sensor:GOA_RUNOFF_DISCHARGE:q,58.069320239858385,-154.46915010358515,1996-09-24T00:00:00Z,0.5449704170938482
urn:ioos:station:GOA_RUNOFF_DISCHARGE,urn:ioos:sensor:GOA_RUNOFF_DISCHARGE:q,58.069320239858385,-154.46915010358515,1996-09-25T00:00:00Z,0.40237868895758155
urn:ioos:station:GOA_RUNOFF_DISCHARGE,urn:ioos:sensor:GOA_RUNOFF_DISCHARGE:q,58.069320239858385,-154.46915010358515,1996-09-26T00:00:00Z,0.28646459498023275
urn:ioos:station:GOA_RUNOFF_DISCHARGE,urn:ioos:sensor:GOA_RUNOFF_DISCHARGE:q,58.069320239858385,-154.46915010358515,1996-09-27T00:00:00Z,0.2029244219445747
urn:ioos:station:GOA_RUNOFF_DISCHARGE,urn:ioos:sensor:GOA_RUNOFF_DISCHARGE:q,58.069320239858385,-154.46915010358515,1996-09-28T00:00:00Z,0.14364558501613364
urn:ioos:station:GOA_RUNOFF_DISCHARGE,urn:ioos:sensor:GOA_RUNOFF_DISCHARGE:q,58.069320239858385,-154.46915010358515,1996-09-29T00:00:00Z,0.10167335235340699
urn:ioos:station:GOA_RUNOFF_DISCHARGE,urn:ioos:sensor:GOA_RUNOFF_DISCHARGE:q,58.069320239858385,-154.46915010358515,1996-09-30T00:00:00Z,0.07196411802925863
urn:ioos:station:GOA_RUNOFF_DISCHARGE,urn:ioos:sensor:GOA_RUNOFF_DISCHARGE:q,58.069320239858385,-154.46915010358515,1996-10-01T00:00:00Z,0.0509358951122528
urn:ioos:station:GOA_RUNOFF_DISCHARGE,urn:ioos:sensor:GOA_RUNOFF_DISCHARGE:q,58.069320239858385,-154.46915010358515,1996-10-02T00:00:00Z,0.03605220376802047
urn:ioos:station:GOA_RUNOFF_DISCHARGE,urn:ioos:sensor:GOA_RUNOFF_DISCHARGE:q,58.069320239858385,-154.46915010358515,1996-10-03T00:00:00Z,0.023250969221122665
urn:ioos:station:GOA_RUNOFF_DISCHARGE,urn:ioos:sensor:GOA_RUNOFF_DISCHARGE:q,58.069320239858385,-154.46915010358515,1996-10-04T00:00:00Z,0.015086075936890868
urn:ioos:station:GOA_RUNOFF_DISCHARGE,urn:ioos:sensor:GOA_RUNOFF_DISCHARGE:q,58.069320239858385,-154.46915010358515,1996-10-05T00:00:00Z,0.009793535686322598
urn:ioos:station:GOA_RUNOFF_DISCHARGE,urn:ioos:sensor:GOA_RUNOFF_DISCHARGE:q,58.069320239858385,-154.46915010358515,1996-10-06T00:00:00Z,0.0063580286533242185
urn:ioos:station:GOA_RUNOFF_DISCHARGE,urn:ioos:sensor:GOA_RUNOFF_DISCHARGE:q,58.069320239858385,-154.46915010358515,1996-10-07T00:00:00Z,0.00412769004916488
urn:ioos:station:GOA_RUNOFF_DISCHARGE,urn:ioos:sensor:GOA_RUNOFF_DISCHARGE:q,58.069320239858385,-154.46915010358515,1996-10-08T00:00:00Z,0.002679735035177702
urn:ioos:station:GOA_RUNOFF_DISCHARGE,urn:ioos:sensor:GOA_RUNOFF_DISCHARGE:q,58.069320239858385,-154.46915010358515,1996-10-09T00:00:00Z,0.0017397089538124246
urn:ioos:station:GOA_RUNOFF_DISCHARGE,urn:ioos:sensor:GOA_RUNOFF_DISCHARGE:q,58.069320239858385,-154.46915010358515,1996-10-10T00:00:00Z,1.2176788455077447
urn:ioos:station:GOA_RUNOFF_DISCHARGE,urn:ioos:sensor:GOA_RUNOFF_DISCHARGE:q,58.069320239858385,-154.46915010358515,1996-10-11T00:00:00Z,0.9289966205723341
urn:ioos:station:GOA_RUNOFF_DISCHARGE,urn:ioos:sensor:GOA_RUNOFF_DISCHARGE:q,58.069320239858385,-154.46915010358515,1996-10-12T00:00:00Z,2.493300036466353
urn:ioos:station:GOA_RUNOFF_DISCHARGE,urn:ioos:sensor:GOA_RUNOFF_DISCHARGE:q,58.069320239858385,-154.46915010358515,1996-10-13T00:00:00Z,2.1317719219041664
urn:ioos:station:GOA_RUNOFF_DISCHARGE,urn:ioos:sensor:GOA_RUNOFF_DISCHARGE:q,58.069320239858385,-154.46915010358515,1996-10-14T00:00:00Z,1.5308019988260224
urn:ioos:station:GOA_RUNOFF_DISCHARGE,urn:ioos:sensor:GOA_RUNOFF_DISCHARGE:q,58.069320239858385,-154.46915010358515,1996-10-15T00:00:00Z,1.085686005231322
urn:ioos:station:GOA_RUNOFF_DISCHARGE,urn:ioos:sensor:GOA_RUNOFF_DISCHARGE:q,58.069320239858385,-154.46915010358515,1996-10-16T00:00:00Z,0.7003981006488194
urn:ioos:station:GOA_RUNOFF_DISCHARGE,urn:ioos:sensor:GOA_RUNOFF_DISCHARGE:q,58.069320239858385,-154.46915010358515,1996-10-17T00:00:00Z,0.4544558114982342
urn:ioos:station:GOA_RUNOFF_DISCHARGE,urn:ioos:sensor:GOA_RUNOFF_DISCHARGE:q,58.069320239858385,-154.46915010358515,1996-10-18T00:00:00Z,0.9380225096651218
urn:ioos:station:GOA_RUNOFF_DISCHARGE,urn:ioos:sensor:GOA_RUNOFF_DISCHARGE:q,58.069320239858385,-154.46915010358515,1996-10-19T00:00:00Z,1.2940346203964588
urn:ioos:station:GOA_RUNOFF_DISCHARGE,urn:ioos:sensor:GOA_RUNOFF_DISCHARGE:q,58.069320239858385,-154.46915010358515,1996-10-20T00:00:00Z,5.657675874194646
urn:ioos:station:GOA_RUNOFF_DISCHARGE,urn:ioos:sensor:GOA_RUNOFF_DISCHARGE:q,58.069320239858385,-154.46915010358515,1996-10-21T00:00:00Z,5.822531486211976
urn:ioos:station:GOA_RUNOFF_DISCHARGE,urn:ioos:sensor:GOA_RUNOFF_DISCHARGE:q,58.069320239858385,-154.46915010358515,1996-10-22T00:00:00Z,4.4127591245132045
urn:ioos:station:GOA_RUNOFF_DISCHARGE,urn:ioos:sensor:GOA_RUNOFF_DISCHARGE:q,58.069320239858385,-154.46915010358515,1996-10-23T00:00:00Z,3.1422691978120456
urn:ioos:station:GOA_RUNOFF_DISCHARGE,urn:ioos:sensor:GOA_RUNOFF_DISCHARGE:q,58.069320239858385,-154.46915010358515,1996-10-24T00:00:00Z,3.146216708716287
urn:ioos:station:GOA_RUNOFF_DISCHARGE,urn:ioos:sensor:GOA_RUNOFF_DISCHARGE:q,58.069320239858385,-154.46915010358515,1996-10-25T00:00:00Z,3.4743884482278045
urn:ioos:station:GOA_RUNOFF_DISCHARGE,urn:ioos:sensor:GOA_RUNOFF_DISCHARGE:q,58.069320239858385,-154.46915010358515,1996-10-26T00:00:00Z,2.6725272403720104
urn:ioos:station:GOA_RUNOFF_DISCHARGE,urn:ioos:sensor:GOA_RUNOFF_DISCHARGE:q,58.069320239858385,-154.46915010358515,1996-10-27T00:00:00Z,1.826497087522579
urn:ioos:station:GOA_RUNOFF_DISCHARGE,urn:ioos:sensor:GOA_RUNOFF_DISCHARGE:q,58.069320239858385,-154.46915010358515,1996-10-28T00:00:00Z,1.188313789970632
urn:ioos:station:GOA_RUNOFF_DISCHARGE,urn:ioos:sensor:GOA_RUNOFF_DISCHARGE:q,58.069320239858385,-154.46915010358515,1996-10-29T00:00:00Z,0.7716068243938441
urn:ioos:station:GOA_RUNOFF_DISCHARGE,urn:ioos:sensor:GOA_RUNOFF_DISCHARGE:q,58.069320239858385,-154.46915010358515,1996-10-30T00:00:00Z,0.5009423371705544
urn:ioos:station:GOA_RUNOFF_DISCHARGE,urn:ioos:sensor:GOA_RUNOFF_DISCHARGE:q,58.069320239858385,-154.46915010358515,1996-10-31T00:00:00Z,0.35678122809532814
urn:ioos:station:GOA_RUNOFF_DISCHARGE,urn:ioos:sensor:GOA_RUNOFF_DISCHARGE:q,58.069320239858385,-154.46915010358515,1996-11-01T00:00:00Z,0.7574609849787455
urn:ioos:station:GOA_RUNOFF_DISCHARGE,urn:ioos:sensor:GOA_RUNOFF_DISCHARGE:q,58.069320239858385,-154.46915010358515,1996-11-02T00:00:00Z,0.8731167002513042
urn:ioos:station:GOA_RUNOFF_DISCHARGE,urn:ioos:sensor:GOA_RUNOFF_DISCHARGE:q,58.069320239858385,-154.46915010358515,1996-11-03T00:00:00Z,0.7013086093126951
urn:ioos:station:GOA_RUNOFF_DISCHARGE,urn:ioos:sensor:GOA_RUNOFF_DISCHARGE:q,58.069320239858385,-154.46915010358515,1996-11-04T00:00:00Z,0.5191204433353939
urn:ioos:station:GOA_RUNOFF_DISCHARGE,urn:ioos:sensor:GOA_RUNOFF_DISCHARGE:q,58.069320239858385,-154.46915010358515,1996-11-05T00:00:00Z,0.7193613741786604
urn:ioos:station:GOA_RUNOFF_DISCHARGE,urn:ioos:sensor:GOA_RUNOFF_DISCHARGE:q,58.069320239858385,-154.46915010358515,1996-11-06T00:00:00Z,0.7154264927834109
urn:ioos:station:GOA_RUNOFF_DISCHARGE,urn:ioos:sensor:GOA_RUNOFF_DISCHARGE:q,58.069320239858385,-154.46915010358515,1996-11-07T00:00:00Z,0.8871372312568752
urn:ioos:station:GOA_RUNOFF_DISCHARGE,urn:ioos:sensor:GOA_RUNOFF_DISCHARGE:q,58.069320239858385,-154.46915010358515,1996-11-08T00:00:00Z,0.844274387984804
urn:ioos:station:GOA_RUNOFF_DISCHARGE,urn:ioos:sensor:GOA_RUNOFF_DISCHARGE:q,58.069320239858385,-154.46915010358515,1996-11-09T00:00:00Z,0.6470015890906823
urn:ioos:station:GOA_RUNOFF_DISCHARGE,urn:ioos:sensor:GOA_RUNOFF_DISCHARGE:q,58.069320239858385,-154.46915010358515,1996-11-10T00:00:00Z,1.038888938350928
urn:ioos:station:GOA_RUNOFF_DISCHARGE,urn:ioos:sensor:GOA_RUNOFF_DISCHARGE:q,58.069320239858385,-154.46915010358515,1996-11-11T00:00:00Z,2.0203712329240604
urn:ioos:station:GOA_RUNOFF_DISCHARGE,urn:ioos:sensor:GOA_RUNOFF_DISCHARGE:q,58.069320239858385,-154.46915010358515,1996-11-12T00:00:00Z,3.8333922396802604
urn:ioos:station:GOA_RUNOFF_DISCHARGE,urn:ioos:sensor:GOA_RUNOFF_DISCHARGE:q,58.069320239858385,-154.46915010358515,1996-11-13T00:00:00Z,4.044909940700635
urn:ioos:station:GOA_RUNOFF_DISCHARGE,urn:ioos:sensor:GOA_RUNOFF_DISCHARGE:q,58.069320239858385,-154.46915010358515,1996-11-14T00:00:00Z,2.6712085091414526
urn:ioos:station:GOA_RUNOFF_DISCHARGE,urn:ioos:sensor:GOA_RUNOFF_DISCHARGE:q,58.069320239858385,-154.46915010358515,1996-11-15T00:00:00Z,1.7367118031818936
urn:ioos:station:GOA_RUNOFF_DISCHARGE,urn:ioos:sensor:GOA_RUNOFF_DISCHARGE:q,58.069320239858385,-154.46915010358515,1996-11-16T00:00:00Z,1.3933907045199727
urn:ioos:station:GOA_RUNOFF_DISCHARGE,urn:ioos:sensor:GOA_RUNOFF_DISCHARGE:q,58.069320239858385,-154.46915010358515,1996-11-17T00:00:00Z,1.1247185552294816
urn:ioos:station:GOA_RUNOFF_DISCHARGE,urn:ioos:sensor:GOA_RUNOFF_DISCHARGE:q,58.069320239858385,-154.46915010358515,1996-11-18T00:00:00Z,0.736233871962129
urn:ioos:station:GOA_RUNOFF_DISCHARGE,urn:ioos:sensor:GOA_RUNOFF_DISCHARGE:q,58.069320239858385,-154.46915010358515,1996-11-19T00:00:00Z,0.47830986238513973
urn:ioos:station:GOA_RUNOFF_DISCHARGE,urn:ioos:sensor:GOA_RUNOFF_DISCHARGE:q,58.069320239858385,-154.46915010358515,1996-11-20T00:00:00Z,0.31054235920089357
urn:ioos:station:GOA_RUNOFF_DISCHARGE,urn:ioos:sensor:GOA_RUNOFF_DISCHARGE:q,58.069320239858385,-154.46915010358515,1996-11-21T00:00:00Z,0.2016080751916261
urn:ioos:station:GOA_RUNOFF_DISCHARGE,urn:ioos:sensor:GOA_RUNOFF_DISCHARGE:q,58.069320239858385,-154.46915010358515,1996-11-22T00:00:00Z,0.130885916436248
urn:ioos:station:GOA_RUNOFF_DISCHARGE,urn:ioos:sensor:GOA_RUNOFF_DISCHARGE:q,58.069320239858385,-154.46915010358515,1996-11-23T00:00:00Z,0.08497237251106375
urn:ioos:station:GOA_RUNOFF_DISCHARGE,urn:ioos:sensor:GOA_RUNOFF_DISCHARGE:q,58.069320239858385,-154.46915010358515,1996-11-24T00:00:00Z,0.05516486482007315
urn:ioos:station:GOA_RUNOFF_DISCHARGE,urn:ioos:sensor:GOA_RUNOFF_DISCHARGE:q,58.069320239858385,-154.46915010358515,1996-11-25T00:00:00Z,0.0358135504486935
urn:ioos:station:GOA_RUNOFF_DISCHARGE,urn:ioos:sensor:GOA_RUNOFF_DISCHARGE:q,58.069320239858385,-154.46915010358515,1996-11-26T00:00:00Z,0.023250490270016695
urn:ioos:station:GOA_RUNOFF_DISCHARGE,urn:ioos:sensor:GOA_RUNOFF_DISCHARGE:q,58.069320239858385,-154.46915010358515,1996-11-27T00:00:00Z,0.015094437025403895
urn:ioos:station:GOA_RUNOFF_DISCHARGE,urn:ioos:sensor:GOA_RUNOFF_DISCHARGE:q,58.069320239858385,-154.46915010358515,1996-11-28T00:00:00Z,0.009799449601910057
urn:ioos:station:GOA_RUNOFF_DISCHARGE,urn:ioos:sensor:GOA_RUNOFF_DISCHARGE:q,58.069320239858385,-154.46915010358515,1996-11-29T00:00:00Z,0.006361894693206425
urn:ioos:station:GOA_RUNOFF_DISCHARGE,urn:ioos:sensor:GOA_RUNOFF_DISCHARGE:q,58.069320239858385,-154.46915010358515,1996-11-30T00:00:00Z,0.004130201716043025
urn:ioos:station:GOA_RUNOFF_DISCHARGE,urn:ioos:sensor:GOA_RUNOFF_DISCHARGE:q,58.069320239858385,-154.46915010358515,1996-12-01T00:00:00Z,0.002681365884249373
urn:ioos:station:GOA_RUNOFF_DISCHARGE,urn:ioos:sensor:GOA_RUNOFF_DISCHARGE:q,58.069320239858385,-154.46915010358515,1996-12-02T00:00:00Z,0.0017407679650695371
urn:ioos:station:GOA_RUNOFF_DISCHARGE,urn:ioos:sensor:GOA_RUNOFF_DISCHARGE:q,58.069320239858385,-154.46915010358515,1996-12-03T00:00:00Z,0.0011301229058962843
urn:ioos:station:GOA_RUNOFF_DISCHARGE,urn:ioos:sensor:GOA_RUNOFF_DISCHARGE:q,58.069320239858385,-154.46915010358515,1996-12-04T00:00:00Z,7.336863520992088E-4
urn:ioos:station:GOA_RUNOFF_DISCHARGE,urn:ioos:sensor:GOA_RUNOFF_DISCHARGE:q,58.069320239858385,-154.46915010358515,1996-12-05T00:00:00Z,4.7631607192519406E-4
urn:ioos:station:GOA_RUNOFF_DISCHARGE,urn:ioos:sensor:GOA_RUNOFF_DISCHARGE:q,58.069320239858385,-154.46915010358515,1996-12-06T00:00:00Z,3.0922884607068995E-4
urn:ioos:station:GOA_RUNOFF_DISCHARGE,urn:ioos:sensor:GOA_RUNOFF_DISCHARGE:q,58.069320239858385,-154.46915010358515,1996-12-07T00:00:00Z,2.0075427354215847E-4
urn:ioos:station:GOA_RUNOFF_DISCHARGE,urn:ioos:sensor:GOA_RUNOFF_DISCHARGE:q,58.069320239858385,-154.46915010358515,1996-12-08T00:00:00Z,1.303315666322836E-4
urn:ioos:station:GOA_RUNOFF_DISCHARGE,urn:ioos:sensor:GOA_RUNOFF_DISCHARGE:q,58.069320239858385,-154.46915010358515,1996-12-09T00:00:00Z,8.461246850531281E-5
urn:ioos:station:GOA_RUNOFF_DISCHARGE,urn:ioos:sensor:GOA_RUNOFF_DISCHARGE:q,58.069320239858385,-154.46915010358515,1996-12-10T00:00:00Z,5.4931214535609024E-5
urn:ioos:station:GOA_RUNOFF_DISCHARGE,urn:ioos:sensor:GOA_RUNOFF_DISCHARGE:q,58.069320239858385,-154.46915010358515,1996-12-11T00:00:00Z,3.566185559751523E-5
urn:ioos:station:GOA_RUNOFF_DISCHARGE,urn:ioos:sensor:GOA_RUNOFF_DISCHARGE:q,58.069320239858385,-154.46915010358515,1996-12-12T00:00:00Z,2.3152014123010322E-5
urn:ioos:station:GOA_RUNOFF_DISCHARGE,urn:ioos:sensor:GOA_RUNOFF_DISCHARGE:q,58.069320239858385,-154.46915010358515,1996-12-13T00:00:00Z,1.5030504544397478E-5
urn:ioos:station:GOA_RUNOFF_DISCHARGE,urn:ioos:sensor:GOA_RUNOFF_DISCHARGE:q,58.069320239858385,-154.46915010358515,1996-12-14T00:00:00Z,9.757944258570955E-6
urn:ioos:station:GOA_RUNOFF_DISCHARGE,urn:ioos:sensor:GOA_RUNOFF_DISCHARGE:q,58.069320239858385,-154.46915010358515,1996-12-15T00:00:00Z,6.3349485023426495E-6
urn:ioos:station:GOA_RUNOFF_DISCHARGE,urn:ioos:sensor:GOA_RUNOFF_DISCHARGE:q,58.069320239858385,-154.46915010358515,1996-12-16T00:00:00Z,4.1127084741475934E-6
urn:ioos:station:GOA_RUNOFF_DISCHARGE,urn:ioos:sensor:GOA_RUNOFF_DISCHARGE:q,58.069320239858385,-154.46915010358515,1996-12-17T00:00:00Z,2.67000883604382E-6
urn:ioos:station:GOA_RUNOFF_DISCHARGE,urn:ioos:sensor:GOA_RUNOFF_DISCHARGE:q,58.069320239858385,-154.46915010358515,1996-12-18T00:00:00Z,1.7333949179680262E-6
urn:ioos:station:GOA_RUNOFF_DISCHARGE,urn:ioos:sensor:GOA_RUNOFF_DISCHARGE:q,58.069320239858385,-154.46915010358515,1996-12-19T00:00:00Z,1.1253362152425598E-6
urn:ioos:station:GOA_RUNOFF_DISCHARGE,urn:ioos:sensor:GOA_RUNOFF_DISCHARGE:q,58.069320239858385,-154.46915010358515,1996-12-20T00:00:00Z,7.305788072094014E-7
urn:ioos:station:GOA_RUNOFF_DISCHARGE,urn:ioos:sensor:GOA_RUNOFF_DISCHARGE:q,58.069320239858385,-154.46915010358515,1996-12-21T00:00:00Z,4.7429862799900114E-7
urn:ioos:station:GOA_RUNOFF_DISCHARGE,urn:ioos:sensor:GOA_RUNOFF_DISCHARGE:q,58.069320239858385,-154.46915010358515,1996-12-22T00:00:00Z,3.0791910900239183E-7
urn:ioos:station:GOA_RUNOFF_DISCHARGE,urn:ioos:sensor:GOA_RUNOFF_DISCHARGE:q,58.069320239858385,-154.46915010358515,1996-12-23T00:00:00Z,1.9990398989246756E-7
urn:ioos:station:GOA_RUNOFF_DISCHARGE,urn:ioos:sensor:GOA_RUNOFF_DISCHARGE:q,58.069320239858385,-154.46915010358515,1996-12-24T00:00:00Z,1.297795446790014E-7
urn:ioos:station:GOA_RUNOFF_DISCHARGE,urn:ioos:sensor:GOA_RUNOFF_DISCHARGE:q,58.069320239858385,-154.46915010358515,1996-12-25T00:00:00Z,8.425410048212042E-8
urn:ioos:station:GOA_RUNOFF_DISCHARGE,urn:ioos:sensor:GOA_RUNOFF_DISCHARGE:q,58.069320239858385,-154.46915010358515,1996-12-26T00:00:00Z,5.4698546474088986E-8
urn:ioos:station:GOA_RUNOFF_DISCHARGE,urn:ioos:sensor:GOA_RUNOFF_DISCHARGE:q,58.069320239858385,-154.46915010358515,1996-12-27T00:00:00Z,3.55108112832645E-8
urn:ioos:station:GOA_RUNOFF_DISCHARGE,urn:ioos:sensor:GOA_RUNOFF_DISCHARGE:q,58.069320239858385,-154.46915010358515,1996-12-28T00:00:00Z,2.3053950893602107E-8
urn:ioos:station:GOA_RUNOFF_DISCHARGE,urn:ioos:sensor:GOA_RUNOFF_DISCHARGE:q,58.069320239858385,-154.46915010358515,1996-12-29T00:00:00Z,1.4966841752166733E-8
urn:ioos:station:GOA_RUNOFF_DISCHARGE,urn:ioos:sensor:GOA_RUNOFF_DISCHARGE:q,58.069320239858385,-154.46915010358515,1996-12-30T00:00:00Z,9.716613439018144E-9
urn:ioos:station:GOA_RUNOFF_DISCHARGE,urn:ioos:sensor:GOA_RUNOFF_DISCHARGE:q,58.069320239858385,-154.46915010358515,1996-12-31T00:00:00Z,6.308116779249002E-9
urn:ioos:station:GOA_RUNOFF_DISCHARGE,urn:ioos:sensor:GOA_RUNOFF_DISCHARGE:q,58.069320239858385,-154.46915010358515,1997-01-01T00:00:00Z,4.095288168148442E-9
urn:ioos:station:GOA_RUNOFF_DISCHARGE,urn:ioos:sensor:GOA_RUNOFF_DISCHARGE:q,58.069320239858385,-154.46915010358515,1997-01-02T00:00:00Z,3.5516997244061774
urn:ioos:station:GOA_RUNOFF_DISCHARGE,urn:ioos:sensor:GOA_RUNOFF_DISCHARGE:q,58.069320239858385,-154.46915010358515,1997-01-03T00:00:00Z,3.9705297630674368
urn:ioos:station:GOA_RUNOFF_DISCHARGE,urn:ioos:sensor:GOA_RUNOFF_DISCHARGE:q,58.069320239858385,-154.46915010358515,1997-01-04T00:00:00Z,10.904887443861229
urn:ioos:station:GOA_RUNOFF_DISCHARGE,urn:ioos:sensor:GOA_RUNOFF_DISCHARGE:q,58.069320239858385,-154.46915010358515,1997-01-05T00:00:00Z,11.59973671711156
urn:ioos:station:GOA_RUNOFF_DISCHARGE,urn:ioos:sensor:GOA_RUNOFF_DISCHARGE:q,58.069320239858385,-154.46915010358515,1997-01-06T00:00:00Z,8.287224369238109
urn:ioos:station:GOA_RUNOFF_DISCHARGE,urn:ioos:sensor:GOA_RUNOFF_DISCHARGE:q,58.069320239858385,-154.46915010358515,1997-01-07T00:00:00Z,5.4045136828477505
urn:ioos:station:GOA_RUNOFF_DISCHARGE,urn:ioos:sensor:GOA_RUNOFF_DISCHARGE:q,58.069320239858385,-154.46915010358515,1997-01-08T00:00:00Z,3.5100289226025905
urn:ioos:station:GOA_RUNOFF_DISCHARGE,urn:ioos:sensor:GOA_RUNOFF_DISCHARGE:q,58.069320239858385,-154.46915010358515,1997-01-09T00:00:00Z,2.278820452472637
urn:ioos:station:GOA_RUNOFF_DISCHARGE,urn:ioos:sensor:GOA_RUNOFF_DISCHARGE:q,58.069320239858385,-154.46915010358515,1997-01-10T00:00:00Z,1.4794360755104692
urn:ioos:station:GOA_RUNOFF_DISCHARGE,urn:ioos:sensor:GOA_RUNOFF_DISCHARGE:q,58.069320239858385,-154.46915010358515,1997-01-11T00:00:00Z,0.9604640946844213
urn:ioos:station:GOA_RUNOFF_DISCHARGE,urn:ioos:sensor:GOA_RUNOFF_DISCHARGE:q,58.069320239858385,-154.46915010358515,1997-01-12T00:00:00Z,0.6235422761384625
urn:ioos:station:GOA_RUNOFF_DISCHARGE,urn:ioos:sensor:GOA_RUNOFF_DISCHARGE:q,58.069320239858385,-154.46915010358515,1997-01-13T00:00:00Z,0.404809474766342
urn:ioos:station:GOA_RUNOFF_DISCHARGE,urn:ioos:sensor:GOA_RUNOFF_DISCHARGE:q,58.069320239858385,-154.46915010358515,1997-01-14T00:00:00Z,0.26280612059129493
urn:ioos:station:GOA_RUNOFF_DISCHARGE,urn:ioos:sensor:GOA_RUNOFF_DISCHARGE:q,58.069320239858385,-154.46915010358515,1997-01-15T00:00:00Z,0.17061619747218362
urn:ioos:station:GOA_RUNOFF_DISCHARGE,urn:ioos:sensor:GOA_RUNOFF_DISCHARGE:q,58.069320239858385,-154.46915010358515,1997-01-16T00:00:00Z,0.11076563681410391
urn:ioos:station:GOA_RUNOFF_DISCHARGE,urn:ioos:sensor:GOA_RUNOFF_DISCHARGE:q,58.069320239858385,-154.46915010358515,1997-01-17T00:00:00Z,0.07191008905557052
urn:ioos:station:GOA_RUNOFF_DISCHARGE,urn:ioos:sensor:GOA_RUNOFF_DISCHARGE:q,58.069320239858385,-154.46915010358515,1997-01-18T00:00:00Z,0.0466847004286481
urn:ioos:station:GOA_RUNOFF_DISCHARGE,urn:ioos:sensor:GOA_RUNOFF_DISCHARGE:q,58.069320239858385,-154.46915010358515,1997-01-19T00:00:00Z,2.3575820172668984
urn:ioos:station:GOA_RUNOFF_DISCHARGE,urn:ioos:sensor:GOA_RUNOFF_DISCHARGE:q,58.069320239858385,-154.46915010358515,1997-01-20T00:00:00Z,1.7805500129088085
urn:ioos:station:GOA_RUNOFF_DISCHARGE,urn:ioos:sensor:GOA_RUNOFF_DISCHARGE:q,58.069320239858385,-154.46915010358515,1997-01-21T00:00:00Z,1.1645953089693102
urn:ioos:station:GOA_RUNOFF_DISCHARGE,urn:ioos:sensor:GOA_RUNOFF_DISCHARGE:q,58.069320239858385,-154.46915010358515,1997-01-22T00:00:00Z,0.7565515287739524
urn:ioos:station:GOA_RUNOFF_DISCHARGE,urn:ioos:sensor:GOA_RUNOFF_DISCHARGE:q,58.069320239858385,-154.46915010358515,1997-01-23T00:00:00Z,0.4911875872736868
urn:ioos:station:GOA_RUNOFF_DISCHARGE,urn:ioos:sensor:GOA_RUNOFF_DISCHARGE:q,58.069320239858385,-154.46915010358515,1997-01-24T00:00:00Z,5.828174245583592
urn:ioos:station:GOA_RUNOFF_DISCHARGE,urn:ioos:sensor:GOA_RUNOFF_DISCHARGE:q,58.069320239858385,-154.46915010358515,1997-01-25T00:00:00Z,13.120055960359638
urn:ioos:station:GOA_RUNOFF_DISCHARGE,urn:ioos:sensor:GOA_RUNOFF_DISCHARGE:q,58.069320239858385,-154.46915010358515,1997-01-26T00:00:00Z,11.706058238558807
urn:ioos:station:GOA_RUNOFF_DISCHARGE,urn:ioos:sensor:GOA_RUNOFF_DISCHARGE:q,58.069320239858385,-154.46915010358515,1997-01-27T00:00:00Z,7.84823842357029
urn:ioos:station:GOA_RUNOFF_DISCHARGE,urn:ioos:sensor:GOA_RUNOFF_DISCHARGE:q,58.069320239858385,-154.46915010358515,1997-01-28T00:00:00Z,5.104650198396982
urn:ioos:station:GOA_RUNOFF_DISCHARGE,urn:ioos:sensor:GOA_RUNOFF_DISCHARGE:q,58.069320239858385,-154.46915010358515,1997-01-29T00:00:00Z,6.332573154385679
urn:ioos:station:GOA_RUNOFF_DISCHARGE,urn:ioos:sensor:GOA_RUNOFF_DISCHARGE:q,58.069320239858385,-154.46915010358515,1997-01-30T00:00:00Z,8.448036433459906
urn:ioos:station:GOA_RUNOFF_DISCHARGE,urn:ioos:sensor:GOA_RUNOFF_DISCHARGE:q,58.069320239858385,-154.46915010358515,1997-01-31T00:00:00Z,6.4104972248649235
urn:ioos:station:GOA_RUNOFF_DISCHARGE,urn:ioos:sensor:GOA_RUNOFF_DISCHARGE:q,58.069320239858385,-154.46915010358515,1997-02-01T00:00:00Z,5.287059249224254
urn:ioos:station:GOA_RUNOFF_DISCHARGE,urn:ioos:sensor:GOA_RUNOFF_DISCHARGE:q,58.069320239858385,-154.46915010358515,1997-02-02T00:00:00Z,4.779125130363553
urn:ioos:station:GOA_RUNOFF_DISCHARGE,urn:ioos:sensor:GOA_RUNOFF_DISCHARGE:q,58.069320239858385,-154.46915010358515,1997-02-03T00:00:00Z,7.197366153088399
urn:ioos:station:GOA_RUNOFF_DISCHARGE,urn:ioos:sensor:GOA_RUNOFF_DISCHARGE:q,58.069320239858385,-154.46915010358515,1997-02-04T00:00:00Z,5.998067453000017
urn:ioos:station:GOA_RUNOFF_DISCHARGE,urn:ioos:sensor:GOA_RUNOFF_DISCHARGE:q,58.069320239858385,-154.46915010358515,1997-02-05T00:00:00Z,7.67011498612756
urn:ioos:station:GOA_RUNOFF_DISCHARGE,urn:ioos:sensor:GOA_RUNOFF_DISCHARGE:q,58.069320239858385,-154.46915010358515,1997-02-06T00:00:00Z,8.578621872828059
urn:ioos:station:GOA_RUNOFF_DISCHARGE,urn:ioos:sensor:GOA_RUNOFF_DISCHARGE:q,58.069320239858385,-154.46915010358515,1997-02-07T00:00:00Z,8.315978077605589
urn:ioos:station:GOA_RUNOFF_DISCHARGE,urn:ioos:sensor:GOA_RUNOFF_DISCHARGE:q,58.069320239858385,-154.46915010358515,1997-02-08T00:00:00Z,7.200229894252285
urn:ioos:station:GOA_RUNOFF_DISCHARGE,urn:ioos:sensor:GOA_RUNOFF_DISCHARGE:q,58.069320239858385,-154.46915010358515,1997-02-09T00:00:00Z,4.878091541511717
urn:ioos:station:GOA_RUNOFF_DISCHARGE,urn:ioos:sensor:GOA_RUNOFF_DISCHARGE:q,58.069320239858385,-154.46915010358515,1997-02-10T00:00:00Z,3.488753988476406
urn:ioos:station:GOA_RUNOFF_DISCHARGE,urn:ioos:sensor:GOA_RUNOFF_DISCHARGE:q,58.069320239858385,-154.46915010358515,1997-02-11T00:00:00Z,3.5919370769391983
urn:ioos:station:GOA_RUNOFF_DISCHARGE,urn:ioos:sensor:GOA_RUNOFF_DISCHARGE:q,58.069320239858385,-154.46915010358515,1997-02-12T00:00:00Z,5.92809207974247
urn:ioos:station:GOA_RUNOFF_DISCHARGE,urn:ioos:sensor:GOA_RUNOFF_DISCHARGE:q,58.069320239858385,-154.46915010358515,1997-02-13T00:00:00Z,4.779781864831125
urn:ioos:station:GOA_RUNOFF_DISCHARGE,urn:ioos:sensor:GOA_RUNOFF_DISCHARGE:q,58.069320239858385,-154.46915010358515,1997-02-14T00:00:00Z,5.788836482451465
urn:ioos:station:GOA_RUNOFF_DISCHARGE,urn:ioos:sensor:GOA_RUNOFF_DISCHARGE:q,58.069320239858385,-154.46915010358515,1997-02-15T00:00:00Z,5.1608246757037675
urn:ioos:station:GOA_RUNOFF_DISCHARGE,urn:ioos:sensor:GOA_RUNOFF_DISCHARGE:q,58.069320239858385,-154.46915010358515,1997-02-16T00:00:00Z,5.551031247809025
urn:ioos:station:GOA_RUNOFF_DISCHARGE,urn:ioos:sensor:GOA_RUNOFF_DISCHARGE:q,58.069320239858385,-154.46915010358515,1997-02-17T00:00:00Z,4.198364263475642
urn:ioos:station:GOA_RUNOFF_DISCHARGE,urn:ioos:sensor:GOA_RUNOFF_DISCHARGE:q,58.069320239858385,-154.46915010358515,1997-02-18T00:00:00Z,2.726468925734959
urn:ioos:station:GOA_RUNOFF_DISCHARGE,urn:ioos:sensor:GOA_RUNOFF_DISCHARGE:q,58.069320239858385,-154.46915010358515,1997-02-19T00:00:00Z,1.770046339706598
urn:ioos:station:GOA_RUNOFF_DISCHARGE,urn:ioos:sensor:GOA_RUNOFF_DISCHARGE:q,58.069320239858385,-154.46915010358515,1997-02-20T00:00:00Z,1.1491304752088831
urn:ioos:station:GOA_RUNOFF_DISCHARGE,urn:ioos:sensor:GOA_RUNOFF_DISCHARGE:q,58.069320239858385,-154.46915010358515,1997-02-21T00:00:00Z,0.7460262801605476
urn:ioos:station:GOA_RUNOFF_DISCHARGE,urn:ioos:sensor:GOA_RUNOFF_DISCHARGE:q,58.069320239858385,-154.46915010358515,1997-02-22T00:00:00Z,0.7249310534227253
urn:ioos:station:GOA_RUNOFF_DISCHARGE,urn:ioos:sensor:GOA_RUNOFF_DISCHARGE:q,58.069320239858385,-154.46915010358515,1997-02-23T00:00:00Z,2.4270164265559644
urn:ioos:station:GOA_RUNOFF_DISCHARGE,urn:ioos:sensor:GOA_RUNOFF_DISCHARGE:q,58.069320239858385,-154.46915010358515,1997-02-24T00:00:00Z,2.4070731162841
urn:ioos:station:GOA_RUNOFF_DISCHARGE,urn:ioos:sensor:GOA_RUNOFF_DISCHARGE:q,58.069320239858385,-154.46915010358515,1997-02-25T00:00:00Z,1.8414733171538868
urn:ioos:station:GOA_RUNOFF_DISCHARGE,urn:ioos:sensor:GOA_RUNOFF_DISCHARGE:q,58.069320239858385,-154.46915010358515,1997-02-26T00:00:00Z,1.3563779550587995
urn:ioos:station:GOA_RUNOFF_DISCHARGE,urn:ioos:sensor:GOA_RUNOFF_DISCHARGE:q,58.069320239858385,-154.46915010358515,1997-02-27T00:00:00Z,0.8851978122823259
urn:ioos:station:GOA_RUNOFF_DISCHARGE,urn:ioos:sensor:GOA_RUNOFF_DISCHARGE:q,58.069320239858385,-154.46915010358515,1997-02-28T00:00:00Z,0.5749383343492402
urn:ioos:station:GOA_RUNOFF_DISCHARGE,urn:ioos:sensor:GOA_RUNOFF_DISCHARGE:q,58.069320239858385,-154.46915010358515,1997-03-01T00:00:00Z,0.4899988676291824
urn:ioos:station:GOA_RUNOFF_DISCHARGE,urn:ioos:sensor:GOA_RUNOFF_DISCHARGE:q,58.069320239858385,-154.46915010358515,1997-03-02T00:00:00Z,0.3508826224985894
urn:ioos:station:GOA_RUNOFF_DISCHARGE,urn:ioos:sensor:GOA_RUNOFF_DISCHARGE:q,58.069320239858385,-154.46915010358515,1997-03-03T00:00:00Z,0.24875894921519454
urn:ioos:station:GOA_RUNOFF_DISCHARGE,urn:ioos:sensor:GOA_RUNOFF_DISCHARGE:q,58.069320239858385,-154.46915010358515,1997-03-04T00:00:00Z,0.17611102056399522
urn:ioos:station:GOA_RUNOFF_DISCHARGE,urn:ioos:sensor:GOA_RUNOFF_DISCHARGE:q,58.069320239858385,-154.46915010358515,1997-03-05T00:00:00Z,0.12465463510135359
urn:ioos:station:GOA_RUNOFF_DISCHARGE,urn:ioos:sensor:GOA_RUNOFF_DISCHARGE:q,58.069320239858385,-154.46915010358515,1997-03-06T00:00:00Z,0.08039329571153134
urn:ioos:station:GOA_RUNOFF_DISCHARGE,urn:ioos:sensor:GOA_RUNOFF_DISCHARGE:q,58.069320239858385,-154.46915010358515,1997-03-07T00:00:00Z,0.05216211683391309
urn:ioos:station:GOA_RUNOFF_DISCHARGE,urn:ioos:sensor:GOA_RUNOFF_DISCHARGE:q,58.069320239858385,-154.46915010358515,1997-03-08T00:00:00Z,0.03386245781178025
urn:ioos:station:GOA_RUNOFF_DISCHARGE,urn:ioos:sensor:GOA_RUNOFF_DISCHARGE:q,58.069320239858385,-154.46915010358515,1997-03-09T00:00:00Z,0.02198373037341715
urn:ioos:station:GOA_RUNOFF_DISCHARGE,urn:ioos:sensor:GOA_RUNOFF_DISCHARGE:q,58.069320239858385,-154.46915010358515,1997-03-10T00:00:00Z,0.09727527384908025
urn:ioos:station:GOA_RUNOFF_DISCHARGE,urn:ioos:sensor:GOA_RUNOFF_DISCHARGE:q,58.069320239858385,-154.46915010358515,1997-03-11T00:00:00Z,0.1041582986932409
urn:ioos:station:GOA_RUNOFF_DISCHARGE,urn:ioos:sensor:GOA_RUNOFF_DISCHARGE:q,58.069320239858385,-154.46915010358515,1997-03-12T00:00:00Z,0.07543693699787943
urn:ioos:station:GOA_RUNOFF_DISCHARGE,urn:ioos:sensor:GOA_RUNOFF_DISCHARGE:q,58.069320239858385,-154.46915010358515,1997-03-13T00:00:00Z,0.053565110569775296
urn:ioos:station:GOA_RUNOFF_DISCHARGE,urn:ioos:sensor:GOA_RUNOFF_DISCHARGE:q,58.069320239858385,-154.46915010358515,1997-03-14T00:00:00Z,0.034562032708535036
urn:ioos:station:GOA_RUNOFF_DISCHARGE,urn:ioos:sensor:GOA_RUNOFF_DISCHARGE:q,58.069320239858385,-154.46915010358515,1997-03-15T00:00:00Z,0.024603403809334862
urn:ioos:station:GOA_RUNOFF_DISCHARGE,urn:ioos:sensor:GOA_RUNOFF_DISCHARGE:q,58.069320239858385,-154.46915010358515,1997-03-16T00:00:00Z,0.015880946686852707
urn:ioos:station:GOA_RUNOFF_DISCHARGE,urn:ioos:sensor:GOA_RUNOFF_DISCHARGE:q,58.069320239858385,-154.46915010358515,1997-03-17T00:00:00Z,0.010304905409856546
urn:ioos:station:GOA_RUNOFF_DISCHARGE,urn:ioos:sensor:GOA_RUNOFF_DISCHARGE:q,58.069320239858385,-154.46915010358515,1997-03-18T00:00:00Z,0.7528923916583566
urn:ioos:station:GOA_RUNOFF_DISCHARGE,urn:ioos:sensor:GOA_RUNOFF_DISCHARGE:q,58.069320239858385,-154.46915010358515,1997-03-19T00:00:00Z,0.5572249217587361
urn:ioos:station:GOA_RUNOFF_DISCHARGE,urn:ioos:sensor:GOA_RUNOFF_DISCHARGE:q,58.069320239858385,-154.46915010358515,1997-03-20T00:00:00Z,0.3968309797968669
urn:ioos:station:GOA_RUNOFF_DISCHARGE,urn:ioos:sensor:GOA_RUNOFF_DISCHARGE:q,58.069320239858385,-154.46915010358515,1997-03-21T00:00:00Z,0.25616122283691994
urn:ioos:station:GOA_RUNOFF_DISCHARGE,urn:ioos:sensor:GOA_RUNOFF_DISCHARGE:q,58.069320239858385,-154.46915010358515,1997-03-22T00:00:00Z,0.1662200265499442
urn:ioos:station:GOA_RUNOFF_DISCHARGE,urn:ioos:sensor:GOA_RUNOFF_DISCHARGE:q,58.069320239858385,-154.46915010358515,1997-03-23T00:00:00Z,0.11838032627911937
urn:ioos:station:GOA_RUNOFF_DISCHARGE,urn:ioos:sensor:GOA_RUNOFF_DISCHARGE:q,58.069320239858385,-154.46915010358515,1997-03-24T00:00:00Z,0.08386201173419713
urn:ioos:station:GOA_RUNOFF_DISCHARGE,urn:ioos:sensor:GOA_RUNOFF_DISCHARGE:q,58.069320239858385,-154.46915010358515,1997-03-25T00:00:00Z,1.3212635786679525
urn:ioos:station:GOA_RUNOFF_DISCHARGE,urn:ioos:sensor:GOA_RUNOFF_DISCHARGE:q,58.069320239858385,-154.46915010358515,1997-03-26T00:00:00Z,2.5819668199169548
urn:ioos:station:GOA_RUNOFF_DISCHARGE,urn:ioos:sensor:GOA_RUNOFF_DISCHARGE:q,58.069320239858385,-154.46915010358515,1997-03-27T00:00:00Z,3.107629612024858
urn:ioos:station:GOA_RUNOFF_DISCHARGE,urn:ioos:sensor:GOA_RUNOFF_DISCHARGE:q,58.069320239858385,-154.46915010358515,1997-03-28T00:00:00Z,3.037247989561409
urn:ioos:station:GOA_RUNOFF_DISCHARGE,urn:ioos:sensor:GOA_RUNOFF_DISCHARGE:q,58.069320239858385,-154.46915010358515,1997-03-29T00:00:00Z,2.192783895826958
urn:ioos:station:GOA_RUNOFF_DISCHARGE,urn:ioos:sensor:GOA_RUNOFF_DISCHARGE:q,58.069320239858385,-154.46915010358515,1997-03-30T00:00:00Z,4.28190215070173
urn:ioos:station:GOA_RUNOFF_DISCHARGE,urn:ioos:sensor:GOA_RUNOFF_DISCHARGE:q,58.069320239858385,-154.46915010358515,1997-03-31T00:00:00Z,7.628861221235472
urn:ioos:station:GOA_RUNOFF_DISCHARGE,urn:ioos:sensor:GOA_RUNOFF_DISCHARGE:q,58.069320239858385,-154.46915010358515,1997-04-01T00:00:00Z,5.623989816336337
urn:ioos:station:GOA_RUNOFF_DISCHARGE,urn:ioos:sensor:GOA_RUNOFF_DISCHARGE:q,58.069320239858385,-154.46915010358515,1997-04-02T00:00:00Z,4.003034698720244
urn:ioos:station:GOA_RUNOFF_DISCHARGE,urn:ioos:sensor:GOA_RUNOFF_DISCHARGE:q,58.069320239858385,-154.46915010358515,1997-04-03T00:00:00Z,2.8355668342422318
urn:ioos:station:GOA_RUNOFF_DISCHARGE,urn:ioos:sensor:GOA_RUNOFF_DISCHARGE:q,58.069320239858385,-154.46915010358515,1997-04-04T00:00:00Z,2.007225229637477
urn:ioos:station:GOA_RUNOFF_DISCHARGE,urn:ioos:sensor:GOA_RUNOFF_DISCHARGE:q,58.069320239858385,-154.46915010358515,1997-04-05T00:00:00Z,1.4207274082900525
urn:ioos:station:GOA_RUNOFF_DISCHARGE,urn:ioos:sensor:GOA_RUNOFF_DISCHARGE:q,58.069320239858385,-154.46915010358515,1997-04-06T00:00:00Z,1.0055868307217077
urn:ioos:station:GOA_RUNOFF_DISCHARGE,urn:ioos:sensor:GOA_RUNOFF_DISCHARGE:q,58.069320239858385,-154.46915010358515,1997-04-07T00:00:00Z,0.7117500558716441
urn:ioos:station:GOA_RUNOFF_DISCHARGE,urn:ioos:sensor:GOA_RUNOFF_DISCHARGE:q,58.069320239858385,-154.46915010358515,1997-04-08T00:00:00Z,0.503773550770916
urn:ioos:station:GOA_RUNOFF_DISCHARGE,urn:ioos:sensor:GOA_RUNOFF_DISCHARGE:q,58.069320239858385,-154.46915010358515,1997-04-09T00:00:00Z,0.3565686642499796
urn:ioos:station:GOA_RUNOFF_DISCHARGE,urn:ioos:sensor:GOA_RUNOFF_DISCHARGE:q,58.069320239858385,-154.46915010358515,1997-04-10T00:00:00Z,0.25237773110284006
urn:ioos:station:GOA_RUNOFF_DISCHARGE,urn:ioos:sensor:GOA_RUNOFF_DISCHARGE:q,58.069320239858385,-154.46915010358515,1997-04-11T00:00:00Z,0.1786318245136684
urn:ioos:station:GOA_RUNOFF_DISCHARGE,urn:ioos:sensor:GOA_RUNOFF_DISCHARGE:q,58.069320239858385,-154.46915010358515,1997-04-12T00:00:00Z,0.12643482030563288
urn:ioos:station:GOA_RUNOFF_DISCHARGE,urn:ioos:sensor:GOA_RUNOFF_DISCHARGE:q,58.069320239858385,-154.46915010358515,1997-04-13T00:00:00Z,0.08949000378931
urn:ioos:station:GOA_RUNOFF_DISCHARGE,urn:ioos:sensor:GOA_RUNOFF_DISCHARGE:q,58.069320239858385,-154.46915010358515,1997-04-14T00:00:00Z,1.2505524049542494
urn:ioos:station:GOA_RUNOFF_DISCHARGE,urn:ioos:sensor:GOA_RUNOFF_DISCHARGE:q,58.069320239858385,-154.46915010358515,1997-04-15T00:00:00Z,1.1617820858413925
urn:ioos:station:GOA_RUNOFF_DISCHARGE,urn:ioos:sensor:GOA_RUNOFF_DISCHARGE:q,58.069320239858385,-154.46915010358515,1997-04-16T00:00:00Z,0.838342531258923
urn:ioos:station:GOA_RUNOFF_DISCHARGE,urn:ioos:sensor:GOA_RUNOFF_DISCHARGE:q,58.069320239858385,-154.46915010358515,1997-04-17T00:00:00Z,0.5949767606106987
urn:ioos:station:GOA_RUNOFF_DISCHARGE,urn:ioos:sensor:GOA_RUNOFF_DISCHARGE:q,58.069320239858385,-154.46915010358515,1997-04-18T00:00:00Z,2.504406637165536
urn:ioos:station:GOA_RUNOFF_DISCHARGE,urn:ioos:sensor:GOA_RUNOFF_DISCHARGE:q,58.069320239858385,-154.46915010358515,1997-04-19T00:00:00Z,1.8711667399247858
urn:ioos:station:GOA_RUNOFF_DISCHARGE,urn:ioos:sensor:GOA_RUNOFF_DISCHARGE:q,58.069320239858385,-154.46915010358515,1997-04-20T00:00:00Z,1.3342453983376426
urn:ioos:station:GOA_RUNOFF_DISCHARGE,urn:ioos:sensor:GOA_RUNOFF_DISCHARGE:q,58.069320239858385,-154.46915010358515,1997-04-21T00:00:00Z,0.9453557814382412
urn:ioos:station:GOA_RUNOFF_DISCHARGE,urn:ioos:sensor:GOA_RUNOFF_DISCHARGE:q,58.069320239858385,-154.46915010358515,1997-04-22T00:00:00Z,0.6692167638498271
urn:ioos:station:GOA_RUNOFF_DISCHARGE,urn:ioos:sensor:GOA_RUNOFF_DISCHARGE:q,58.069320239858385,-154.46915010358515,1997-04-23T00:00:00Z,0.47367845041325535
urn:ioos:station:GOA_RUNOFF_DISCHARGE,urn:ioos:sensor:GOA_RUNOFF_DISCHARGE:q,58.069320239858385,-154.46915010358515,1997-04-24T00:00:00Z,0.33526847110581176
urn:ioos:station:GOA_RUNOFF_DISCHARGE,urn:ioos:sensor:GOA_RUNOFF_DISCHARGE:q,58.069320239858385,-154.46915010358515,1997-04-25T00:00:00Z,0.23730163297139287
urn:ioos:station:GOA_RUNOFF_DISCHARGE,urn:ioos:sensor:GOA_RUNOFF_DISCHARGE:q,58.069320239858385,-154.46915010358515,1997-04-26T00:00:00Z,0.1679610405427412
urn:ioos:station:GOA_RUNOFF_DISCHARGE,urn:ioos:sensor:GOA_RUNOFF_DISCHARGE:q,58.069320239858385,-154.46915010358515,1997-04-27T00:00:00Z,0.11888208614677172
urn:ioos:station:GOA_RUNOFF_DISCHARGE,urn:ioos:sensor:GOA_RUNOFF_DISCHARGE:q,58.069320239858385,-154.46915010358515,1997-04-28T00:00:00Z,0.08414421054806866
urn:ioos:station:GOA_RUNOFF_DISCHARGE,urn:ioos:sensor:GOA_RUNOFF_DISCHARGE:q,58.069320239858385,-154.46915010358515,1997-04-29T00:00:00Z,0.05955689579584295
urn:ioos:station:GOA_RUNOFF_DISCHARGE,urn:ioos:sensor:GOA_RUNOFF_DISCHARGE:q,58.069320239858385,-154.46915010358515,1997-04-30T00:00:00Z,0.042154106636778446
urn:ioos:station:GOA_RUNOFF_DISCHARGE,urn:ioos:sensor:GOA_RUNOFF_DISCHARGE:q,58.069320239858385,-154.46915010358515,1997-05-01T00:00:00Z,0.029836489371862184
urn:ioos:station:GOA_RUNOFF_DISCHARGE,urn:ioos:sensor:GOA_RUNOFF_DISCHARGE:q,58.069320239858385,-154.46915010358515,1997-05-02T00:00:00Z,2.1243127497132854
urn:ioos:station:GOA_RUNOFF_DISCHARGE,urn:ioos:sensor:GOA_RUNOFF_DISCHARGE:q,58.069320239858385,-154.46915010358515,1997-05-03T00:00:00Z,1.6030716013263562
urn:ioos:station:GOA_RUNOFF_DISCHARGE,urn:ioos:sensor:GOA_RUNOFF_DISCHARGE:q,58.069320239858385,-154.46915010358515,1997-05-04T00:00:00Z,1.1445820101684498
urn:ioos:station:GOA_RUNOFF_DISCHARGE,urn:ioos:sensor:GOA_RUNOFF_DISCHARGE:q,58.069320239858385,-154.46915010358515,1997-05-05T00:00:00Z,0.8111221899961685
urn:ioos:station:GOA_RUNOFF_DISCHARGE,urn:ioos:sensor:GOA_RUNOFF_DISCHARGE:q,58.069320239858385,-154.46915010358515,1997-05-06T00:00:00Z,0.5742077961884973
urn:ioos:station:GOA_RUNOFF_DISCHARGE,urn:ioos:sensor:GOA_RUNOFF_DISCHARGE:q,58.069320239858385,-154.46915010358515,1997-05-07T00:00:00Z,0.4064316102168193
urn:ioos:station:GOA_RUNOFF_DISCHARGE,urn:ioos:sensor:GOA_RUNOFF_DISCHARGE:q,58.069320239858385,-154.46915010358515,1997-05-08T00:00:00Z,0.2876714695439128
urn:ioos:station:GOA_RUNOFF_DISCHARGE,urn:ioos:sensor:GOA_RUNOFF_DISCHARGE:q,58.069320239858385,-154.46915010358515,1997-05-09T00:00:00Z,0.20361269729528003
urn:ioos:station:GOA_RUNOFF_DISCHARGE,urn:ioos:sensor:GOA_RUNOFF_DISCHARGE:q,58.069320239858385,-154.46915010358515,1997-05-10T00:00:00Z,0.14411616578346256
urn:ioos:station:GOA_RUNOFF_DISCHARGE,urn:ioos:sensor:GOA_RUNOFF_DISCHARGE:q,58.069320239858385,-154.46915010358515,1997-05-11T00:00:00Z,0.10200478651873864
urn:ioos:station:GOA_RUNOFF_DISCHARGE,urn:ioos:sensor:GOA_RUNOFF_DISCHARGE:q,58.069320239858385,-154.46915010358515,1997-05-12T00:00:00Z,0.07219852862290868
urn:ioos:station:GOA_RUNOFF_DISCHARGE,urn:ioos:sensor:GOA_RUNOFF_DISCHARGE:q,58.069320239858385,-154.46915010358515,1997-05-13T00:00:00Z,0.05110180130866004
urn:ioos:station:GOA_RUNOFF_DISCHARGE,urn:ioos:sensor:GOA_RUNOFF_DISCHARGE:q,58.069320239858385,-154.46915010358515,1997-05-14T00:00:00Z,0.036169626956764955
urn:ioos:station:GOA_RUNOFF_DISCHARGE,urn:ioos:sensor:GOA_RUNOFF_DISCHARGE:q,58.069320239858385,-154.46915010358515,1997-05-15T00:00:00Z,0.02560070129143023
urn:ioos:station:GOA_RUNOFF_DISCHARGE,urn:ioos:sensor:GOA_RUNOFF_DISCHARGE:q,58.069320239858385,-154.46915010358515,1997-05-16T00:00:00Z,0.018120062635314595
urn:ioos:station:GOA_RUNOFF_DISCHARGE,urn:ioos:sensor:GOA_RUNOFF_DISCHARGE:q,58.069320239858385,-154.46915010358515,1997-05-17T00:00:00Z,0.012825299270492647
urn:ioos:station:GOA_RUNOFF_DISCHARGE,urn:ioos:sensor:GOA_RUNOFF_DISCHARGE:q,58.069320239858385,-154.46915010358515,1997-05-18T00:00:00Z,0.009077690841053835
urn:ioos:station:GOA_RUNOFF_DISCHARGE,urn:ioos:sensor:GOA_RUNOFF_DISCHARGE:q,58.069320239858385,-154.46915010358515,1997-05-19T00:00:00Z,0.00642514861464484
urn:ioos:station:GOA_RUNOFF_DISCHARGE,urn:ioos:sensor:GOA_RUNOFF_DISCHARGE:q,58.069320239858385,-154.46915010358515,1997-05-20T00:00:00Z,0.00454769214079439
urn:ioos:station:GOA_RUNOFF_DISCHARGE,urn:ioos:sensor:GOA_RUNOFF_DISCHARGE:q,58.069320239858385,-154.46915010358515,1997-05-21T00:00:00Z,0.0032188361305265523
urn:ioos:station:GOA_RUNOFF_DISCHARGE,urn:ioos:sensor:GOA_RUNOFF_DISCHARGE:q,58.069320239858385,-154.46915010358515,1997-05-22T00:00:00Z,0.002278277909815532
urn:ioos:station:GOA_RUNOFF_DISCHARGE,urn:ioos:sensor:GOA_RUNOFF_DISCHARGE:q,58.069320239858385,-154.46915010358515,1997-05-23T00:00:00Z,0.001612555015143771
urn:ioos:station:GOA_RUNOFF_DISCHARGE,urn:ioos:sensor:GOA_RUNOFF_DISCHARGE:q,58.069320239858385,-154.46915010358515,1997-05-24T00:00:00Z,0.0011413592427332445
urn:ioos:station:GOA_RUNOFF_DISCHARGE,urn:ioos:sensor:GOA_RUNOFF_DISCHARGE:q,58.069320239858385,-154.46915010358515,1997-05-25T00:00:00Z,8.078490016513468E-4
urn:ioos:station:GOA_RUNOFF_DISCHARGE,urn:ioos:sensor:GOA_RUNOFF_DISCHARGE:q,58.069320239858385,-154.46915010358515,1997-05-26T00:00:00Z,5.717918851005119E-4
urn:ioos:station:GOA_RUNOFF_DISCHARGE,urn:ioos:sensor:GOA_RUNOFF_DISCHARGE:q,58.069320239858385,-154.46915010358515,1997-05-27T00:00:00Z,4.047117895535135E-4
urn:ioos:station:GOA_RUNOFF_DISCHARGE,urn:ioos:sensor:GOA_RUNOFF_DISCHARGE:q,58.069320239858385,-154.46915010358515,1997-05-28T00:00:00Z,2.8645319856478044E-4
urn:ioos:station:GOA_RUNOFF_DISCHARGE,urn:ioos:sensor:GOA_RUNOFF_DISCHARGE:q,58.069320239858385,-154.46915010358515,1997-05-29T00:00:00Z,2.027502939254803E-4
urn:ioos:station:GOA_RUNOFF_DISCHARGE,urn:ioos:sensor:GOA_RUNOFF_DISCHARGE:q,58.069320239858385,-154.46915010358515,1997-05-30T00:00:00Z,1.435057733041912E-4
urn:ioos:station:GOA_RUNOFF_DISCHARGE,urn:ioos:sensor:GOA_RUNOFF_DISCHARGE:q,58.069320239858385,-154.46915010358515,1997-05-31T00:00:00Z,1.0157273998875485E-4
urn:ioos:station:GOA_RUNOFF_DISCHARGE,urn:ioos:sensor:GOA_RUNOFF_DISCHARGE:q,58.069320239858385,-154.46915010358515,1997-06-01T00:00:00Z,7.189273061101432E-5
urn:ioos:station:GOA_RUNOFF_DISCHARGE,urn:ioos:sensor:GOA_RUNOFF_DISCHARGE:q,58.069320239858385,-154.46915010358515,1997-06-02T00:00:00Z,5.088535520358565E-5
urn:ioos:station:GOA_RUNOFF_DISCHARGE,urn:ioos:sensor:GOA_RUNOFF_DISCHARGE:q,58.069320239858385,-154.46915010358515,1997-06-03T00:00:00Z,3.601642780341399E-5
urn:ioos:station:GOA_RUNOFF_DISCHARGE,urn:ioos:sensor:GOA_RUNOFF_DISCHARGE:q,58.069320239858385,-154.46915010358515,1997-06-04T00:00:00Z,0.5381764977112395
urn:ioos:station:GOA_RUNOFF_DISCHARGE,urn:ioos:sensor:GOA_RUNOFF_DISCHARGE:q,58.069320239858385,-154.46915010358515,1997-06-05T00:00:00Z,0.4063763561149803
urn:ioos:station:GOA_RUNOFF_DISCHARGE,urn:ioos:sensor:GOA_RUNOFF_DISCHARGE:q,58.069320239858385,-154.46915010358515,1997-06-06T00:00:00Z,0.29017352656617634
urn:ioos:station:GOA_RUNOFF_DISCHARGE,urn:ioos:sensor:GOA_RUNOFF_DISCHARGE:q,58.069320239858385,-154.46915010358515,1997-06-07T00:00:00Z,0.2056373983448701
urn:ioos:station:GOA_RUNOFF_DISCHARGE,urn:ioos:sensor:GOA_RUNOFF_DISCHARGE:q,58.069320239858385,-154.46915010358515,1997-06-08T00:00:00Z,0.14557457806789542
urn:ioos:station:GOA_RUNOFF_DISCHARGE,urn:ioos:sensor:GOA_RUNOFF_DISCHARGE:q,58.069320239858385,-154.46915010358515,1997-06-09T00:00:00Z,0.10303957580006919
urn:ioos:station:GOA_RUNOFF_DISCHARGE,urn:ioos:sensor:GOA_RUNOFF_DISCHARGE:q,58.069320239858385,-154.46915010358515,1997-06-10T00:00:00Z,0.07293120459116323
urn:ioos:station:GOA_RUNOFF_DISCHARGE,urn:ioos:sensor:GOA_RUNOFF_DISCHARGE:q,58.069320239858385,-154.46915010358515,1997-06-11T00:00:00Z,0.051620408743971335
urn:ioos:station:GOA_RUNOFF_DISCHARGE,urn:ioos:sensor:GOA_RUNOFF_DISCHARGE:q,58.069320239858385,-154.46915010358515,1997-06-12T00:00:00Z,0.03653669672884813
urn:ioos:station:GOA_RUNOFF_DISCHARGE,urn:ioos:sensor:GOA_RUNOFF_DISCHARGE:q,58.069320239858385,-154.46915010358515,1997-06-13T00:00:00Z,0.025860514793954036
urn:ioos:station:GOA_RUNOFF_DISCHARGE,urn:ioos:sensor:GOA_RUNOFF_DISCHARGE:q,58.069320239858385,-154.46915010358515,1997-06-14T00:00:00Z,0.0183039572485817
urn:ioos:station:GOA_RUNOFF_DISCHARGE,urn:ioos:sensor:GOA_RUNOFF_DISCHARGE:q,58.069320239858385,-154.46915010358515,1997-06-15T00:00:00Z,0.012955459886396556
urn:ioos:station:GOA_RUNOFF_DISCHARGE,urn:ioos:sensor:GOA_RUNOFF_DISCHARGE:q,58.069320239858385,-154.46915010358515,1997-06-16T00:00:00Z,0.009169816983508071
urn:ioos:station:GOA_RUNOFF_DISCHARGE,urn:ioos:sensor:GOA_RUNOFF_DISCHARGE:q,58.069320239858385,-154.46915010358515,1997-06-17T00:00:00Z,0.006490356368813833
urn:ioos:station:GOA_RUNOFF_DISCHARGE,urn:ioos:sensor:GOA_RUNOFF_DISCHARGE:q,58.069320239858385,-154.46915010358515,1997-06-18T00:00:00Z,0.004593845143827886
urn:ioos:station:GOA_RUNOFF_DISCHARGE,urn:ioos:sensor:GOA_RUNOFF_DISCHARGE:q,58.069320239858385,-154.46915010358515,1997-06-19T00:00:00Z,0.0032515032168235324
urn:ioos:station:GOA_RUNOFF_DISCHARGE,urn:ioos:sensor:GOA_RUNOFF_DISCHARGE:q,58.069320239858385,-154.46915010358515,1997-06-20T00:00:00Z,0.0023013993772354694
urn:ioos:station:GOA_RUNOFF_DISCHARGE,urn:ioos:sensor:GOA_RUNOFF_DISCHARGE:q,58.069320239858385,-154.46915010358515,1997-06-21T00:00:00Z,0.0016289202913725117
urn:ioos:station:GOA_RUNOFF_DISCHARGE,urn:ioos:sensor:GOA_RUNOFF_DISCHARGE:q,58.069320239858385,-154.46915010358515,1997-06-22T00:00:00Z,0.0011529425878688171
urn:ioos:station:GOA_RUNOFF_DISCHARGE,urn:ioos:sensor:GOA_RUNOFF_DISCHARGE:q,58.069320239858385,-154.46915010358515,1997-06-23T00:00:00Z,8.160476347798517E-4
urn:ioos:station:GOA_RUNOFF_DISCHARGE,urn:ioos:sensor:GOA_RUNOFF_DISCHARGE:q,58.069320239858385,-154.46915010358515,1997-06-24T00:00:00Z,5.775949276181046E-4
urn:ioos:station:GOA_RUNOFF_DISCHARGE,urn:ioos:sensor:GOA_RUNOFF_DISCHARGE:q,58.069320239858385,-154.46915010358515,1997-06-25T00:00:00Z,4.088191678618377E-4
urn:ioos:station:GOA_RUNOFF_DISCHARGE,urn:ioos:sensor:GOA_RUNOFF_DISCHARGE:q,58.069320239858385,-154.46915010358515,1997-06-26T00:00:00Z,2.8936037267997776E-4
urn:ioos:station:GOA_RUNOFF_DISCHARGE,urn:ioos:sensor:GOA_RUNOFF_DISCHARGE:q,58.069320239858385,-154.46915010358515,1997-06-27T00:00:00Z,2.0480798183317606E-4
urn:ioos:station:GOA_RUNOFF_DISCHARGE,urn:ioos:sensor:GOA_RUNOFF_DISCHARGE:q,58.069320239858385,-154.46915010358515,1997-06-28T00:00:00Z,1.4496218678999032E-4
urn:ioos:station:GOA_RUNOFF_DISCHARGE,urn:ioos:sensor:GOA_RUNOFF_DISCHARGE:q,58.069320239858385,-154.46915010358515,1997-06-29T00:00:00Z,1.026035913489951E-4
urn:ioos:station:GOA_RUNOFF_DISCHARGE,urn:ioos:sensor:GOA_RUNOFF_DISCHARGE:q,58.069320239858385,-154.46915010358515,1997-06-30T00:00:00Z,7.262236662726526E-5
urn:ioos:station:GOA_RUNOFF_DISCHARGE,urn:ioos:sensor:GOA_RUNOFF_DISCHARGE:q,58.069320239858385,-154.46915010358515,1997-07-01T00:00:00Z,5.140179261652754E-5
urn:ioos:station:GOA_RUNOFF_DISCHARGE,urn:ioos:sensor:GOA_RUNOFF_DISCHARGE:q,58.069320239858385,-154.46915010358515,1997-07-02T00:00:00Z,3.6381960448215143E-5
urn:ioos:station:GOA_RUNOFF_DISCHARGE,urn:ioos:sensor:GOA_RUNOFF_DISCHARGE:q,58.069320239858385,-154.46915010358515,1997-07-03T00:00:00Z,2.575098711997281E-5
urn:ioos:station:GOA_RUNOFF_DISCHARGE,urn:ioos:sensor:GOA_RUNOFF_DISCHARGE:q,58.069320239858385,-154.46915010358515,1997-07-04T00:00:00Z,1.8226435035809776E-5
urn:ioos:station:GOA_RUNOFF_DISCHARGE,urn:ioos:sensor:GOA_RUNOFF_DISCHARGE:q,58.069320239858385,-154.46915010358515,1997-07-05T00:00:00Z,1.2900590154703933E-5
urn:ioos:station:GOA_RUNOFF_DISCHARGE,urn:ioos:sensor:GOA_RUNOFF_DISCHARGE:q,58.069320239858385,-154.46915010358515,1997-07-06T00:00:00Z,9.130981057071053E-6
urn:ioos:station:GOA_RUNOFF_DISCHARGE,urn:ioos:sensor:GOA_RUNOFF_DISCHARGE:q,58.069320239858385,-154.46915010358515,1997-07-07T00:00:00Z,1.8820521926592266
urn:ioos:station:GOA_RUNOFF_DISCHARGE,urn:ioos:sensor:GOA_RUNOFF_DISCHARGE:q,58.069320239858385,-154.46915010358515,1997-07-08T00:00:00Z,1.4211389197913677
urn:ioos:station:GOA_RUNOFF_DISCHARGE,urn:ioos:sensor:GOA_RUNOFF_DISCHARGE:q,58.069320239858385,-154.46915010358515,1997-07-09T00:00:00Z,1.014766378840562
urn:ioos:station:GOA_RUNOFF_DISCHARGE,urn:ioos:sensor:GOA_RUNOFF_DISCHARGE:q,58.069320239858385,-154.46915010358515,1997-07-10T00:00:00Z,0.7191349639185058
urn:ioos:station:GOA_RUNOFF_DISCHARGE,urn:ioos:sensor:GOA_RUNOFF_DISCHARGE:q,58.069320239858385,-154.46915010358515,1997-07-11T00:00:00Z,0.5090891927039068
urn:ioos:station:GOA_RUNOFF_DISCHARGE,urn:ioos:sensor:GOA_RUNOFF_DISCHARGE:q,58.069320239858385,-154.46915010358515,1997-07-12T00:00:00Z,0.36033992114722374
urn:ioos:station:GOA_RUNOFF_DISCHARGE,urn:ioos:sensor:GOA_RUNOFF_DISCHARGE:q,58.069320239858385,-154.46915010358515,1997-07-13T00:00:00Z,0.2550478691295371
urn:ioos:station:GOA_RUNOFF_DISCHARGE,urn:ioos:sensor:GOA_RUNOFF_DISCHARGE:q,58.069320239858385,-154.46915010358515,1997-07-14T00:00:00Z,0.1805218436900259
urn:ioos:station:GOA_RUNOFF_DISCHARGE,urn:ioos:sensor:GOA_RUNOFF_DISCHARGE:q,58.069320239858385,-154.46915010358515,1997-07-15T00:00:00Z,0.1277725780230441
urn:ioos:station:GOA_RUNOFF_DISCHARGE,urn:ioos:sensor:GOA_RUNOFF_DISCHARGE:q,58.069320239858385,-154.46915010358515,1997-07-16T00:00:00Z,0.09043686340321996
urn:ioos:station:GOA_RUNOFF_DISCHARGE,urn:ioos:sensor:GOA_RUNOFF_DISCHARGE:q,58.069320239858385,-154.46915010358515,1997-07-17T00:00:00Z,0.06401081218790611
urn:ioos:station:GOA_RUNOFF_DISCHARGE,urn:ioos:sensor:GOA_RUNOFF_DISCHARGE:q,58.069320239858385,-154.46915010358515,1997-07-18T00:00:00Z,0.045306566927445155
urn:ioos:station:GOA_RUNOFF_DISCHARGE,urn:ioos:sensor:GOA_RUNOFF_DISCHARGE:q,58.069320239858385,-154.46915010358515,1997-07-19T00:00:00Z,0.03206778485044139
urn:ioos:station:GOA_RUNOFF_DISCHARGE,urn:ioos:sensor:GOA_RUNOFF_DISCHARGE:q,58.069320239858385,-154.46915010358515,1997-07-20T00:00:00Z,0.022697435355590143
urn:ioos:station:GOA_RUNOFF_DISCHARGE,urn:ioos:sensor:GOA_RUNOFF_DISCHARGE:q,58.069320239858385,-154.46915010358515,1997-07-21T00:00:00Z,0.01606514347098924
urn:ioos:station:GOA_RUNOFF_DISCHARGE,urn:ioos:sensor:GOA_RUNOFF_DISCHARGE:q,58.069320239858385,-154.46915010358515,1997-07-22T00:00:00Z,0.011370837818787987
urn:ioos:station:GOA_RUNOFF_DISCHARGE,urn:ioos:sensor:GOA_RUNOFF_DISCHARGE:q,58.069320239858385,-154.46915010358515,1997-07-23T00:00:00Z,0.008048228606037116
urn:ioos:station:GOA_RUNOFF_DISCHARGE,urn:ioos:sensor:GOA_RUNOFF_DISCHARGE:q,58.069320239858385,-154.46915010358515,1997-07-24T00:00:00Z,0.005696500049627946
urn:ioos:station:GOA_RUNOFF_DISCHARGE,urn:ioos:sensor:GOA_RUNOFF_DISCHARGE:q,58.069320239858385,-154.46915010358515,1997-07-25T00:00:00Z,0.004031957898222881
urn:ioos:station:GOA_RUNOFF_DISCHARGE,urn:ioos:sensor:GOA_RUNOFF_DISCHARGE:q,58.069320239858385,-154.46915010358515,1997-07-26T00:00:00Z,0.0028538019006437514
urn:ioos:station:GOA_RUNOFF_DISCHARGE,urn:ioos:sensor:GOA_RUNOFF_DISCHARGE:q,58.069320239858385,-154.46915010358515,1997-07-27T00:00:00Z,0.0020199083266801395
urn:ioos:station:GOA_RUNOFF_DISCHARGE,urn:ioos:sensor:GOA_RUNOFF_DISCHARGE:q,58.069320239858385,-154.46915010358515,1997-07-28T00:00:00Z,0.0014296821556711384
urn:ioos:station:GOA_RUNOFF_DISCHARGE,urn:ioos:sensor:GOA_RUNOFF_DISCHARGE:q,58.069320239858385,-154.46915010358515,1997-07-29T00:00:00Z,0.8705312687360872
urn:ioos:station:GOA_RUNOFF_DISCHARGE,urn:ioos:sensor:GOA_RUNOFF_DISCHARGE:q,58.069320239858385,-154.46915010358515,1997-07-30T00:00:00Z,2.054986875267118
urn:ioos:station:GOA_RUNOFF_DISCHARGE,urn:ioos:sensor:GOA_RUNOFF_DISCHARGE:q,58.069320239858385,-154.46915010358515,1997-07-31T00:00:00Z,1.974503750528415
urn:ioos:station:GOA_RUNOFF_DISCHARGE,urn:ioos:sensor:GOA_RUNOFF_DISCHARGE:q,58.069320239858385,-154.46915010358515,1997-08-01T00:00:00Z,5.523588903458524
urn:ioos:station:GOA_RUNOFF_DISCHARGE,urn:ioos:sensor:GOA_RUNOFF_DISCHARGE:q,58.069320239858385,-154.46915010358515,1997-08-02T00:00:00Z,4.285816772259638
urn:ioos:station:GOA_RUNOFF_DISCHARGE,urn:ioos:sensor:GOA_RUNOFF_DISCHARGE:q,58.069320239858385,-154.46915010358515,1997-08-03T00:00:00Z,3.0616158378167246
urn:ioos:station:GOA_RUNOFF_DISCHARGE,urn:ioos:sensor:GOA_RUNOFF_DISCHARGE:q,58.069320239858385,-154.46915010358515,1997-08-04T00:00:00Z,2.1698075300362882
urn:ioos:station:GOA_RUNOFF_DISCHARGE,urn:ioos:sensor:GOA_RUNOFF_DISCHARGE:q,58.069320239858385,-154.46915010358515,1997-08-05T00:00:00Z,1.5360606106324723
urn:ioos:station:GOA_RUNOFF_DISCHARGE,urn:ioos:sensor:GOA_RUNOFF_DISCHARGE:q,58.069320239858385,-154.46915010358515,1997-08-06T00:00:00Z,1.50533235746856
urn:ioos:station:GOA_RUNOFF_DISCHARGE,urn:ioos:sensor:GOA_RUNOFF_DISCHARGE:q,58.069320239858385,-154.46915010358515,1997-08-07T00:00:00Z,1.085248050695555
urn:ioos:station:GOA_RUNOFF_DISCHARGE,urn:ioos:sensor:GOA_RUNOFF_DISCHARGE:q,58.069320239858385,-154.46915010358515,1997-08-08T00:00:00Z,0.770109043561851
urn:ioos:station:GOA_RUNOFF_DISCHARGE,urn:ioos:sensor:GOA_RUNOFF_DISCHARGE:q,58.069320239858385,-154.46915010358515,1997-08-09T00:00:00Z,0.5452770115803621
urn:ioos:station:GOA_RUNOFF_DISCHARGE,urn:ioos:sensor:GOA_RUNOFF_DISCHARGE:q,58.069320239858385,-154.46915010358515,1997-08-10T00:00:00Z,1.2627848737570944
urn:ioos:station:GOA_RUNOFF_DISCHARGE,urn:ioos:sensor:GOA_RUNOFF_DISCHARGE:q,58.069320239858385,-154.46915010358515,1997-08-11T00:00:00Z,0.9352736838773237
urn:ioos:station:GOA_RUNOFF_DISCHARGE,urn:ioos:sensor:GOA_RUNOFF_DISCHARGE:q,58.069320239858385,-154.46915010358515,1997-08-12T00:00:00Z,0.6661247706223932
urn:ioos:station:GOA_RUNOFF_DISCHARGE,urn:ioos:sensor:GOA_RUNOFF_DISCHARGE:q,58.069320239858385,-154.46915010358515,1997-08-13T00:00:00Z,0.47189377581320163
urn:ioos:station:GOA_RUNOFF_DISCHARGE,urn:ioos:sensor:GOA_RUNOFF_DISCHARGE:q,58.069320239858385,-154.46915010358515,1997-08-14T00:00:00Z,0.334045612319814
urn:ioos:station:GOA_RUNOFF_DISCHARGE,urn:ioos:sensor:GOA_RUNOFF_DISCHARGE:q,58.069320239858385,-154.46915010358515,1997-08-15T00:00:00Z,0.23644012943355297
urn:ioos:station:GOA_RUNOFF_DISCHARGE,urn:ioos:sensor:GOA_RUNOFF_DISCHARGE:q,58.069320239858385,-154.46915010358515,1997-08-16T00:00:00Z,0.16735169962323443
urn:ioos:station:GOA_RUNOFF_DISCHARGE,urn:ioos:sensor:GOA_RUNOFF_DISCHARGE:q,58.069320239858385,-154.46915010358515,1997-08-17T00:00:00Z,0.1184508245929836
urn:ioos:station:GOA_RUNOFF_DISCHARGE,urn:ioos:sensor:GOA_RUNOFF_DISCHARGE:q,58.069320239858385,-154.46915010358515,1997-08-18T00:00:00Z,0.08383897274709104
urn:ioos:station:GOA_RUNOFF_DISCHARGE,urn:ioos:sensor:GOA_RUNOFF_DISCHARGE:q,58.069320239858385,-154.46915010358515,1997-08-19T00:00:00Z,0.05934085390211973
urn:ioos:station:GOA_RUNOFF_DISCHARGE,urn:ioos:sensor:GOA_RUNOFF_DISCHARGE:q,58.069320239858385,-154.46915010358515,1997-08-20T00:00:00Z,0.4211495927007224
urn:ioos:station:GOA_RUNOFF_DISCHARGE,urn:ioos:sensor:GOA_RUNOFF_DISCHARGE:q,58.069320239858385,-154.46915010358515,1997-08-21T00:00:00Z,0.3160235661033234
urn:ioos:station:GOA_RUNOFF_DISCHARGE,urn:ioos:sensor:GOA_RUNOFF_DISCHARGE:q,58.069320239858385,-154.46915010358515,1997-08-22T00:00:00Z,0.22547110487008043
urn:ioos:station:GOA_RUNOFF_DISCHARGE,urn:ioos:sensor:GOA_RUNOFF_DISCHARGE:q,58.069320239858385,-154.46915010358515,1997-08-23T00:00:00Z,0.15976629812112828
urn:ioos:station:GOA_RUNOFF_DISCHARGE,urn:ioos:sensor:GOA_RUNOFF_DISCHARGE:q,58.069320239858385,-154.46915010358515,1997-08-24T00:00:00Z,0.11309974438931927
urn:ioos:station:GOA_RUNOFF_DISCHARGE,urn:ioos:sensor:GOA_RUNOFF_DISCHARGE:q,58.069320239858385,-154.46915010358515,1997-08-25T00:00:00Z,0.08005327742680685
urn:ioos:station:GOA_RUNOFF_DISCHARGE,urn:ioos:sensor:GOA_RUNOFF_DISCHARGE:q,58.069320239858385,-154.46915010358515,1997-08-26T00:00:00Z,0.0566615356366276
urn:ioos:station:GOA_RUNOFF_DISCHARGE,urn:ioos:sensor:GOA_RUNOFF_DISCHARGE:q,58.069320239858385,-154.46915010358515,1997-08-27T00:00:00Z,0.04010480435613148
urn:ioos:station:GOA_RUNOFF_DISCHARGE,urn:ioos:sensor:GOA_RUNOFF_DISCHARGE:q,58.069320239858385,-154.46915010358515,1997-08-28T00:00:00Z,0.028386003419895497
urn:ioos:station:GOA_RUNOFF_DISCHARGE,urn:ioos:sensor:GOA_RUNOFF_DISCHARGE:q,58.069320239858385,-154.46915010358515,1997-08-29T00:00:00Z,0.020091484999429768
urn:ioos:station:GOA_RUNOFF_DISCHARGE,urn:ioos:sensor:GOA_RUNOFF_DISCHARGE:q,58.069320239858385,-154.46915010358515,1997-08-30T00:00:00Z,0.014220664733589804
urn:ioos:station:GOA_RUNOFF_DISCHARGE,urn:ioos:sensor:GOA_RUNOFF_DISCHARGE:q,58.069320239858385,-154.46915010358515,1997-08-31T00:00:00Z,0.01006532296649567
urn:ioos:station:GOA_RUNOFF_DISCHARGE,urn:ioos:sensor:GOA_RUNOFF_DISCHARGE:q,58.069320239858385,-154.46915010358515,1997-09-01T00:00:00Z,3.211029243943905
urn:ioos:station:GOA_RUNOFF_DISCHARGE,urn:ioos:sensor:GOA_RUNOFF_DISCHARGE:q,58.069320239858385,-154.46915010358515,1997-09-02T00:00:00Z,2.285091003687053
urn:ioos:station:GOA_RUNOFF_DISCHARGE,urn:ioos:sensor:GOA_RUNOFF_DISCHARGE:q,58.069320239858385,-154.46915010358515,1997-09-03T00:00:00Z,1.618609449435642
urn:ioos:station:GOA_RUNOFF_DISCHARGE,urn:ioos:sensor:GOA_RUNOFF_DISCHARGE:q,58.069320239858385,-154.46915010358515,1997-09-04T00:00:00Z,1.1457676053250527
urn:ioos:station:GOA_RUNOFF_DISCHARGE,urn:ioos:sensor:GOA_RUNOFF_DISCHARGE:q,58.069320239858385,-154.46915010358515,1997-09-05T00:00:00Z,2.2017237463897392
urn:ioos:station:GOA_RUNOFF_DISCHARGE,urn:ioos:sensor:GOA_RUNOFF_DISCHARGE:q,58.069320239858385,-154.46915010358515,1997-09-06T00:00:00Z,2.0539040264284583
urn:ioos:station:GOA_RUNOFF_DISCHARGE,urn:ioos:sensor:GOA_RUNOFF_DISCHARGE:q,58.069320239858385,-154.46915010358515,1997-09-07T00:00:00Z,9.06316087874058
urn:ioos:station:GOA_RUNOFF_DISCHARGE,urn:ioos:sensor:GOA_RUNOFF_DISCHARGE:q,58.069320239858385,-154.46915010358515,1997-09-08T00:00:00Z,11.375849201378054
urn:ioos:station:GOA_RUNOFF_DISCHARGE,urn:ioos:sensor:GOA_RUNOFF_DISCHARGE:q,58.069320239858385,-154.46915010358515,1997-09-09T00:00:00Z,8.776217908217937
urn:ioos:station:GOA_RUNOFF_DISCHARGE,urn:ioos:sensor:GOA_RUNOFF_DISCHARGE:q,58.069320239858385,-154.46915010358515,1997-09-10T00:00:00Z,6.2593693628921105
urn:ioos:station:GOA_RUNOFF_DISCHARGE,urn:ioos:sensor:GOA_RUNOFF_DISCHARGE:q,58.069320239858385,-154.46915010358515,1997-09-11T00:00:00Z,4.435106777559378
urn:ioos:station:GOA_RUNOFF_DISCHARGE,urn:ioos:sensor:GOA_RUNOFF_DISCHARGE:q,58.069320239858385,-154.46915010358515,1997-09-12T00:00:00Z,3.1396238419078104
urn:ioos:station:GOA_RUNOFF_DISCHARGE,urn:ioos:sensor:GOA_RUNOFF_DISCHARGE:q,58.069320239858385,-154.46915010358515,1997-09-13T00:00:00Z,2.222259196452978
urn:ioos:station:GOA_RUNOFF_DISCHARGE,urn:ioos:sensor:GOA_RUNOFF_DISCHARGE:q,58.069320239858385,-154.46915010358515,1997-09-14T00:00:00Z,1.5729099658210643
urn:ioos:station:GOA_RUNOFF_DISCHARGE,urn:ioos:sensor:GOA_RUNOFF_DISCHARGE:q,58.069320239858385,-154.46915010358515,1997-09-15T00:00:00Z,1.8244003259151738
urn:ioos:station:GOA_RUNOFF_DISCHARGE,urn:ioos:sensor:GOA_RUNOFF_DISCHARGE:q,58.069320239858385,-154.46915010358515,1997-09-16T00:00:00Z,3.4827257659657698
urn:ioos:station:GOA_RUNOFF_DISCHARGE,urn:ioos:sensor:GOA_RUNOFF_DISCHARGE:q,58.069320239858385,-154.46915010358515,1997-09-17T00:00:00Z,5.299750853301904
urn:ioos:station:GOA_RUNOFF_DISCHARGE,urn:ioos:sensor:GOA_RUNOFF_DISCHARGE:q,58.069320239858385,-154.46915010358515,1997-09-18T00:00:00Z,3.8907770449320918
urn:ioos:station:GOA_RUNOFF_DISCHARGE,urn:ioos:sensor:GOA_RUNOFF_DISCHARGE:q,58.069320239858385,-154.46915010358515,1997-09-19T00:00:00Z,2.7678184644035677
urn:ioos:station:GOA_RUNOFF_DISCHARGE,urn:ioos:sensor:GOA_RUNOFF_DISCHARGE:q,58.069320239858385,-154.46915010358515,1997-09-20T00:00:00Z,1.9604422393973135
urn:ioos:station:GOA_RUNOFF_DISCHARGE,urn:ioos:sensor:GOA_RUNOFF_DISCHARGE:q,58.069320239858385,-154.46915010358515,1997-09-21T00:00:00Z,2.6220860339179484
urn:ioos:station:GOA_RUNOFF_DISCHARGE,urn:ioos:sensor:GOA_RUNOFF_DISCHARGE:q,58.069320239858385,-154.46915010358515,1997-09-22T00:00:00Z,3.89508107635058
urn:ioos:station:GOA_RUNOFF_DISCHARGE,urn:ioos:sensor:GOA_RUNOFF_DISCHARGE:q,58.069320239858385,-154.46915010358515,1997-09-23T00:00:00Z,3.734650002316701
urn:ioos:station:GOA_RUNOFF_DISCHARGE,urn:ioos:sensor:GOA_RUNOFF_DISCHARGE:q,58.069320239858385,-154.46915010358515,1997-09-24T00:00:00Z,2.8973538127220078
urn:ioos:station:GOA_RUNOFF_DISCHARGE,urn:ioos:sensor:GOA_RUNOFF_DISCHARGE:q,58.069320239858385,-154.46915010358515,1997-09-25T00:00:00Z,2.065454370188362
urn:ioos:station:GOA_RUNOFF_DISCHARGE,urn:ioos:sensor:GOA_RUNOFF_DISCHARGE:q,58.069320239858385,-154.46915010358515,1997-09-26T00:00:00Z,2.138290721904702
urn:ioos:station:GOA_RUNOFF_DISCHARGE,urn:ioos:sensor:GOA_RUNOFF_DISCHARGE:q,58.069320239858385,-154.46915010358515,1997-09-27T00:00:00Z,1.5455458981148358
urn:ioos:station:GOA_RUNOFF_DISCHARGE,urn:ioos:sensor:GOA_RUNOFF_DISCHARGE:q,58.069320239858385,-154.46915010358515,1997-09-28T00:00:00Z,1.0971334053372044
urn:ioos:station:GOA_RUNOFF_DISCHARGE,urn:ioos:sensor:GOA_RUNOFF_DISCHARGE:q,58.069320239858385,-154.46915010358515,1997-09-29T00:00:00Z,0.8070817337991908
urn:ioos:station:GOA_RUNOFF_DISCHARGE,urn:ioos:sensor:GOA_RUNOFF_DISCHARGE:q,58.069320239858385,-154.46915010358515,1997-09-30T00:00:00Z,0.5727101469138894
urn:ioos:station:GOA_RUNOFF_DISCHARGE,urn:ioos:sensor:GOA_RUNOFF_DISCHARGE:q,58.069320239858385,-154.46915010358515,1997-10-01T00:00:00Z,0.8466664959222773
urn:ioos:station:GOA_RUNOFF_DISCHARGE,urn:ioos:sensor:GOA_RUNOFF_DISCHARGE:q,58.069320239858385,-154.46915010358515,1997-10-02T00:00:00Z,0.6201505294085519
urn:ioos:station:GOA_RUNOFF_DISCHARGE,urn:ioos:sensor:GOA_RUNOFF_DISCHARGE:q,58.069320239858385,-154.46915010358515,1997-10-03T00:00:00Z,0.44102518380848743
urn:ioos:station:GOA_RUNOFF_DISCHARGE,urn:ioos:sensor:GOA_RUNOFF_DISCHARGE:q,58.069320239858385,-154.46915010358515,1997-10-04T00:00:00Z,0.31236390275818626
urn:ioos:station:GOA_RUNOFF_DISCHARGE,urn:ioos:sensor:GOA_RUNOFF_DISCHARGE:q,58.069320239858385,-154.46915010358515,1997-10-05T00:00:00Z,0.22111058599926567
urn:ioos:station:GOA_RUNOFF_DISCHARGE,urn:ioos:sensor:GOA_RUNOFF_DISCHARGE:q,58.069320239858385,-154.46915010358515,1997-10-06T00:00:00Z,0.15650318162472504
urn:ioos:station:GOA_RUNOFF_DISCHARGE,urn:ioos:sensor:GOA_RUNOFF_DISCHARGE:q,58.069320239858385,-154.46915010358515,1997-10-07T00:00:00Z,0.11077245313113136
urn:ioos:station:GOA_RUNOFF_DISCHARGE,urn:ioos:sensor:GOA_RUNOFF_DISCHARGE:q,58.069320239858385,-154.46915010358515,1997-10-08T00:00:00Z,0.07840427960271229
urn:ioos:station:GOA_RUNOFF_DISCHARGE,urn:ioos:sensor:GOA_RUNOFF_DISCHARGE:q,58.069320239858385,-154.46915010358515,1997-10-09T00:00:00Z,0.05549419817840779
urn:ioos:station:GOA_RUNOFF_DISCHARGE,urn:ioos:sensor:GOA_RUNOFF_DISCHARGE:q,58.069320239858385,-154.46915010358515,1997-10-10T00:00:00Z,0.0392785458640554
urn:ioos:station:GOA_RUNOFF_DISCHARGE,urn:ioos:sensor:GOA_RUNOFF_DISCHARGE:q,58.069320239858385,-154.46915010358515,1997-10-11T00:00:00Z,0.027801185619248093
urn:ioos:station:GOA_RUNOFF_DISCHARGE,urn:ioos:sensor:GOA_RUNOFF_DISCHARGE:q,58.069320239858385,-154.46915010358515,1997-10-12T00:00:00Z,0.17581501644700054
urn:ioos:station:GOA_RUNOFF_DISCHARGE,urn:ioos:sensor:GOA_RUNOFF_DISCHARGE:q,58.069320239858385,-154.46915010358515,1997-10-13T00:00:00Z,1.449938541686328
urn:ioos:station:GOA_RUNOFF_DISCHARGE,urn:ioos:sensor:GOA_RUNOFF_DISCHARGE:q,58.069320239858385,-154.46915010358515,1997-10-14T00:00:00Z,1.5916447899512782
urn:ioos:station:GOA_RUNOFF_DISCHARGE,urn:ioos:sensor:GOA_RUNOFF_DISCHARGE:q,58.069320239858385,-154.46915010358515,1997-10-15T00:00:00Z,1.0556063299770915
urn:ioos:station:GOA_RUNOFF_DISCHARGE,urn:ioos:sensor:GOA_RUNOFF_DISCHARGE:q,58.069320239858385,-154.46915010358515,1997-10-16T00:00:00Z,0.9228265792003113
urn:ioos:station:GOA_RUNOFF_DISCHARGE,urn:ioos:sensor:GOA_RUNOFF_DISCHARGE:q,58.069320239858385,-154.46915010358515,1997-10-17T00:00:00Z,0.6639765700773237
urn:ioos:station:GOA_RUNOFF_DISCHARGE,urn:ioos:sensor:GOA_RUNOFF_DISCHARGE:q,58.069320239858385,-154.46915010358515,1997-10-18T00:00:00Z,1.9515163339173773
urn:ioos:station:GOA_RUNOFF_DISCHARGE,urn:ioos:sensor:GOA_RUNOFF_DISCHARGE:q,58.069320239858385,-154.46915010358515,1997-10-19T00:00:00Z,2.4260652666600215
urn:ioos:station:GOA_RUNOFF_DISCHARGE,urn:ioos:sensor:GOA_RUNOFF_DISCHARGE:q,58.069320239858385,-154.46915010358515,1997-10-20T00:00:00Z,1.770268540130422
urn:ioos:station:GOA_RUNOFF_DISCHARGE,urn:ioos:sensor:GOA_RUNOFF_DISCHARGE:q,58.069320239858385,-154.46915010358515,1997-10-21T00:00:00Z,2.5074456127666815
urn:ioos:station:GOA_RUNOFF_DISCHARGE,urn:ioos:sensor:GOA_RUNOFF_DISCHARGE:q,58.069320239858385,-154.46915010358515,1997-10-22T00:00:00Z,1.8343801376089965
urn:ioos:station:GOA_RUNOFF_DISCHARGE,urn:ioos:sensor:GOA_RUNOFF_DISCHARGE:q,58.069320239858385,-154.46915010358515,1997-10-23T00:00:00Z,1.3043199083390198
urn:ioos:station:GOA_RUNOFF_DISCHARGE,urn:ioos:sensor:GOA_RUNOFF_DISCHARGE:q,58.069320239858385,-154.46915010358515,1997-10-24T00:00:00Z,0.9237864218836861
urn:ioos:station:GOA_RUNOFF_DISCHARGE,urn:ioos:sensor:GOA_RUNOFF_DISCHARGE:q,58.069320239858385,-154.46915010358515,1997-10-25T00:00:00Z,0.5958305022628041
urn:ioos:station:GOA_RUNOFF_DISCHARGE,urn:ioos:sensor:GOA_RUNOFF_DISCHARGE:q,58.069320239858385,-154.46915010358515,1997-10-26T00:00:00Z,0.42413584667969656
urn:ioos:station:GOA_RUNOFF_DISCHARGE,urn:ioos:sensor:GOA_RUNOFF_DISCHARGE:q,58.069320239858385,-154.46915010358515,1997-10-27T00:00:00Z,0.27376891262363745
urn:ioos:station:GOA_RUNOFF_DISCHARGE,urn:ioos:sensor:GOA_RUNOFF_DISCHARGE:q,58.069320239858385,-154.46915010358515,1997-10-28T00:00:00Z,0.6319504375284285
urn:ioos:station:GOA_RUNOFF_DISCHARGE,urn:ioos:sensor:GOA_RUNOFF_DISCHARGE:q,58.069320239858385,-154.46915010358515,1997-10-29T00:00:00Z,0.8886240928258858
urn:ioos:station:GOA_RUNOFF_DISCHARGE,urn:ioos:sensor:GOA_RUNOFF_DISCHARGE:q,58.069320239858385,-154.46915010358515,1997-10-30T00:00:00Z,0.6468771358041592
urn:ioos:station:GOA_RUNOFF_DISCHARGE,urn:ioos:sensor:GOA_RUNOFF_DISCHARGE:q,58.069320239858385,-154.46915010358515,1997-10-31T00:00:00Z,0.45964558590280963
urn:ioos:station:GOA_RUNOFF_DISCHARGE,urn:ioos:sensor:GOA_RUNOFF_DISCHARGE:q,58.069320239858385,-154.46915010358515,1997-11-01T00:00:00Z,0.2966099387541481
urn:ioos:station:GOA_RUNOFF_DISCHARGE,urn:ioos:sensor:GOA_RUNOFF_DISCHARGE:q,58.069320239858385,-154.46915010358515,1997-11-02T00:00:00Z,1.63163810353451
urn:ioos:station:GOA_RUNOFF_DISCHARGE,urn:ioos:sensor:GOA_RUNOFF_DISCHARGE:q,58.069320239858385,-154.46915010358515,1997-11-03T00:00:00Z,7.227279671364958
urn:ioos:station:GOA_RUNOFF_DISCHARGE,urn:ioos:sensor:GOA_RUNOFF_DISCHARGE:q,58.069320239858385,-154.46915010358515,1997-11-04T00:00:00Z,5.5942752128264
urn:ioos:station:GOA_RUNOFF_DISCHARGE,urn:ioos:sensor:GOA_RUNOFF_DISCHARGE:q,58.069320239858385,-154.46915010358515,1997-11-05T00:00:00Z,5.726754552313777
urn:ioos:station:GOA_RUNOFF_DISCHARGE,urn:ioos:sensor:GOA_RUNOFF_DISCHARGE:q,58.069320239858385,-154.46915010358515,1997-11-06T00:00:00Z,5.23824724943013
urn:ioos:station:GOA_RUNOFF_DISCHARGE,urn:ioos:sensor:GOA_RUNOFF_DISCHARGE:q,58.069320239858385,-154.46915010358515,1997-11-07T00:00:00Z,5.687771467892501
urn:ioos:station:GOA_RUNOFF_DISCHARGE,urn:ioos:sensor:GOA_RUNOFF_DISCHARGE:q,58.069320239858385,-154.46915010358515,1997-11-08T00:00:00Z,10.770643130492251
urn:ioos:station:GOA_RUNOFF_DISCHARGE,urn:ioos:sensor:GOA_RUNOFF_DISCHARGE:q,58.069320239858385,-154.46915010358515,1997-11-09T00:00:00Z,12.844210644633975
urn:ioos:station:GOA_RUNOFF_DISCHARGE,urn:ioos:sensor:GOA_RUNOFF_DISCHARGE:q,58.069320239858385,-154.46915010358515,1997-11-10T00:00:00Z,10.785431233062537
urn:ioos:station:GOA_RUNOFF_DISCHARGE,urn:ioos:sensor:GOA_RUNOFF_DISCHARGE:q,58.069320239858385,-154.46915010358515,1997-11-11T00:00:00Z,9.632830668700779
urn:ioos:station:GOA_RUNOFF_DISCHARGE,urn:ioos:sensor:GOA_RUNOFF_DISCHARGE:q,58.069320239858385,-154.46915010358515,1997-11-12T00:00:00Z,7.076471230723728
urn:ioos:station:GOA_RUNOFF_DISCHARGE,urn:ioos:sensor:GOA_RUNOFF_DISCHARGE:q,58.069320239858385,-154.46915010358515,1997-11-13T00:00:00Z,5.03861207456762
urn:ioos:station:GOA_RUNOFF_DISCHARGE,urn:ioos:sensor:GOA_RUNOFF_DISCHARGE:q,58.069320239858385,-154.46915010358515,1997-11-14T00:00:00Z,3.5686398426857058
urn:ioos:station:GOA_RUNOFF_DISCHARGE,urn:ioos:sensor:GOA_RUNOFF_DISCHARGE:q,58.069320239858385,-154.46915010358515,1997-11-15T00:00:00Z,2.5261004500066138
urn:ioos:station:GOA_RUNOFF_DISCHARGE,urn:ioos:sensor:GOA_RUNOFF_DISCHARGE:q,58.069320239858385,-154.46915010358515,1997-11-16T00:00:00Z,1.9635223924600678
urn:ioos:station:GOA_RUNOFF_DISCHARGE,urn:ioos:sensor:GOA_RUNOFF_DISCHARGE:q,58.069320239858385,-154.46915010358515,1997-11-17T00:00:00Z,1.274369290879799
urn:ioos:station:GOA_RUNOFF_DISCHARGE,urn:ioos:sensor:GOA_RUNOFF_DISCHARGE:q,58.069320239858385,-154.46915010358515,1997-11-18T00:00:00Z,0.8273119049497691
urn:ioos:station:GOA_RUNOFF_DISCHARGE,urn:ioos:sensor:GOA_RUNOFF_DISCHARGE:q,58.069320239858385,-154.46915010358515,1997-11-19T00:00:00Z,0.5370974640367548
urn:ioos:station:GOA_RUNOFF_DISCHARGE,urn:ioos:sensor:GOA_RUNOFF_DISCHARGE:q,58.069320239858385,-154.46915010358515,1997-11-20T00:00:00Z,0.8923282225672649
urn:ioos:station:GOA_RUNOFF_DISCHARGE,urn:ioos:sensor:GOA_RUNOFF_DISCHARGE:q,58.069320239858385,-154.46915010358515,1997-11-21T00:00:00Z,1.0797411901029859
urn:ioos:station:GOA_RUNOFF_DISCHARGE,urn:ioos:sensor:GOA_RUNOFF_DISCHARGE:q,58.069320239858385,-154.46915010358515,1997-11-22T00:00:00Z,0.871841514515291
urn:ioos:station:GOA_RUNOFF_DISCHARGE,urn:ioos:sensor:GOA_RUNOFF_DISCHARGE:q,58.069320239858385,-154.46915010358515,1997-11-23T00:00:00Z,0.5711600062425346
urn:ioos:station:GOA_RUNOFF_DISCHARGE,urn:ioos:sensor:GOA_RUNOFF_DISCHARGE:q,58.069320239858385,-154.46915010358515,1997-11-24T00:00:00Z,0.3710916786888222
urn:ioos:station:GOA_RUNOFF_DISCHARGE,urn:ioos:sensor:GOA_RUNOFF_DISCHARGE:q,58.069320239858385,-154.46915010358515,1997-11-25T00:00:00Z,0.24093243591512303
urn:ioos:station:GOA_RUNOFF_DISCHARGE,urn:ioos:sensor:GOA_RUNOFF_DISCHARGE:q,58.069320239858385,-154.46915010358515,1997-11-26T00:00:00Z,1.875619431188698
urn:ioos:station:GOA_RUNOFF_DISCHARGE,urn:ioos:sensor:GOA_RUNOFF_DISCHARGE:q,58.069320239858385,-154.46915010358515,1997-11-27T00:00:00Z,1.264529719358739
urn:ioos:station:GOA_RUNOFF_DISCHARGE,urn:ioos:sensor:GOA_RUNOFF_DISCHARGE:q,58.069320239858385,-154.46915010358515,1997-11-28T00:00:00Z,0.8235750831981354
urn:ioos:station:GOA_RUNOFF_DISCHARGE,urn:ioos:sensor:GOA_RUNOFF_DISCHARGE:q,58.069320239858385,-154.46915010358515,1997-11-29T00:00:00Z,0.534820337254061
urn:ioos:station:GOA_RUNOFF_DISCHARGE,urn:ioos:sensor:GOA_RUNOFF_DISCHARGE:q,58.069320239858385,-154.46915010358515,1997-11-30T00:00:00Z,0.34721868353842905
urn:ioos:station:GOA_RUNOFF_DISCHARGE,urn:ioos:sensor:GOA_RUNOFF_DISCHARGE:q,58.069320239858385,-154.46915010358515,1997-12-01T00:00:00Z,0.22541812013313836
urn:ioos:station:GOA_RUNOFF_DISCHARGE,urn:ioos:sensor:GOA_RUNOFF_DISCHARGE:q,58.069320239858385,-154.46915010358515,1997-12-02T00:00:00Z,0.14634356387450134
urn:ioos:station:GOA_RUNOFF_DISCHARGE,urn:ioos:sensor:GOA_RUNOFF_DISCHARGE:q,58.069320239858385,-154.46915010358515,1997-12-03T00:00:00Z,0.09500762742046678
urn:ioos:station:GOA_RUNOFF_DISCHARGE,urn:ioos:sensor:GOA_RUNOFF_DISCHARGE:q,58.069320239858385,-154.46915010358515,1997-12-04T00:00:00Z,7.242931316612554
urn:ioos:station:GOA_RUNOFF_DISCHARGE,urn:ioos:sensor:GOA_RUNOFF_DISCHARGE:q,58.069320239858385,-154.46915010358515,1997-12-05T00:00:00Z,8.59029311782508
urn:ioos:station:GOA_RUNOFF_DISCHARGE,urn:ioos:sensor:GOA_RUNOFF_DISCHARGE:q,58.069320239858385,-154.46915010358515,1997-12-06T00:00:00Z,6.117860976934698
urn:ioos:station:GOA_RUNOFF_DISCHARGE,urn:ioos:sensor:GOA_RUNOFF_DISCHARGE:q,58.069320239858385,-154.46915010358515,1997-12-07T00:00:00Z,3.990381772513881
urn:ioos:station:GOA_RUNOFF_DISCHARGE,urn:ioos:sensor:GOA_RUNOFF_DISCHARGE:q,58.069320239858385,-154.46915010358515,1997-12-08T00:00:00Z,2.5916378664274053
urn:ioos:station:GOA_RUNOFF_DISCHARGE,urn:ioos:sensor:GOA_RUNOFF_DISCHARGE:q,58.069320239858385,-154.46915010358515,1997-12-09T00:00:00Z,1.6825742288721872
urn:ioos:station:GOA_RUNOFF_DISCHARGE,urn:ioos:sensor:GOA_RUNOFF_DISCHARGE:q,58.069320239858385,-154.46915010358515,1997-12-10T00:00:00Z,1.0923462294210882
urn:ioos:station:GOA_RUNOFF_DISCHARGE,urn:ioos:sensor:GOA_RUNOFF_DISCHARGE:q,58.069320239858385,-154.46915010358515,1997-12-11T00:00:00Z,0.7091615985365645
urn:ioos:station:GOA_RUNOFF_DISCHARGE,urn:ioos:sensor:GOA_RUNOFF_DISCHARGE:q,58.069320239858385,-154.46915010358515,1997-12-12T00:00:00Z,0.46039437765076724
urn:ioos:station:GOA_RUNOFF_DISCHARGE,urn:ioos:sensor:GOA_RUNOFF_DISCHARGE:q,58.069320239858385,-154.46915010358515,1997-12-13T00:00:00Z,0.2988923936109479
urn:ioos:station:GOA_RUNOFF_DISCHARGE,urn:ioos:sensor:GOA_RUNOFF_DISCHARGE:q,58.069320239858385,-154.46915010358515,1997-12-14T00:00:00Z,0.19404373931584606
urn:ioos:station:GOA_RUNOFF_DISCHARGE,urn:ioos:sensor:GOA_RUNOFF_DISCHARGE:q,58.069320239858385,-154.46915010358515,1997-12-15T00:00:00Z,0.12597501902156452
urn:ioos:station:GOA_RUNOFF_DISCHARGE,urn:ioos:sensor:GOA_RUNOFF_DISCHARGE:q,58.069320239858385,-154.46915010358515,1997-12-16T00:00:00Z,0.08178416150093334
urn:ioos:station:GOA_RUNOFF_DISCHARGE,urn:ioos:sensor:GOA_RUNOFF_DISCHARGE:q,58.069320239858385,-154.46915010358515,1997-12-17T00:00:00Z,0.05309504369848284
urn:ioos:station:GOA_RUNOFF_DISCHARGE,urn:ioos:sensor:GOA_RUNOFF_DISCHARGE:q,58.069320239858385,-154.46915010358515,1997-12-18T00:00:00Z,3.100582082892678
urn:ioos:station:GOA_RUNOFF_DISCHARGE,urn:ioos:sensor:GOA_RUNOFF_DISCHARGE:q,58.069320239858385,-154.46915010358515,1997-12-19T00:00:00Z,2.096499545093537
urn:ioos:station:GOA_RUNOFF_DISCHARGE,urn:ioos:sensor:GOA_RUNOFF_DISCHARGE:q,58.069320239858385,-154.46915010358515,1997-12-20T00:00:00Z,1.3657583913050542
urn:ioos:station:GOA_RUNOFF_DISCHARGE,urn:ioos:sensor:GOA_RUNOFF_DISCHARGE:q,58.069320239858385,-154.46915010358515,1997-12-21T00:00:00Z,0.8869264763255749
urn:ioos:station:GOA_RUNOFF_DISCHARGE,urn:ioos:sensor:GOA_RUNOFF_DISCHARGE:q,58.069320239858385,-154.46915010358515,1997-12-22T00:00:00Z,0.5758158221093979
urn:ioos:station:GOA_RUNOFF_DISCHARGE,urn:ioos:sensor:GOA_RUNOFF_DISCHARGE:q,58.069320239858385,-154.46915010358515,1997-12-23T00:00:00Z,0.3738258358281559
urn:ioos:station:GOA_RUNOFF_DISCHARGE,urn:ioos:sensor:GOA_RUNOFF_DISCHARGE:q,58.069320239858385,-154.46915010358515,1997-12-24T00:00:00Z,0.24269129237830553
urn:ioos:station:GOA_RUNOFF_DISCHARGE,urn:ioos:sensor:GOA_RUNOFF_DISCHARGE:q,58.069320239858385,-154.46915010358515,1997-12-25T00:00:00Z,0.15755744962142118
urn:ioos:station:GOA_RUNOFF_DISCHARGE,urn:ioos:sensor:GOA_RUNOFF_DISCHARGE:q,58.069320239858385,-154.46915010358515,1997-12-26T00:00:00Z,0.10228777467692216
urn:ioos:station:GOA_RUNOFF_DISCHARGE,urn:ioos:sensor:GOA_RUNOFF_DISCHARGE:q,58.069320239858385,-154.46915010358515,1997-12-27T00:00:00Z,0.06640618439300279
urn:ioos:station:GOA_RUNOFF_DISCHARGE,urn:ioos:sensor:GOA_RUNOFF_DISCHARGE:q,58.069320239858385,-154.46915010358515,1997-12-28T00:00:00Z,0.04311151961969292
urn:ioos:station:GOA_RUNOFF_DISCHARGE,urn:ioos:sensor:GOA_RUNOFF_DISCHARGE:q,58.069320239858385,-154.46915010358515,1997-12-29T00:00:00Z,0.027988402056494804
urn:ioos:station:GOA_RUNOFF_DISCHARGE,urn:ioos:sensor:GOA_RUNOFF_DISCHARGE:q,58.069320239858385,-154.46915010358515,1997-12-30T00:00:00Z,0.018170334001184195
urn:ioos:station:GOA_RUNOFF_DISCHARGE,urn:ioos:sensor:GOA_RUNOFF_DISCHARGE:q,58.069320239858385,-154.46915010358515,1997-12-31T00:00:00Z,0.011796350931512377
urn:ioos:station:GOA_RUNOFF_DISCHARGE,urn:ioos:sensor:GOA_RUNOFF_DISCHARGE:q,58.069320239858385,-154.46915010358515,1998-01-01T00:00:00Z,0.007658301252148719
urn:ioos:station:GOA_RUNOFF_DISCHARGE,urn:ioos:sensor:GOA_RUNOFF_DISCHARGE:q,58.069320239858385,-154.46915010358515,1998-01-02T00:00:00Z,0.004971840859542007
urn:ioos:station:GOA_RUNOFF_DISCHARGE,urn:ioos:sensor:GOA_RUNOFF_DISCHARGE:q,58.069320239858385,-154.46915010358515,1998-01-03T00:00:00Z,0.0032277655880558927
urn:ioos:station:GOA_RUNOFF_DISCHARGE,urn:ioos:sensor:GOA_RUNOFF_DISCHARGE:q,58.069320239858385,-154.46915010358515,1998-01-04T00:00:00Z,0.002095495881467342
urn:ioos:station:GOA_RUNOFF_DISCHARGE,urn:ioos:sensor:GOA_RUNOFF_DISCHARGE:q,58.069320239858385,-154.46915010358515,1998-01-05T00:00:00Z,0.0013604156506062694
urn:ioos:station:GOA_RUNOFF_DISCHARGE,urn:ioos:sensor:GOA_RUNOFF_DISCHARGE:q,58.069320239858385,-154.46915010358515,1998-01-06T00:00:00Z,8.831946398793907E-4
urn:ioos:station:GOA_RUNOFF_DISCHARGE,urn:ioos:sensor:GOA_RUNOFF_DISCHARGE:q,58.069320239858385,-154.46915010358515,1998-01-07T00:00:00Z,5.733782179280257E-4
urn:ioos:station:GOA_RUNOFF_DISCHARGE,urn:ioos:sensor:GOA_RUNOFF_DISCHARGE:q,58.069320239858385,-154.46915010358515,1998-01-08T00:00:00Z,3.722424889935618E-4
urn:ioos:station:GOA_RUNOFF_DISCHARGE,urn:ioos:sensor:GOA_RUNOFF_DISCHARGE:q,58.069320239858385,-154.46915010358515,1998-01-09T00:00:00Z,2.4166332082721653E-4
urn:ioos:station:GOA_RUNOFF_DISCHARGE,urn:ioos:sensor:GOA_RUNOFF_DISCHARGE:q,58.069320239858385,-154.46915010358515,1998-01-10T00:00:00Z,0.5109272796024049
urn:ioos:station:GOA_RUNOFF_DISCHARGE,urn:ioos:sensor:GOA_RUNOFF_DISCHARGE:q,58.069320239858385,-154.46915010358515,1998-01-11T00:00:00Z,2.377494543110595
urn:ioos:station:GOA_RUNOFF_DISCHARGE,urn:ioos:sensor:GOA_RUNOFF_DISCHARGE:q,58.069320239858385,-154.46915010358515,1998-01-12T00:00:00Z,1.6136593396977934
urn:ioos:station:GOA_RUNOFF_DISCHARGE,urn:ioos:sensor:GOA_RUNOFF_DISCHARGE:q,58.069320239858385,-154.46915010358515,1998-01-13T00:00:00Z,1.0511372598187054
urn:ioos:station:GOA_RUNOFF_DISCHARGE,urn:ioos:sensor:GOA_RUNOFF_DISCHARGE:q,58.069320239858385,-154.46915010358515,1998-01-14T00:00:00Z,0.6826066087501214
urn:ioos:station:GOA_RUNOFF_DISCHARGE,urn:ioos:sensor:GOA_RUNOFF_DISCHARGE:q,58.069320239858385,-154.46915010358515,1998-01-15T00:00:00Z,0.44316575402520775
urn:ioos:station:GOA_RUNOFF_DISCHARGE,urn:ioos:sensor:GOA_RUNOFF_DISCHARGE:q,58.069320239858385,-154.46915010358515,1998-01-16T00:00:00Z,0.2877080096076885
urn:ioos:station:GOA_RUNOFF_DISCHARGE,urn:ioos:sensor:GOA_RUNOFF_DISCHARGE:q,58.069320239858385,-154.46915010358515,1998-01-17T00:00:00Z,0.1867827747706393
urn:ioos:station:GOA_RUNOFF_DISCHARGE,urn:ioos:sensor:GOA_RUNOFF_DISCHARGE:q,58.069320239858385,-154.46915010358515,1998-01-18T00:00:00Z,0.1212611205690776
urn:ioos:station:GOA_RUNOFF_DISCHARGE,urn:ioos:sensor:GOA_RUNOFF_DISCHARGE:q,58.069320239858385,-154.46915010358515,1998-01-19T00:00:00Z,0.07872386538102756
urn:ioos:station:GOA_RUNOFF_DISCHARGE,urn:ioos:sensor:GOA_RUNOFF_DISCHARGE:q,58.069320239858385,-154.46915010358515,1998-01-20T00:00:00Z,0.05110827228755101
urn:ioos:station:GOA_RUNOFF_DISCHARGE,urn:ioos:sensor:GOA_RUNOFF_DISCHARGE:q,58.069320239858385,-154.46915010358515,1998-01-21T00:00:00Z,0.03317996893044533
urn:ioos:station:GOA_RUNOFF_DISCHARGE,urn:ioos:sensor:GOA_RUNOFF_DISCHARGE:q,58.069320239858385,-154.46915010358515,1998-01-22T00:00:00Z,0.02154074787882971
urn:ioos:station:GOA_RUNOFF_DISCHARGE,urn:ioos:sensor:GOA_RUNOFF_DISCHARGE:q,58.069320239858385,-154.46915010358515,1998-01-23T00:00:00Z,4.772396759448186
urn:ioos:station:GOA_RUNOFF_DISCHARGE,urn:ioos:sensor:GOA_RUNOFF_DISCHARGE:q,58.069320239858385,-154.46915010358515,1998-01-24T00:00:00Z,3.425519089413677
urn:ioos:station:GOA_RUNOFF_DISCHARGE,urn:ioos:sensor:GOA_RUNOFF_DISCHARGE:q,58.069320239858385,-154.46915010358515,1998-01-25T00:00:00Z,2.236543960466986
urn:ioos:station:GOA_RUNOFF_DISCHARGE,urn:ioos:sensor:GOA_RUNOFF_DISCHARGE:q,58.069320239858385,-154.46915010358515,1998-01-26T00:00:00Z,1.452696247597636
urn:ioos:station:GOA_RUNOFF_DISCHARGE,urn:ioos:sensor:GOA_RUNOFF_DISCHARGE:q,58.069320239858385,-154.46915010358515,1998-01-27T00:00:00Z,0.9431440386760568
urn:ioos:station:GOA_RUNOFF_DISCHARGE,urn:ioos:sensor:GOA_RUNOFF_DISCHARGE:q,58.069320239858385,-154.46915010358515,1998-01-28T00:00:00Z,0.6123001713323891
urn:ioos:station:GOA_RUNOFF_DISCHARGE,urn:ioos:sensor:GOA_RUNOFF_DISCHARGE:q,58.069320239858385,-154.46915010358515,1998-01-29T00:00:00Z,0.39751113147902806
urn:ioos:station:GOA_RUNOFF_DISCHARGE,urn:ioos:sensor:GOA_RUNOFF_DISCHARGE:q,58.069320239858385,-154.46915010358515,1998-01-30T00:00:00Z,0.2580679498012145
urn:ioos:station:GOA_RUNOFF_DISCHARGE,urn:ioos:sensor:GOA_RUNOFF_DISCHARGE:q,58.069320239858385,-154.46915010358515,1998-01-31T00:00:00Z,0.16754013913304788
urn:ioos:station:GOA_RUNOFF_DISCHARGE,urn:ioos:sensor:GOA_RUNOFF_DISCHARGE:q,58.069320239858385,-154.46915010358515,1998-02-01T00:00:00Z,2.1223047893409785
urn:ioos:station:GOA_RUNOFF_DISCHARGE,urn:ioos:sensor:GOA_RUNOFF_DISCHARGE:q,58.069320239858385,-154.46915010358515,1998-02-02T00:00:00Z,11.721951423165871
urn:ioos:station:GOA_RUNOFF_DISCHARGE,urn:ioos:sensor:GOA_RUNOFF_DISCHARGE:q,58.069320239858385,-154.46915010358515,1998-02-03T00:00:00Z,13.0984416081793
urn:ioos:station:GOA_RUNOFF_DISCHARGE,urn:ioos:sensor:GOA_RUNOFF_DISCHARGE:q,58.069320239858385,-154.46915010358515,1998-02-04T00:00:00Z,13.853339986849184
urn:ioos:station:GOA_RUNOFF_DISCHARGE,urn:ioos:sensor:GOA_RUNOFF_DISCHARGE:q,58.069320239858385,-154.46915010358515,1998-02-05T00:00:00Z,14.220252482078196
urn:ioos:station:GOA_RUNOFF_DISCHARGE,urn:ioos:sensor:GOA_RUNOFF_DISCHARGE:q,58.069320239858385,-154.46915010358515,1998-02-06T00:00:00Z,16.06956832964382
urn:ioos:station:GOA_RUNOFF_DISCHARGE,urn:ioos:sensor:GOA_RUNOFF_DISCHARGE:q,58.069320239858385,-154.46915010358515,1998-02-07T00:00:00Z,16.61189207525958
urn:ioos:station:GOA_RUNOFF_DISCHARGE,urn:ioos:sensor:GOA_RUNOFF_DISCHARGE:q,58.069320239858385,-154.46915010358515,1998-02-08T00:00:00Z,13.701060734639952
urn:ioos:station:GOA_RUNOFF_DISCHARGE,urn:ioos:sensor:GOA_RUNOFF_DISCHARGE:q,58.069320239858385,-154.46915010358515,1998-02-09T00:00:00Z,14.43060116417252
urn:ioos:station:GOA_RUNOFF_DISCHARGE,urn:ioos:sensor:GOA_RUNOFF_DISCHARGE:q,58.069320239858385,-154.46915010358515,1998-02-10T00:00:00Z,9.72099306113602
urn:ioos:station:GOA_RUNOFF_DISCHARGE,urn:ioos:sensor:GOA_RUNOFF_DISCHARGE:q,58.069320239858385,-154.46915010358515,1998-02-11T00:00:00Z,6.773119896873064
urn:ioos:station:GOA_RUNOFF_DISCHARGE,urn:ioos:sensor:GOA_RUNOFF_DISCHARGE:q,58.069320239858385,-154.46915010358515,1998-02-12T00:00:00Z,5.054688913284608
urn:ioos:station:GOA_RUNOFF_DISCHARGE,urn:ioos:sensor:GOA_RUNOFF_DISCHARGE:q,58.069320239858385,-154.46915010358515,1998-02-13T00:00:00Z,3.3723191245892243
urn:ioos:station:GOA_RUNOFF_DISCHARGE,urn:ioos:sensor:GOA_RUNOFF_DISCHARGE:q,58.069320239858385,-154.46915010358515,1998-02-14T00:00:00Z,3.329220398925255
urn:ioos:station:GOA_RUNOFF_DISCHARGE,urn:ioos:sensor:GOA_RUNOFF_DISCHARGE:q,58.069320239858385,-154.46915010358515,1998-02-15T00:00:00Z,4.113000885970701
urn:ioos:station:GOA_RUNOFF_DISCHARGE,urn:ioos:sensor:GOA_RUNOFF_DISCHARGE:q,58.069320239858385,-154.46915010358515,1998-02-16T00:00:00Z,3.4585960365779034
urn:ioos:station:GOA_RUNOFF_DISCHARGE,urn:ioos:sensor:GOA_RUNOFF_DISCHARGE:q,58.069320239858385,-154.46915010358515,1998-02-17T00:00:00Z,3.574384164358798
urn:ioos:station:GOA_RUNOFF_DISCHARGE,urn:ioos:sensor:GOA_RUNOFF_DISCHARGE:q,58.069320239858385,-154.46915010358515,1998-02-18T00:00:00Z,4.243564486812888
urn:ioos:station:GOA_RUNOFF_DISCHARGE,urn:ioos:sensor:GOA_RUNOFF_DISCHARGE:q,58.069320239858385,-154.46915010358515,1998-02-19T00:00:00Z,5.116839779492209
urn:ioos:station:GOA_RUNOFF_DISCHARGE,urn:ioos:sensor:GOA_RUNOFF_DISCHARGE:q,58.069320239858385,-154.46915010358515,1998-02-20T00:00:00Z,4.344835783352051
urn:ioos:station:GOA_RUNOFF_DISCHARGE,urn:ioos:sensor:GOA_RUNOFF_DISCHARGE:q,58.069320239858385,-154.46915010358515,1998-02-21T00:00:00Z,4.017729921776485
urn:ioos:station:GOA_RUNOFF_DISCHARGE,urn:ioos:sensor:GOA_RUNOFF_DISCHARGE:q,58.069320239858385,-154.46915010358515,1998-02-22T00:00:00Z,2.890401531136807
urn:ioos:station:GOA_RUNOFF_DISCHARGE,urn:ioos:sensor:GOA_RUNOFF_DISCHARGE:q,58.069320239858385,-154.46915010358515,1998-02-23T00:00:00Z,3.957642401600414
urn:ioos:station:GOA_RUNOFF_DISCHARGE,urn:ioos:sensor:GOA_RUNOFF_DISCHARGE:q,58.069320239858385,-154.46915010358515,1998-02-24T00:00:00Z,3.988661001913752
urn:ioos:station:GOA_RUNOFF_DISCHARGE,urn:ioos:sensor:GOA_RUNOFF_DISCHARGE:q,58.069320239858385,-154.46915010358515,1998-02-25T00:00:00Z,3.2373546660929455
urn:ioos:station:GOA_RUNOFF_DISCHARGE,urn:ioos:sensor:GOA_RUNOFF_DISCHARGE:q,58.069320239858385,-154.46915010358515,1998-02-26T00:00:00Z,2.120544419967865
urn:ioos:station:GOA_RUNOFF_DISCHARGE,urn:ioos:sensor:GOA_RUNOFF_DISCHARGE:q,58.069320239858385,-154.46915010358515,1998-02-27T00:00:00Z,1.3777339285343477
urn:ioos:station:GOA_RUNOFF_DISCHARGE,urn:ioos:sensor:GOA_RUNOFF_DISCHARGE:q,58.069320239858385,-154.46915010358515,1998-02-28T00:00:00Z,1.058231952273527
urn:ioos:station:GOA_RUNOFF_DISCHARGE,urn:ioos:sensor:GOA_RUNOFF_DISCHARGE:q,58.069320239858385,-154.46915010358515,1998-03-01T00:00:00Z,0.7583045309334877
urn:ioos:station:GOA_RUNOFF_DISCHARGE,urn:ioos:sensor:GOA_RUNOFF_DISCHARGE:q,58.069320239858385,-154.46915010358515,1998-03-02T00:00:00Z,0.5376525704241589
urn:ioos:station:GOA_RUNOFF_DISCHARGE,urn:ioos:sensor:GOA_RUNOFF_DISCHARGE:q,58.069320239858385,-154.46915010358515,1998-03-03T00:00:00Z,0.3806407386137248
urn:ioos:station:GOA_RUNOFF_DISCHARGE,urn:ioos:sensor:GOA_RUNOFF_DISCHARGE:q,58.069320239858385,-154.46915010358515,1998-03-04T00:00:00Z,0.24611910227646996
urn:ioos:station:GOA_RUNOFF_DISCHARGE,urn:ioos:sensor:GOA_RUNOFF_DISCHARGE:q,58.069320239858385,-154.46915010358515,1998-03-05T00:00:00Z,0.17521435831492563
urn:ioos:station:GOA_RUNOFF_DISCHARGE,urn:ioos:sensor:GOA_RUNOFF_DISCHARGE:q,58.069320239858385,-154.46915010358515,1998-03-06T00:00:00Z,0.15339385571177375
urn:ioos:station:GOA_RUNOFF_DISCHARGE,urn:ioos:sensor:GOA_RUNOFF_DISCHARGE:q,58.069320239858385,-154.46915010358515,1998-03-07T00:00:00Z,2.7515356068211525
urn:ioos:station:GOA_RUNOFF_DISCHARGE,urn:ioos:sensor:GOA_RUNOFF_DISCHARGE:q,58.069320239858385,-154.46915010358515,1998-03-08T00:00:00Z,3.0079091139439775
urn:ioos:station:GOA_RUNOFF_DISCHARGE,urn:ioos:sensor:GOA_RUNOFF_DISCHARGE:q,58.069320239858385,-154.46915010358515,1998-03-09T00:00:00Z,2.1857208429233084
urn:ioos:station:GOA_RUNOFF_DISCHARGE,urn:ioos:sensor:GOA_RUNOFF_DISCHARGE:q,58.069320239858385,-154.46915010358515,1998-03-10T00:00:00Z,2.6438800934866484
urn:ioos:station:GOA_RUNOFF_DISCHARGE,urn:ioos:sensor:GOA_RUNOFF_DISCHARGE:q,58.069320239858385,-154.46915010358515,1998-03-11T00:00:00Z,1.9235105292855041
urn:ioos:station:GOA_RUNOFF_DISCHARGE,urn:ioos:sensor:GOA_RUNOFF_DISCHARGE:q,58.069320239858385,-154.46915010358515,1998-03-12T00:00:00Z,1.567286282270321
urn:ioos:station:GOA_RUNOFF_DISCHARGE,urn:ioos:sensor:GOA_RUNOFF_DISCHARGE:q,58.069320239858385,-154.46915010358515,1998-03-13T00:00:00Z,2.3779728857636586
urn:ioos:station:GOA_RUNOFF_DISCHARGE,urn:ioos:sensor:GOA_RUNOFF_DISCHARGE:q,58.069320239858385,-154.46915010358515,1998-03-14T00:00:00Z,3.2750184930541217
urn:ioos:station:GOA_RUNOFF_DISCHARGE,urn:ioos:sensor:GOA_RUNOFF_DISCHARGE:q,58.069320239858385,-154.46915010358515,1998-03-15T00:00:00Z,2.878802642701716
urn:ioos:station:GOA_RUNOFF_DISCHARGE,urn:ioos:sensor:GOA_RUNOFF_DISCHARGE:q,58.069320239858385,-154.46915010358515,1998-03-16T00:00:00Z,3.57392397662491
urn:ioos:station:GOA_RUNOFF_DISCHARGE,urn:ioos:sensor:GOA_RUNOFF_DISCHARGE:q,58.069320239858385,-154.46915010358515,1998-03-17T00:00:00Z,8.22026534371143
urn:ioos:station:GOA_RUNOFF_DISCHARGE,urn:ioos:sensor:GOA_RUNOFF_DISCHARGE:q,58.069320239858385,-154.46915010358515,1998-03-18T00:00:00Z,8.103566575709275
urn:ioos:station:GOA_RUNOFF_DISCHARGE,urn:ioos:sensor:GOA_RUNOFF_DISCHARGE:q,58.069320239858385,-154.46915010358515,1998-03-19T00:00:00Z,8.770529893105767
urn:ioos:station:GOA_RUNOFF_DISCHARGE,urn:ioos:sensor:GOA_RUNOFF_DISCHARGE:q,58.069320239858385,-154.46915010358515,1998-03-20T00:00:00Z,8.200235468680019
urn:ioos:station:GOA_RUNOFF_DISCHARGE,urn:ioos:sensor:GOA_RUNOFF_DISCHARGE:q,58.069320239858385,-154.46915010358515,1998-03-21T00:00:00Z,5.916969692157047
urn:ioos:station:GOA_RUNOFF_DISCHARGE,urn:ioos:sensor:GOA_RUNOFF_DISCHARGE:q,58.069320239858385,-154.46915010358515,1998-03-22T00:00:00Z,4.1987123643172275
urn:ioos:station:GOA_RUNOFF_DISCHARGE,urn:ioos:sensor:GOA_RUNOFF_DISCHARGE:q,58.069320239858385,-154.46915010358515,1998-03-23T00:00:00Z,2.9732082224152254
urn:ioos:station:GOA_RUNOFF_DISCHARGE,urn:ioos:sensor:GOA_RUNOFF_DISCHARGE:q,58.069320239858385,-154.46915010358515,1998-03-24T00:00:00Z,4.164372203139053
urn:ioos:station:GOA_RUNOFF_DISCHARGE,urn:ioos:sensor:GOA_RUNOFF_DISCHARGE:q,58.069320239858385,-154.46915010358515,1998-03-25T00:00:00Z,2.7800919791106358
urn:ioos:station:GOA_RUNOFF_DISCHARGE,urn:ioos:sensor:GOA_RUNOFF_DISCHARGE:q,58.069320239858385,-154.46915010358515,1998-03-26T00:00:00Z,1.8091586134802682
urn:ioos:station:GOA_RUNOFF_DISCHARGE,urn:ioos:sensor:GOA_RUNOFF_DISCHARGE:q,58.069320239858385,-154.46915010358515,1998-03-27T00:00:00Z,1.1747637739536974
urn:ioos:station:GOA_RUNOFF_DISCHARGE,urn:ioos:sensor:GOA_RUNOFF_DISCHARGE:q,58.069320239858385,-154.46915010358515,1998-03-28T00:00:00Z,3.2981752240200803
urn:ioos:station:GOA_RUNOFF_DISCHARGE,urn:ioos:sensor:GOA_RUNOFF_DISCHARGE:q,58.069320239858385,-154.46915010358515,1998-03-29T00:00:00Z,3.1108022499295
urn:ioos:station:GOA_RUNOFF_DISCHARGE,urn:ioos:sensor:GOA_RUNOFF_DISCHARGE:q,58.069320239858385,-154.46915010358515,1998-03-30T00:00:00Z,2.244684994586038
urn:ioos:station:GOA_RUNOFF_DISCHARGE,urn:ioos:sensor:GOA_RUNOFF_DISCHARGE:q,58.069320239858385,-154.46915010358515,1998-03-31T00:00:00Z,4.02461221483269
urn:ioos:station:GOA_RUNOFF_DISCHARGE,urn:ioos:sensor:GOA_RUNOFF_DISCHARGE:q,58.069320239858385,-154.46915010358515,1998-04-01T00:00:00Z,3.192951417396034
urn:ioos:station:GOA_RUNOFF_DISCHARGE,urn:ioos:sensor:GOA_RUNOFF_DISCHARGE:q,58.069320239858385,-154.46915010358515,1998-04-02T00:00:00Z,3.5837392100296834
urn:ioos:station:GOA_RUNOFF_DISCHARGE,urn:ioos:sensor:GOA_RUNOFF_DISCHARGE:q,58.069320239858385,-154.46915010358515,1998-04-03T00:00:00Z,4.938156960047052
urn:ioos:station:GOA_RUNOFF_DISCHARGE,urn:ioos:sensor:GOA_RUNOFF_DISCHARGE:q,58.069320239858385,-154.46915010358515,1998-04-04T00:00:00Z,4.667202947907994
urn:ioos:station:GOA_RUNOFF_DISCHARGE,urn:ioos:sensor:GOA_RUNOFF_DISCHARGE:q,58.069320239858385,-154.46915010358515,1998-04-05T00:00:00Z,4.6643307870714485
urn:ioos:station:GOA_RUNOFF_DISCHARGE,urn:ioos:sensor:GOA_RUNOFF_DISCHARGE:q,58.069320239858385,-154.46915010358515,1998-04-06T00:00:00Z,4.388862777926915
urn:ioos:station:GOA_RUNOFF_DISCHARGE,urn:ioos:sensor:GOA_RUNOFF_DISCHARGE:q,58.069320239858385,-154.46915010358515,1998-04-07T00:00:00Z,3.165484603371862
urn:ioos:station:GOA_RUNOFF_DISCHARGE,urn:ioos:sensor:GOA_RUNOFF_DISCHARGE:q,58.069320239858385,-154.46915010358515,1998-04-08T00:00:00Z,2.246414447973599
urn:ioos:station:GOA_RUNOFF_DISCHARGE,urn:ioos:sensor:GOA_RUNOFF_DISCHARGE:q,58.069320239858385,-154.46915010358515,1998-04-09T00:00:00Z,1.62225556237009
urn:ioos:station:GOA_RUNOFF_DISCHARGE,urn:ioos:sensor:GOA_RUNOFF_DISCHARGE:q,58.069320239858385,-154.46915010358515,1998-04-10T00:00:00Z,4.797210061010232
urn:ioos:station:GOA_RUNOFF_DISCHARGE,urn:ioos:sensor:GOA_RUNOFF_DISCHARGE:q,58.069320239858385,-154.46915010358515,1998-04-11T00:00:00Z,3.568142292654384
urn:ioos:station:GOA_RUNOFF_DISCHARGE,urn:ioos:sensor:GOA_RUNOFF_DISCHARGE:q,58.069320239858385,-154.46915010358515,1998-04-12T00:00:00Z,2.542760877284929
urn:ioos:station:GOA_RUNOFF_DISCHARGE,urn:ioos:sensor:GOA_RUNOFF_DISCHARGE:q,58.069320239858385,-154.46915010358515,1998-04-13T00:00:00Z,3.3914654602207537
urn:ioos:station:GOA_RUNOFF_DISCHARGE,urn:ioos:sensor:GOA_RUNOFF_DISCHARGE:q,58.069320239858385,-154.46915010358515,1998-04-14T00:00:00Z,4.3054730243167105
urn:ioos:station:GOA_RUNOFF_DISCHARGE,urn:ioos:sensor:GOA_RUNOFF_DISCHARGE:q,58.069320239858385,-154.46915010358515,1998-04-15T00:00:00Z,3.1414738018603345
urn:ioos:station:GOA_RUNOFF_DISCHARGE,urn:ioos:sensor:GOA_RUNOFF_DISCHARGE:q,58.069320239858385,-154.46915010358515,1998-04-16T00:00:00Z,2.2329158708943284
urn:ioos:station:GOA_RUNOFF_DISCHARGE,urn:ioos:sensor:GOA_RUNOFF_DISCHARGE:q,58.069320239858385,-154.46915010358515,1998-04-17T00:00:00Z,3.951712847128776
urn:ioos:station:GOA_RUNOFF_DISCHARGE,urn:ioos:sensor:GOA_RUNOFF_DISCHARGE:q,58.069320239858385,-154.46915010358515,1998-04-18T00:00:00Z,3.0734423205284385
urn:ioos:station:GOA_RUNOFF_DISCHARGE,urn:ioos:sensor:GOA_RUNOFF_DISCHARGE:q,58.069320239858385,-154.46915010358515,1998-04-19T00:00:00Z,2.1943433770726712
urn:ioos:station:GOA_RUNOFF_DISCHARGE,urn:ioos:sensor:GOA_RUNOFF_DISCHARGE:q,58.069320239858385,-154.46915010358515,1998-04-20T00:00:00Z,1.5550413155158698
urn:ioos:station:GOA_RUNOFF_DISCHARGE,urn:ioos:sensor:GOA_RUNOFF_DISCHARGE:q,58.069320239858385,-154.46915010358515,1998-04-21T00:00:00Z,1.100840560898446
urn:ioos:station:GOA_RUNOFF_DISCHARGE,urn:ioos:sensor:GOA_RUNOFF_DISCHARGE:q,58.069320239858385,-154.46915010358515,1998-04-22T00:00:00Z,0.7791890027400097
urn:ioos:station:GOA_RUNOFF_DISCHARGE,urn:ioos:sensor:GOA_RUNOFF_DISCHARGE:q,58.069320239858385,-154.46915010358515,1998-04-23T00:00:00Z,0.5515084244726418
urn:ioos:station:GOA_RUNOFF_DISCHARGE,urn:ioos:sensor:GOA_RUNOFF_DISCHARGE:q,58.069320239858385,-154.46915010358515,1998-04-24T00:00:00Z,0.39035539639741285
urn:ioos:station:GOA_RUNOFF_DISCHARGE,urn:ioos:sensor:GOA_RUNOFF_DISCHARGE:q,58.069320239858385,-154.46915010358515,1998-04-25T00:00:00Z,0.2762917886021296
urn:ioos:station:GOA_RUNOFF_DISCHARGE,urn:ioos:sensor:GOA_RUNOFF_DISCHARGE:q,58.069320239858385,-154.46915010358515,1998-04-26T00:00:00Z,0.1955581292677373
urn:ioos:station:GOA_RUNOFF_DISCHARGE,urn:ioos:sensor:GOA_RUNOFF_DISCHARGE:q,58.069320239858385,-154.46915010358515,1998-04-27T00:00:00Z,0.8338378090491123
urn:ioos:station:GOA_RUNOFF_DISCHARGE,urn:ioos:sensor:GOA_RUNOFF_DISCHARGE:q,58.069320239858385,-154.46915010358515,1998-04-28T00:00:00Z,0.5696240079901027
urn:ioos:station:GOA_RUNOFF_DISCHARGE,urn:ioos:sensor:GOA_RUNOFF_DISCHARGE:q,58.069320239858385,-154.46915010358515,1998-04-29T00:00:00Z,0.39129261121051073
urn:ioos:station:GOA_RUNOFF_DISCHARGE,urn:ioos:sensor:GOA_RUNOFF_DISCHARGE:q,58.069320239858385,-154.46915010358515,1998-04-30T00:00:00Z,1.6484836320539857
urn:ioos:station:GOA_RUNOFF_DISCHARGE,urn:ioos:sensor:GOA_RUNOFF_DISCHARGE:q,58.069320239858385,-154.46915010358515,1998-05-01T00:00:00Z,1.649194831279085
urn:ioos:station:GOA_RUNOFF_DISCHARGE,urn:ioos:sensor:GOA_RUNOFF_DISCHARGE:q,58.069320239858385,-154.46915010358515,1998-05-02T00:00:00Z,1.193529514069464
urn:ioos:station:GOA_RUNOFF_DISCHARGE,urn:ioos:sensor:GOA_RUNOFF_DISCHARGE:q,58.069320239858385,-154.46915010358515,1998-05-03T00:00:00Z,0.8473947976074695
urn:ioos:station:GOA_RUNOFF_DISCHARGE,urn:ioos:sensor:GOA_RUNOFF_DISCHARGE:q,58.069320239858385,-154.46915010358515,1998-05-04T00:00:00Z,0.6000438906427993
urn:ioos:station:GOA_RUNOFF_DISCHARGE,urn:ioos:sensor:GOA_RUNOFF_DISCHARGE:q,58.069320239858385,-154.46915010358515,1998-05-05T00:00:00Z,2.3126370152571942
urn:ioos:station:GOA_RUNOFF_DISCHARGE,urn:ioos:sensor:GOA_RUNOFF_DISCHARGE:q,58.069320239858385,-154.46915010358515,1998-05-06T00:00:00Z,1.7261847127650942
urn:ioos:station:GOA_RUNOFF_DISCHARGE,urn:ioos:sensor:GOA_RUNOFF_DISCHARGE:q,58.069320239858385,-154.46915010358515,1998-05-07T00:00:00Z,1.2307043422293649
urn:ioos:station:GOA_RUNOFF_DISCHARGE,urn:ioos:sensor:GOA_RUNOFF_DISCHARGE:q,58.069320239858385,-154.46915010358515,1998-05-08T00:00:00Z,4.791047386851788
urn:ioos:station:GOA_RUNOFF_DISCHARGE,urn:ioos:sensor:GOA_RUNOFF_DISCHARGE:q,58.069320239858385,-154.46915010358515,1998-05-09T00:00:00Z,4.474115647228178
urn:ioos:station:GOA_RUNOFF_DISCHARGE,urn:ioos:sensor:GOA_RUNOFF_DISCHARGE:q,58.069320239858385,-154.46915010358515,1998-05-10T00:00:00Z,3.227740189258187
urn:ioos:station:GOA_RUNOFF_DISCHARGE,urn:ioos:sensor:GOA_RUNOFF_DISCHARGE:q,58.069320239858385,-154.46915010358515,1998-05-11T00:00:00Z,2.290669826169398
urn:ioos:station:GOA_RUNOFF_DISCHARGE,urn:ioos:sensor:GOA_RUNOFF_DISCHARGE:q,58.069320239858385,-154.46915010358515,1998-05-12T00:00:00Z,1.6219340361203411
urn:ioos:station:GOA_RUNOFF_DISCHARGE,urn:ioos:sensor:GOA_RUNOFF_DISCHARGE:q,58.069320239858385,-154.46915010358515,1998-05-13T00:00:00Z,1.148058414075821
urn:ioos:station:GOA_RUNOFF_DISCHARGE,urn:ioos:sensor:GOA_RUNOFF_DISCHARGE:q,58.069320239858385,-154.46915010358515,1998-05-14T00:00:00Z,0.8125967509496507
urn:ioos:station:GOA_RUNOFF_DISCHARGE,urn:ioos:sensor:GOA_RUNOFF_DISCHARGE:q,58.069320239858385,-154.46915010358515,1998-05-15T00:00:00Z,2.417332750536522
urn:ioos:station:GOA_RUNOFF_DISCHARGE,urn:ioos:sensor:GOA_RUNOFF_DISCHARGE:q,58.069320239858385,-154.46915010358515,1998-05-16T00:00:00Z,1.7981223959822379
urn:ioos:station:GOA_RUNOFF_DISCHARGE,urn:ioos:sensor:GOA_RUNOFF_DISCHARGE:q,58.069320239858385,-154.46915010358515,1998-05-17T00:00:00Z,1.6135876409227878
urn:ioos:station:GOA_RUNOFF_DISCHARGE,urn:ioos:sensor:GOA_RUNOFF_DISCHARGE:q,58.069320239858385,-154.46915010358515,1998-05-18T00:00:00Z,3.9427072178733296
urn:ioos:station:GOA_RUNOFF_DISCHARGE,urn:ioos:sensor:GOA_RUNOFF_DISCHARGE:q,58.069320239858385,-154.46915010358515,1998-05-19T00:00:00Z,2.923986289808411
urn:ioos:station:GOA_RUNOFF_DISCHARGE,urn:ioos:sensor:GOA_RUNOFF_DISCHARGE:q,58.069320239858385,-154.46915010358515,1998-05-20T00:00:00Z,2.082901379073571
urn:ioos:station:GOA_RUNOFF_DISCHARGE,urn:ioos:sensor:GOA_RUNOFF_DISCHARGE:q,58.069320239858385,-154.46915010358515,1998-05-21T00:00:00Z,2.0483884830484573
urn:ioos:station:GOA_RUNOFF_DISCHARGE,urn:ioos:sensor:GOA_RUNOFF_DISCHARGE:q,58.069320239858385,-154.46915010358515,1998-05-22T00:00:00Z,1.7400816456071466
urn:ioos:station:GOA_RUNOFF_DISCHARGE,urn:ioos:sensor:GOA_RUNOFF_DISCHARGE:q,58.069320239858385,-154.46915010358515,1998-05-23T00:00:00Z,1.2467828911923609
urn:ioos:station:GOA_RUNOFF_DISCHARGE,urn:ioos:sensor:GOA_RUNOFF_DISCHARGE:q,58.069320239858385,-154.46915010358515,1998-05-24T00:00:00Z,0.8839814326975556
urn:ioos:station:GOA_RUNOFF_DISCHARGE,urn:ioos:sensor:GOA_RUNOFF_DISCHARGE:q,58.069320239858385,-154.46915010358515,1998-05-25T00:00:00Z,0.6258293355037489
urn:ioos:station:GOA_RUNOFF_DISCHARGE,urn:ioos:sensor:GOA_RUNOFF_DISCHARGE:q,58.069320239858385,-154.46915010358515,1998-05-26T00:00:00Z,0.536180805065115
urn:ioos:station:GOA_RUNOFF_DISCHARGE,urn:ioos:sensor:GOA_RUNOFF_DISCHARGE:q,58.069320239858385,-154.46915010358515,1998-05-27T00:00:00Z,3.3749258026221725
urn:ioos:station:GOA_RUNOFF_DISCHARGE,urn:ioos:sensor:GOA_RUNOFF_DISCHARGE:q,58.069320239858385,-154.46915010358515,1998-05-28T00:00:00Z,2.5306883822626465
urn:ioos:station:GOA_RUNOFF_DISCHARGE,urn:ioos:sensor:GOA_RUNOFF_DISCHARGE:q,58.069320239858385,-154.46915010358515,1998-05-29T00:00:00Z,3.2301347967859817
urn:ioos:station:GOA_RUNOFF_DISCHARGE,urn:ioos:sensor:GOA_RUNOFF_DISCHARGE:q,58.069320239858385,-154.46915010358515,1998-05-30T00:00:00Z,4.8175746180299255
urn:ioos:station:GOA_RUNOFF_DISCHARGE,urn:ioos:sensor:GOA_RUNOFF_DISCHARGE:q,58.069320239858385,-154.46915010358515,1998-05-31T00:00:00Z,3.533218279800111
urn:ioos:station:GOA_RUNOFF_DISCHARGE,urn:ioos:sensor:GOA_RUNOFF_DISCHARGE:q,58.069320239858385,-154.46915010358515,1998-06-01T00:00:00Z,4.069258844692463
urn:ioos:station:GOA_RUNOFF_DISCHARGE,urn:ioos:sensor:GOA_RUNOFF_DISCHARGE:q,58.069320239858385,-154.46915010358515,1998-06-02T00:00:00Z,2.9550472515998254
urn:ioos:station:GOA_RUNOFF_DISCHARGE,urn:ioos:sensor:GOA_RUNOFF_DISCHARGE:q,58.069320239858385,-154.46915010358515,1998-06-03T00:00:00Z,2.327039654688459
urn:ioos:station:GOA_RUNOFF_DISCHARGE,urn:ioos:sensor:GOA_RUNOFF_DISCHARGE:q,58.069320239858385,-154.46915010358515,1998-06-04T00:00:00Z,1.6824939788671351
urn:ioos:station:GOA_RUNOFF_DISCHARGE,urn:ioos:sensor:GOA_RUNOFF_DISCHARGE:q,58.069320239858385,-154.46915010358515,1998-06-05T00:00:00Z,2.5108042728141813
urn:ioos:station:GOA_RUNOFF_DISCHARGE,urn:ioos:sensor:GOA_RUNOFF_DISCHARGE:q,58.069320239858385,-154.46915010358515,1998-06-06T00:00:00Z,1.8396963715502213
urn:ioos:station:GOA_RUNOFF_DISCHARGE,urn:ioos:sensor:GOA_RUNOFF_DISCHARGE:q,58.069320239858385,-154.46915010358515,1998-06-07T00:00:00Z,4.617226928368463
urn:ioos:station:GOA_RUNOFF_DISCHARGE,urn:ioos:sensor:GOA_RUNOFF_DISCHARGE:q,58.069320239858385,-154.46915010358515,1998-06-08T00:00:00Z,5.344369856110758
urn:ioos:station:GOA_RUNOFF_DISCHARGE,urn:ioos:sensor:GOA_RUNOFF_DISCHARGE:q,58.069320239858385,-154.46915010358515,1998-06-09T00:00:00Z,3.889200724341056
urn:ioos:station:GOA_RUNOFF_DISCHARGE,urn:ioos:sensor:GOA_RUNOFF_DISCHARGE:q,58.069320239858385,-154.46915010358515,1998-06-10T00:00:00Z,2.7633920846167217
urn:ioos:station:GOA_RUNOFF_DISCHARGE,urn:ioos:sensor:GOA_RUNOFF_DISCHARGE:q,58.069320239858385,-154.46915010358515,1998-06-11T00:00:00Z,2.9283463646730503
urn:ioos:station:GOA_RUNOFF_DISCHARGE,urn:ioos:sensor:GOA_RUNOFF_DISCHARGE:q,58.069320239858385,-154.46915010358515,1998-06-12T00:00:00Z,2.1187277440338295
urn:ioos:station:GOA_RUNOFF_DISCHARGE,urn:ioos:sensor:GOA_RUNOFF_DISCHARGE:q,58.069320239858385,-154.46915010358515,1998-06-13T00:00:00Z,1.504225302071
urn:ioos:station:GOA_RUNOFF_DISCHARGE,urn:ioos:sensor:GOA_RUNOFF_DISCHARGE:q,58.069320239858385,-154.46915010358515,1998-06-14T00:00:00Z,1.0651431221758119
urn:ioos:station:GOA_RUNOFF_DISCHARGE,urn:ioos:sensor:GOA_RUNOFF_DISCHARGE:q,58.069320239858385,-154.46915010358515,1998-06-15T00:00:00Z,0.753949455249491
urn:ioos:station:GOA_RUNOFF_DISCHARGE,urn:ioos:sensor:GOA_RUNOFF_DISCHARGE:q,58.069320239858385,-154.46915010358515,1998-06-16T00:00:00Z,0.5336466809301771
urn:ioos:station:GOA_RUNOFF_DISCHARGE,urn:ioos:sensor:GOA_RUNOFF_DISCHARGE:q,58.069320239858385,-154.46915010358515,1998-06-17T00:00:00Z,0.3777131921179546
urn:ioos:station:GOA_RUNOFF_DISCHARGE,urn:ioos:sensor:GOA_RUNOFF_DISCHARGE:q,58.069320239858385,-154.46915010358515,1998-06-18T00:00:00Z,0.7182211005413042
urn:ioos:station:GOA_RUNOFF_DISCHARGE,urn:ioos:sensor:GOA_RUNOFF_DISCHARGE:q,58.069320239858385,-154.46915010358515,1998-06-19T00:00:00Z,0.958077906829288
urn:ioos:station:GOA_RUNOFF_DISCHARGE,urn:ioos:sensor:GOA_RUNOFF_DISCHARGE:q,58.069320239858385,-154.46915010358515,1998-06-20T00:00:00Z,0.8048135529186994
urn:ioos:station:GOA_RUNOFF_DISCHARGE,urn:ioos:sensor:GOA_RUNOFF_DISCHARGE:q,58.069320239858385,-154.46915010358515,1998-06-21T00:00:00Z,0.5768136190984406
urn:ioos:station:GOA_RUNOFF_DISCHARGE,urn:ioos:sensor:GOA_RUNOFF_DISCHARGE:q,58.069320239858385,-154.46915010358515,1998-06-22T00:00:00Z,0.4089820803568846
urn:ioos:station:GOA_RUNOFF_DISCHARGE,urn:ioos:sensor:GOA_RUNOFF_DISCHARGE:q,58.069320239858385,-154.46915010358515,1998-06-23T00:00:00Z,0.8154743714176879
urn:ioos:station:GOA_RUNOFF_DISCHARGE,urn:ioos:sensor:GOA_RUNOFF_DISCHARGE:q,58.069320239858385,-154.46915010358515,1998-06-24T00:00:00Z,0.6020754655657728
urn:ioos:station:GOA_RUNOFF_DISCHARGE,urn:ioos:sensor:GOA_RUNOFF_DISCHARGE:q,58.069320239858385,-154.46915010358515,1998-06-25T00:00:00Z,0.42863142565122675
urn:ioos:station:GOA_RUNOFF_DISCHARGE,urn:ioos:sensor:GOA_RUNOFF_DISCHARGE:q,58.069320239858385,-154.46915010358515,1998-06-26T00:00:00Z,0.303631616860111
urn:ioos:station:GOA_RUNOFF_DISCHARGE,urn:ioos:sensor:GOA_RUNOFF_DISCHARGE:q,58.069320239858385,-154.46915010358515,1998-06-27T00:00:00Z,0.21493388453461046
urn:ioos:station:GOA_RUNOFF_DISCHARGE,urn:ioos:sensor:GOA_RUNOFF_DISCHARGE:q,58.069320239858385,-154.46915010358515,1998-06-28T00:00:00Z,0.15213172704625466
urn:ioos:station:GOA_RUNOFF_DISCHARGE,urn:ioos:sensor:GOA_RUNOFF_DISCHARGE:q,58.069320239858385,-154.46915010358515,1998-06-29T00:00:00Z,0.10767840431955161
urn:ioos:station:GOA_RUNOFF_DISCHARGE,urn:ioos:sensor:GOA_RUNOFF_DISCHARGE:q,58.069320239858385,-154.46915010358515,1998-06-30T00:00:00Z,0.22215182981481402
urn:ioos:station:GOA_RUNOFF_DISCHARGE,urn:ioos:sensor:GOA_RUNOFF_DISCHARGE:q,58.069320239858385,-154.46915010358515,1998-07-01T00:00:00Z,0.16414169942115858
urn:ioos:station:GOA_RUNOFF_DISCHARGE,urn:ioos:sensor:GOA_RUNOFF_DISCHARGE:q,58.069320239858385,-154.46915010358515,1998-07-02T00:00:00Z,1.699075208599481
urn:ioos:station:GOA_RUNOFF_DISCHARGE,urn:ioos:sensor:GOA_RUNOFF_DISCHARGE:q,58.069320239858385,-154.46915010358515,1998-07-03T00:00:00Z,1.2775135123892092
urn:ioos:station:GOA_RUNOFF_DISCHARGE,urn:ioos:sensor:GOA_RUNOFF_DISCHARGE:q,58.069320239858385,-154.46915010358515,1998-07-04T00:00:00Z,0.9116993897703246
urn:ioos:station:GOA_RUNOFF_DISCHARGE,urn:ioos:sensor:GOA_RUNOFF_DISCHARGE:q,58.069320239858385,-154.46915010358515,1998-07-05T00:00:00Z,1.3217799414053766
urn:ioos:station:GOA_RUNOFF_DISCHARGE,urn:ioos:sensor:GOA_RUNOFF_DISCHARGE:q,58.069320239858385,-154.46915010358515,1998-07-06T00:00:00Z,0.9675904924691077
urn:ioos:station:GOA_RUNOFF_DISCHARGE,urn:ioos:sensor:GOA_RUNOFF_DISCHARGE:q,58.069320239858385,-154.46915010358515,1998-07-07T00:00:00Z,0.6880557814292231
urn:ioos:station:GOA_RUNOFF_DISCHARGE,urn:ioos:sensor:GOA_RUNOFF_DISCHARGE:q,58.069320239858385,-154.46915010358515,1998-07-08T00:00:00Z,0.48732233262462366
urn:ioos:station:GOA_RUNOFF_DISCHARGE,urn:ioos:sensor:GOA_RUNOFF_DISCHARGE:q,58.069320239858385,-154.46915010358515,1998-07-09T00:00:00Z,0.3449564556296239
urn:ioos:station:GOA_RUNOFF_DISCHARGE,urn:ioos:sensor:GOA_RUNOFF_DISCHARGE:q,58.069320239858385,-154.46915010358515,1998-07-10T00:00:00Z,0.5212057923396215
urn:ioos:station:GOA_RUNOFF_DISCHARGE,urn:ioos:sensor:GOA_RUNOFF_DISCHARGE:q,58.069320239858385,-154.46915010358515,1998-07-11T00:00:00Z,0.3820131123681513
urn:ioos:station:GOA_RUNOFF_DISCHARGE,urn:ioos:sensor:GOA_RUNOFF_DISCHARGE:q,58.069320239858385,-154.46915010358515,1998-07-12T00:00:00Z,0.2716959300136309
urn:ioos:station:GOA_RUNOFF_DISCHARGE,urn:ioos:sensor:GOA_RUNOFF_DISCHARGE:q,58.069320239858385,-154.46915010358515,1998-07-13T00:00:00Z,0.19243586139700403
urn:ioos:station:GOA_RUNOFF_DISCHARGE,urn:ioos:sensor:GOA_RUNOFF_DISCHARGE:q,58.069320239858385,-154.46915010358515,1998-07-14T00:00:00Z,0.13621829082418557
urn:ioos:station:GOA_RUNOFF_DISCHARGE,urn:ioos:sensor:GOA_RUNOFF_DISCHARGE:q,58.069320239858385,-154.46915010358515,1998-07-15T00:00:00Z,0.09641600678679098
urn:ioos:station:GOA_RUNOFF_DISCHARGE,urn:ioos:sensor:GOA_RUNOFF_DISCHARGE:q,58.069320239858385,-154.46915010358515,1998-07-16T00:00:00Z,0.06824295571764756
urn:ioos:station:GOA_RUNOFF_DISCHARGE,urn:ioos:sensor:GOA_RUNOFF_DISCHARGE:q,58.069320239858385,-154.46915010358515,1998-07-17T00:00:00Z,0.048302071035075424
urn:ioos:station:GOA_RUNOFF_DISCHARGE,urn:ioos:sensor:GOA_RUNOFF_DISCHARGE:q,58.069320239858385,-154.46915010358515,1998-07-18T00:00:00Z,0.03418799450619761
urn:ioos:station:GOA_RUNOFF_DISCHARGE,urn:ioos:sensor:GOA_RUNOFF_DISCHARGE:q,58.069320239858385,-154.46915010358515,1998-07-19T00:00:00Z,0.0241981104500606
urn:ioos:station:GOA_RUNOFF_DISCHARGE,urn:ioos:sensor:GOA_RUNOFF_DISCHARGE:q,58.069320239858385,-154.46915010358515,1998-07-20T00:00:00Z,2.8190348069719997
urn:ioos:station:GOA_RUNOFF_DISCHARGE,urn:ioos:sensor:GOA_RUNOFF_DISCHARGE:q,58.069320239858385,-154.46915010358515,1998-07-21T00:00:00Z,4.109023379982604
urn:ioos:station:GOA_RUNOFF_DISCHARGE,urn:ioos:sensor:GOA_RUNOFF_DISCHARGE:q,58.069320239858385,-154.46915010358515,1998-07-22T00:00:00Z,3.015304480802973
urn:ioos:station:GOA_RUNOFF_DISCHARGE,urn:ioos:sensor:GOA_RUNOFF_DISCHARGE:q,58.069320239858385,-154.46915010358515,1998-07-23T00:00:00Z,2.144899770271574
urn:ioos:station:GOA_RUNOFF_DISCHARGE,urn:ioos:sensor:GOA_RUNOFF_DISCHARGE:q,58.069320239858385,-154.46915010358515,1998-07-24T00:00:00Z,1.739224812356486
urn:ioos:station:GOA_RUNOFF_DISCHARGE,urn:ioos:sensor:GOA_RUNOFF_DISCHARGE:q,58.069320239858385,-154.46915010358515,1998-07-25T00:00:00Z,1.6588887687745832
urn:ioos:station:GOA_RUNOFF_DISCHARGE,urn:ioos:sensor:GOA_RUNOFF_DISCHARGE:q,58.069320239858385,-154.46915010358515,1998-07-26T00:00:00Z,1.1949473080111759
urn:ioos:station:GOA_RUNOFF_DISCHARGE,urn:ioos:sensor:GOA_RUNOFF_DISCHARGE:q,58.069320239858385,-154.46915010358515,1998-07-27T00:00:00Z,0.8478547880052792
urn:ioos:station:GOA_RUNOFF_DISCHARGE,urn:ioos:sensor:GOA_RUNOFF_DISCHARGE:q,58.069320239858385,-154.46915010358515,1998-07-28T00:00:00Z,0.6003151619713517
urn:ioos:station:GOA_RUNOFF_DISCHARGE,urn:ioos:sensor:GOA_RUNOFF_DISCHARGE:q,58.069320239858385,-154.46915010358515,1998-07-29T00:00:00Z,0.4249211456020835
urn:ioos:station:GOA_RUNOFF_DISCHARGE,urn:ioos:sensor:GOA_RUNOFF_DISCHARGE:q,58.069320239858385,-154.46915010358515,1998-07-30T00:00:00Z,0.3007593573555261
urn:ioos:station:GOA_RUNOFF_DISCHARGE,urn:ioos:sensor:GOA_RUNOFF_DISCHARGE:q,58.069320239858385,-154.46915010358515,1998-07-31T00:00:00Z,0.2128763599173803
urn:ioos:station:GOA_RUNOFF_DISCHARGE,urn:ioos:sensor:GOA_RUNOFF_DISCHARGE:q,58.069320239858385,-154.46915010358515,1998-08-01T00:00:00Z,0.15067295297901212
urn:ioos:station:GOA_RUNOFF_DISCHARGE,urn:ioos:sensor:GOA_RUNOFF_DISCHARGE:q,58.069320239858385,-154.46915010358515,1998-08-02T00:00:00Z,0.10664565417769369
urn:ioos:station:GOA_RUNOFF_DISCHARGE,urn:ioos:sensor:GOA_RUNOFF_DISCHARGE:q,58.069320239858385,-154.46915010358515,1998-08-03T00:00:00Z,0.07548331919854519
urn:ioos:station:GOA_RUNOFF_DISCHARGE,urn:ioos:sensor:GOA_RUNOFF_DISCHARGE:q,58.069320239858385,-154.46915010358515,1998-08-04T00:00:00Z,1.182743518718333
urn:ioos:station:GOA_RUNOFF_DISCHARGE,urn:ioos:sensor:GOA_RUNOFF_DISCHARGE:q,58.069320239858385,-154.46915010358515,1998-08-05T00:00:00Z,2.582365175679737
urn:ioos:station:GOA_RUNOFF_DISCHARGE,urn:ioos:sensor:GOA_RUNOFF_DISCHARGE:q,58.069320239858385,-154.46915010358515,1998-08-06T00:00:00Z,1.9131523585514698
urn:ioos:station:GOA_RUNOFF_DISCHARGE,urn:ioos:sensor:GOA_RUNOFF_DISCHARGE:q,58.069320239858385,-154.46915010358515,1998-08-07T00:00:00Z,1.3626453488959673
urn:ioos:station:GOA_RUNOFF_DISCHARGE,urn:ioos:sensor:GOA_RUNOFF_DISCHARGE:q,58.069320239858385,-154.46915010358515,1998-08-08T00:00:00Z,0.9653256005232496
urn:ioos:station:GOA_RUNOFF_DISCHARGE,urn:ioos:sensor:GOA_RUNOFF_DISCHARGE:q,58.069320239858385,-154.46915010358515,1998-08-09T00:00:00Z,0.6833381335912543
urn:ioos:station:GOA_RUNOFF_DISCHARGE,urn:ioos:sensor:GOA_RUNOFF_DISCHARGE:q,58.069320239858385,-154.46915010358515,1998-08-10T00:00:00Z,0.483672207189923
urn:ioos:station:GOA_RUNOFF_DISCHARGE,urn:ioos:sensor:GOA_RUNOFF_DISCHARGE:q,58.069320239858385,-154.46915010358515,1998-08-11T00:00:00Z,0.3423418841535561
urn:ioos:station:GOA_RUNOFF_DISCHARGE,urn:ioos:sensor:GOA_RUNOFF_DISCHARGE:q,58.069320239858385,-154.46915010358515,1998-08-12T00:00:00Z,0.2423081479382022
urn:ioos:station:GOA_RUNOFF_DISCHARGE,urn:ioos:sensor:GOA_RUNOFF_DISCHARGE:q,58.069320239858385,-154.46915010358515,1998-08-13T00:00:00Z,0.17150463738467006
urn:ioos:station:GOA_RUNOFF_DISCHARGE,urn:ioos:sensor:GOA_RUNOFF_DISCHARGE:q,58.069320239858385,-154.46915010358515,1998-08-14T00:00:00Z,0.1213902276981068
urn:ioos:station:GOA_RUNOFF_DISCHARGE,urn:ioos:sensor:GOA_RUNOFF_DISCHARGE:q,58.069320239858385,-154.46915010358515,1998-08-15T00:00:00Z,0.08591945412806146
urn:ioos:station:GOA_RUNOFF_DISCHARGE,urn:ioos:sensor:GOA_RUNOFF_DISCHARGE:q,58.069320239858385,-154.46915010358515,1998-08-16T00:00:00Z,0.12438740094006345
urn:ioos:station:GOA_RUNOFF_DISCHARGE,urn:ioos:sensor:GOA_RUNOFF_DISCHARGE:q,58.069320239858385,-154.46915010358515,1998-08-17T00:00:00Z,0.09104823523986277
urn:ioos:station:GOA_RUNOFF_DISCHARGE,urn:ioos:sensor:GOA_RUNOFF_DISCHARGE:q,58.069320239858385,-154.46915010358515,1998-08-18T00:00:00Z,0.0647438540501386
urn:ioos:station:GOA_RUNOFF_DISCHARGE,urn:ioos:sensor:GOA_RUNOFF_DISCHARGE:q,58.069320239858385,-154.46915010358515,1998-08-19T00:00:00Z,0.04585540378320453
urn:ioos:station:GOA_RUNOFF_DISCHARGE,urn:ioos:sensor:GOA_RUNOFF_DISCHARGE:q,58.069320239858385,-154.46915010358515,1998-08-20T00:00:00Z,2.5741891472961873
urn:ioos:station:GOA_RUNOFF_DISCHARGE,urn:ioos:sensor:GOA_RUNOFF_DISCHARGE:q,58.069320239858385,-154.46915010358515,1998-08-21T00:00:00Z,1.9422374599725982
urn:ioos:station:GOA_RUNOFF_DISCHARGE,urn:ioos:sensor:GOA_RUNOFF_DISCHARGE:q,58.069320239858385,-154.46915010358515,1998-08-22T00:00:00Z,1.386713904099655
urn:ioos:station:GOA_RUNOFF_DISCHARGE,urn:ioos:sensor:GOA_RUNOFF_DISCHARGE:q,58.069320239858385,-154.46915010358515,1998-08-23T00:00:00Z,4.526072394761253
urn:ioos:station:GOA_RUNOFF_DISCHARGE,urn:ioos:sensor:GOA_RUNOFF_DISCHARGE:q,58.069320239858385,-154.46915010358515,1998-08-24T00:00:00Z,3.3712737696053847
urn:ioos:station:GOA_RUNOFF_DISCHARGE,urn:ioos:sensor:GOA_RUNOFF_DISCHARGE:q,58.069320239858385,-154.46915010358515,1998-08-25T00:00:00Z,2.8895637737070192
urn:ioos:station:GOA_RUNOFF_DISCHARGE,urn:ioos:sensor:GOA_RUNOFF_DISCHARGE:q,58.069320239858385,-154.46915010358515,1998-08-26T00:00:00Z,2.069913639321541
urn:ioos:station:GOA_RUNOFF_DISCHARGE,urn:ioos:sensor:GOA_RUNOFF_DISCHARGE:q,58.069320239858385,-154.46915010358515,1998-08-27T00:00:00Z,1.4675417091879248
urn:ioos:station:GOA_RUNOFF_DISCHARGE,urn:ioos:sensor:GOA_RUNOFF_DISCHARGE:q,58.069320239858385,-154.46915010358515,1998-08-28T00:00:00Z,1.038965636306576
urn:ioos:station:GOA_RUNOFF_DISCHARGE,urn:ioos:sensor:GOA_RUNOFF_DISCHARGE:q,58.069320239858385,-154.46915010358515,1998-08-29T00:00:00Z,0.7353999296965159
urn:ioos:station:GOA_RUNOFF_DISCHARGE,urn:ioos:sensor:GOA_RUNOFF_DISCHARGE:q,58.069320239858385,-154.46915010358515,1998-08-30T00:00:00Z,2.6291304056728806
urn:ioos:station:GOA_RUNOFF_DISCHARGE,urn:ioos:sensor:GOA_RUNOFF_DISCHARGE:q,58.069320239858385,-154.46915010358515,1998-08-31T00:00:00Z,4.362088745093896
urn:ioos:station:GOA_RUNOFF_DISCHARGE,urn:ioos:sensor:GOA_RUNOFF_DISCHARGE:q,58.069320239858385,-154.46915010358515,1998-09-01T00:00:00Z,1.5229695983329574
urn:ioos:station:GOA_RUNOFF_DISCHARGE,urn:ioos:sensor:GOA_RUNOFF_DISCHARGE:q,58.069320239858385,-154.46915010358515,1998-09-02T00:00:00Z,4.520719061637365
urn:ioos:station:GOA_RUNOFF_DISCHARGE,urn:ioos:sensor:GOA_RUNOFF_DISCHARGE:q,58.069320239858385,-154.46915010358515,1998-09-03T00:00:00Z,4.069303837318246
urn:ioos:station:GOA_RUNOFF_DISCHARGE,urn:ioos:sensor:GOA_RUNOFF_DISCHARGE:q,58.069320239858385,-154.46915010358515,1998-09-04T00:00:00Z,2.93011502216144
urn:ioos:station:GOA_RUNOFF_DISCHARGE,urn:ioos:sensor:GOA_RUNOFF_DISCHARGE:q,58.069320239858385,-154.46915010358515,1998-09-05T00:00:00Z,2.078903481690748
urn:ioos:station:GOA_RUNOFF_DISCHARGE,urn:ioos:sensor:GOA_RUNOFF_DISCHARGE:q,58.069320239858385,-154.46915010358515,1998-09-06T00:00:00Z,1.4719359889727501
urn:ioos:station:GOA_RUNOFF_DISCHARGE,urn:ioos:sensor:GOA_RUNOFF_DISCHARGE:q,58.069320239858385,-154.46915010358515,1998-09-07T00:00:00Z,1.0418793692768866
urn:ioos:station:GOA_RUNOFF_DISCHARGE,urn:ioos:sensor:GOA_RUNOFF_DISCHARGE:q,58.069320239858385,-154.46915010358515,1998-09-08T00:00:00Z,0.7374425554398573
urn:ioos:station:GOA_RUNOFF_DISCHARGE,urn:ioos:sensor:GOA_RUNOFF_DISCHARGE:q,58.069320239858385,-154.46915010358515,1998-09-09T00:00:00Z,1.1217240460245779
urn:ioos:station:GOA_RUNOFF_DISCHARGE,urn:ioos:sensor:GOA_RUNOFF_DISCHARGE:q,58.069320239858385,-154.46915010358515,1998-09-10T00:00:00Z,2.413369452746041
urn:ioos:station:GOA_RUNOFF_DISCHARGE,urn:ioos:sensor:GOA_RUNOFF_DISCHARGE:q,58.069320239858385,-154.46915010358515,1998-09-11T00:00:00Z,1.8348797925584834
urn:ioos:station:GOA_RUNOFF_DISCHARGE,urn:ioos:sensor:GOA_RUNOFF_DISCHARGE:q,58.069320239858385,-154.46915010358515,1998-09-12T00:00:00Z,1.3088179869008714
urn:ioos:station:GOA_RUNOFF_DISCHARGE,urn:ioos:sensor:GOA_RUNOFF_DISCHARGE:q,58.069320239858385,-154.46915010358515,1998-09-13T00:00:00Z,0.927383990142947
urn:ioos:station:GOA_RUNOFF_DISCHARGE,urn:ioos:sensor:GOA_RUNOFF_DISCHARGE:q,58.069320239858385,-154.46915010358515,1998-09-14T00:00:00Z,0.6564989798524963
urn:ioos:station:GOA_RUNOFF_DISCHARGE,urn:ioos:sensor:GOA_RUNOFF_DISCHARGE:q,58.069320239858385,-154.46915010358515,1998-09-15T00:00:00Z,0.46467712966217817
urn:ioos:station:GOA_RUNOFF_DISCHARGE,urn:ioos:sensor:GOA_RUNOFF_DISCHARGE:q,58.069320239858385,-154.46915010358515,1998-09-16T00:00:00Z,0.3288974100490032
urn:ioos:station:GOA_RUNOFF_DISCHARGE,urn:ioos:sensor:GOA_RUNOFF_DISCHARGE:q,58.069320239858385,-154.46915010358515,1998-09-17T00:00:00Z,1.6026902164662817
urn:ioos:station:GOA_RUNOFF_DISCHARGE,urn:ioos:sensor:GOA_RUNOFF_DISCHARGE:q,58.069320239858385,-154.46915010358515,1998-09-18T00:00:00Z,3.1348501506236905
urn:ioos:station:GOA_RUNOFF_DISCHARGE,urn:ioos:sensor:GOA_RUNOFF_DISCHARGE:q,58.069320239858385,-154.46915010358515,1998-09-19T00:00:00Z,8.546703946228597
urn:ioos:station:GOA_RUNOFF_DISCHARGE,urn:ioos:sensor:GOA_RUNOFF_DISCHARGE:q,58.069320239858385,-154.46915010358515,1998-09-20T00:00:00Z,7.362923755313856
urn:ioos:station:GOA_RUNOFF_DISCHARGE,urn:ioos:sensor:GOA_RUNOFF_DISCHARGE:q,58.069320239858385,-154.46915010358515,1998-09-21T00:00:00Z,5.2895872559407735
urn:ioos:station:GOA_RUNOFF_DISCHARGE,urn:ioos:sensor:GOA_RUNOFF_DISCHARGE:q,58.069320239858385,-154.46915010358515,1998-09-22T00:00:00Z,4.497202915894682
urn:ioos:station:GOA_RUNOFF_DISCHARGE,urn:ioos:sensor:GOA_RUNOFF_DISCHARGE:q,58.069320239858385,-154.46915010358515,1998-09-23T00:00:00Z,4.698522025289429
urn:ioos:station:GOA_RUNOFF_DISCHARGE,urn:ioos:sensor:GOA_RUNOFF_DISCHARGE:q,58.069320239858385,-154.46915010358515,1998-09-24T00:00:00Z,3.399174723001149
urn:ioos:station:GOA_RUNOFF_DISCHARGE,urn:ioos:sensor:GOA_RUNOFF_DISCHARGE:q,58.069320239858385,-154.46915010358515,1998-09-25T00:00:00Z,4.928462233207241
urn:ioos:station:GOA_RUNOFF_DISCHARGE,urn:ioos:sensor:GOA_RUNOFF_DISCHARGE:q,58.069320239858385,-154.46915010358515,1998-09-26T00:00:00Z,3.60805969762628
urn:ioos:station:GOA_RUNOFF_DISCHARGE,urn:ioos:sensor:GOA_RUNOFF_DISCHARGE:q,58.069320239858385,-154.46915010358515,1998-09-27T00:00:00Z,2.5657231664353684
urn:ioos:station:GOA_RUNOFF_DISCHARGE,urn:ioos:sensor:GOA_RUNOFF_DISCHARGE:q,58.069320239858385,-154.46915010358515,1998-09-28T00:00:00Z,1.8172011111177069
urn:ioos:station:GOA_RUNOFF_DISCHARGE,urn:ioos:sensor:GOA_RUNOFF_DISCHARGE:q,58.069320239858385,-154.46915010358515,1998-09-29T00:00:00Z,1.2863261469603755
urn:ioos:station:GOA_RUNOFF_DISCHARGE,urn:ioos:sensor:GOA_RUNOFF_DISCHARGE:q,58.069320239858385,-154.46915010358515,1998-09-30T00:00:00Z,0.9104678153075486
urn:ioos:station:GOA_RUNOFF_DISCHARGE,urn:ioos:sensor:GOA_RUNOFF_DISCHARGE:q,58.069320239858385,-154.46915010358515,1998-10-01T00:00:00Z,0.6444263532728285
urn:ioos:station:GOA_RUNOFF_DISCHARGE,urn:ioos:sensor:GOA_RUNOFF_DISCHARGE:q,58.069320239858385,-154.46915010358515,1998-10-02T00:00:00Z,0.4561222488982217
urn:ioos:station:GOA_RUNOFF_DISCHARGE,urn:ioos:sensor:GOA_RUNOFF_DISCHARGE:q,58.069320239858385,-154.46915010358515,1998-10-03T00:00:00Z,0.32284129737267697
urn:ioos:station:GOA_RUNOFF_DISCHARGE,urn:ioos:sensor:GOA_RUNOFF_DISCHARGE:q,58.069320239858385,-154.46915010358515,1998-10-04T00:00:00Z,3.667607569407723
urn:ioos:station:GOA_RUNOFF_DISCHARGE,urn:ioos:sensor:GOA_RUNOFF_DISCHARGE:q,58.069320239858385,-154.46915010358515,1998-10-05T00:00:00Z,3.57600679314947
urn:ioos:station:GOA_RUNOFF_DISCHARGE,urn:ioos:sensor:GOA_RUNOFF_DISCHARGE:q,58.069320239858385,-154.46915010358515,1998-10-06T00:00:00Z,2.585995107055789
urn:ioos:station:GOA_RUNOFF_DISCHARGE,urn:ioos:sensor:GOA_RUNOFF_DISCHARGE:q,58.069320239858385,-154.46915010358515,1998-10-07T00:00:00Z,1.8358396352418582
urn:ioos:station:GOA_RUNOFF_DISCHARGE,urn:ioos:sensor:GOA_RUNOFF_DISCHARGE:q,58.069320239858385,-154.46915010358515,1998-10-08T00:00:00Z,1.2999466777358475
urn:ioos:station:GOA_RUNOFF_DISCHARGE,urn:ioos:sensor:GOA_RUNOFF_DISCHARGE:q,58.069320239858385,-154.46915010358515,1998-10-09T00:00:00Z,0.9201510966548352
urn:ioos:station:GOA_RUNOFF_DISCHARGE,urn:ioos:sensor:GOA_RUNOFF_DISCHARGE:q,58.069320239858385,-154.46915010358515,1998-10-10T00:00:00Z,0.6512844397701323
urn:ioos:station:GOA_RUNOFF_DISCHARGE,urn:ioos:sensor:GOA_RUNOFF_DISCHARGE:q,58.069320239858385,-154.46915010358515,1998-10-11T00:00:00Z,0.6442058630950137
urn:ioos:station:GOA_RUNOFF_DISCHARGE,urn:ioos:sensor:GOA_RUNOFF_DISCHARGE:q,58.069320239858385,-154.46915010358515,1998-10-12T00:00:00Z,6.272443009616762
urn:ioos:station:GOA_RUNOFF_DISCHARGE,urn:ioos:sensor:GOA_RUNOFF_DISCHARGE:q,58.069320239858385,-154.46915010358515,1998-10-13T00:00:00Z,4.7312677109573915
urn:ioos:station:GOA_RUNOFF_DISCHARGE,urn:ioos:sensor:GOA_RUNOFF_DISCHARGE:q,58.069320239858385,-154.46915010358515,1998-10-14T00:00:00Z,3.483500112735828
urn:ioos:station:GOA_RUNOFF_DISCHARGE,urn:ioos:sensor:GOA_RUNOFF_DISCHARGE:q,58.069320239858385,-154.46915010358515,1998-10-15T00:00:00Z,8.39184616926688
urn:ioos:station:GOA_RUNOFF_DISCHARGE,urn:ioos:sensor:GOA_RUNOFF_DISCHARGE:q,58.069320239858385,-154.46915010358515,1998-10-16T00:00:00Z,6.669215873938659
urn:ioos:station:GOA_RUNOFF_DISCHARGE,urn:ioos:sensor:GOA_RUNOFF_DISCHARGE:q,58.069320239858385,-154.46915010358515,1998-10-17T00:00:00Z,5.174662407722422
urn:ioos:station:GOA_RUNOFF_DISCHARGE,urn:ioos:sensor:GOA_RUNOFF_DISCHARGE:q,58.069320239858385,-154.46915010358515,1998-10-18T00:00:00Z,5.3266785451609895
urn:ioos:station:GOA_RUNOFF_DISCHARGE,urn:ioos:sensor:GOA_RUNOFF_DISCHARGE:q,58.069320239858385,-154.46915010358515,1998-10-19T00:00:00Z,5.138910372684875
urn:ioos:station:GOA_RUNOFF_DISCHARGE,urn:ioos:sensor:GOA_RUNOFF_DISCHARGE:q,58.069320239858385,-154.46915010358515,1998-10-20T00:00:00Z,3.7412828625703183
urn:ioos:station:GOA_RUNOFF_DISCHARGE,urn:ioos:sensor:GOA_RUNOFF_DISCHARGE:q,58.069320239858385,-154.46915010358515,1998-10-21T00:00:00Z,2.656606165599255
urn:ioos:station:GOA_RUNOFF_DISCHARGE,urn:ioos:sensor:GOA_RUNOFF_DISCHARGE:q,58.069320239858385,-154.46915010358515,1998-10-22T00:00:00Z,2.2141057959397052
urn:ioos:station:GOA_RUNOFF_DISCHARGE,urn:ioos:sensor:GOA_RUNOFF_DISCHARGE:q,58.069320239858385,-154.46915010358515,1998-10-23T00:00:00Z,3.008853959085424
urn:ioos:station:GOA_RUNOFF_DISCHARGE,urn:ioos:sensor:GOA_RUNOFF_DISCHARGE:q,58.069320239858385,-154.46915010358515,1998-10-24T00:00:00Z,4.16165633247628
urn:ioos:station:GOA_RUNOFF_DISCHARGE,urn:ioos:sensor:GOA_RUNOFF_DISCHARGE:q,58.069320239858385,-154.46915010358515,1998-10-25T00:00:00Z,3.2158110917859153
urn:ioos:station:GOA_RUNOFF_DISCHARGE,urn:ioos:sensor:GOA_RUNOFF_DISCHARGE:q,58.069320239858385,-154.46915010358515,1998-10-26T00:00:00Z,2.7757361140823273
urn:ioos:station:GOA_RUNOFF_DISCHARGE,urn:ioos:sensor:GOA_RUNOFF_DISCHARGE:q,58.069320239858385,-154.46915010358515,1998-10-27T00:00:00Z,1.9892344940786952
urn:ioos:station:GOA_RUNOFF_DISCHARGE,urn:ioos:sensor:GOA_RUNOFF_DISCHARGE:q,58.069320239858385,-154.46915010358515,1998-10-28T00:00:00Z,1.4533229869813526
urn:ioos:station:GOA_RUNOFF_DISCHARGE,urn:ioos:sensor:GOA_RUNOFF_DISCHARGE:q,58.069320239858385,-154.46915010358515,1998-10-29T00:00:00Z,2.837488361412376
urn:ioos:station:GOA_RUNOFF_DISCHARGE,urn:ioos:sensor:GOA_RUNOFF_DISCHARGE:q,58.069320239858385,-154.46915010358515,1998-10-30T00:00:00Z,3.157744029933758
urn:ioos:station:GOA_RUNOFF_DISCHARGE,urn:ioos:sensor:GOA_RUNOFF_DISCHARGE:q,58.069320239858385,-154.46915010358515,1998-10-31T00:00:00Z,2.5824362166678156
urn:ioos:station:GOA_RUNOFF_DISCHARGE,urn:ioos:sensor:GOA_RUNOFF_DISCHARGE:q,58.069320239858385,-154.46915010358515,1998-11-01T00:00:00Z,5.411850375112889
urn:ioos:station:GOA_RUNOFF_DISCHARGE,urn:ioos:sensor:GOA_RUNOFF_DISCHARGE:q,58.069320239858385,-154.46915010358515,1998-11-02T00:00:00Z,7.205740570009029
urn:ioos:station:GOA_RUNOFF_DISCHARGE,urn:ioos:sensor:GOA_RUNOFF_DISCHARGE:q,58.069320239858385,-154.46915010358515,1998-11-03T00:00:00Z,12.108504909795258
urn:ioos:station:GOA_RUNOFF_DISCHARGE,urn:ioos:sensor:GOA_RUNOFF_DISCHARGE:q,58.069320239858385,-154.46915010358515,1998-11-04T00:00:00Z,9.220101472226858
urn:ioos:station:GOA_RUNOFF_DISCHARGE,urn:ioos:sensor:GOA_RUNOFF_DISCHARGE:q,58.069320239858385,-154.46915010358515,1998-11-05T00:00:00Z,6.616834985395276
urn:ioos:station:GOA_RUNOFF_DISCHARGE,urn:ioos:sensor:GOA_RUNOFF_DISCHARGE:q,58.069320239858385,-154.46915010358515,1998-11-06T00:00:00Z,4.812868547241866
urn:ioos:station:GOA_RUNOFF_DISCHARGE,urn:ioos:sensor:GOA_RUNOFF_DISCHARGE:q,58.069320239858385,-154.46915010358515,1998-11-07T00:00:00Z,3.420041829232807
urn:ioos:station:GOA_RUNOFF_DISCHARGE,urn:ioos:sensor:GOA_RUNOFF_DISCHARGE:q,58.069320239858385,-154.46915010358515,1998-11-08T00:00:00Z,3.947817169834355
urn:ioos:station:GOA_RUNOFF_DISCHARGE,urn:ioos:sensor:GOA_RUNOFF_DISCHARGE:q,58.069320239858385,-154.46915010358515,1998-11-09T00:00:00Z,10.8462075877082
urn:ioos:station:GOA_RUNOFF_DISCHARGE,urn:ioos:sensor:GOA_RUNOFF_DISCHARGE:q,58.069320239858385,-154.46915010358515,1998-11-10T00:00:00Z,11.447762678036296
urn:ioos:station:GOA_RUNOFF_DISCHARGE,urn:ioos:sensor:GOA_RUNOFF_DISCHARGE:q,58.069320239858385,-154.46915010358515,1998-11-11T00:00:00Z,8.10137851327645
urn:ioos:station:GOA_RUNOFF_DISCHARGE,urn:ioos:sensor:GOA_RUNOFF_DISCHARGE:q,58.069320239858385,-154.46915010358515,1998-11-12T00:00:00Z,5.793068420422792
urn:ioos:station:GOA_RUNOFF_DISCHARGE,urn:ioos:sensor:GOA_RUNOFF_DISCHARGE:q,58.069320239858385,-154.46915010358515,1998-11-13T00:00:00Z,4.31989329243761
urn:ioos:station:GOA_RUNOFF_DISCHARGE,urn:ioos:sensor:GOA_RUNOFF_DISCHARGE:q,58.069320239858385,-154.46915010358515,1998-11-14T00:00:00Z,3.367593583308136
urn:ioos:station:GOA_RUNOFF_DISCHARGE,urn:ioos:sensor:GOA_RUNOFF_DISCHARGE:q,58.069320239858385,-154.46915010358515,1998-11-15T00:00:00Z,2.3987942100252218
urn:ioos:station:GOA_RUNOFF_DISCHARGE,urn:ioos:sensor:GOA_RUNOFF_DISCHARGE:q,58.069320239858385,-154.46915010358515,1998-11-16T00:00:00Z,2.3113261774697564
urn:ioos:station:GOA_RUNOFF_DISCHARGE,urn:ioos:sensor:GOA_RUNOFF_DISCHARGE:q,58.069320239858385,-154.46915010358515,1998-11-17T00:00:00Z,2.937773766905868
urn:ioos:station:GOA_RUNOFF_DISCHARGE,urn:ioos:sensor:GOA_RUNOFF_DISCHARGE:q,58.069320239858385,-154.46915010358515,1998-11-18T00:00:00Z,2.829026327273117
urn:ioos:station:GOA_RUNOFF_DISCHARGE,urn:ioos:sensor:GOA_RUNOFF_DISCHARGE:q,58.069320239858385,-154.46915010358515,1998-11-19T00:00:00Z,3.195189997864826
urn:ioos:station:GOA_RUNOFF_DISCHARGE,urn:ioos:sensor:GOA_RUNOFF_DISCHARGE:q,58.069320239858385,-154.46915010358515,1998-11-20T00:00:00Z,2.4106127992938156
urn:ioos:station:GOA_RUNOFF_DISCHARGE,urn:ioos:sensor:GOA_RUNOFF_DISCHARGE:q,58.069320239858385,-154.46915010358515,1998-11-21T00:00:00Z,1.564470033322541
urn:ioos:station:GOA_RUNOFF_DISCHARGE,urn:ioos:sensor:GOA_RUNOFF_DISCHARGE:q,58.069320239858385,-154.46915010358515,1998-11-22T00:00:00Z,1.0156393278709257
urn:ioos:station:GOA_RUNOFF_DISCHARGE,urn:ioos:sensor:GOA_RUNOFF_DISCHARGE:q,58.069320239858385,-154.46915010358515,1998-11-23T00:00:00Z,0.6593608792129864
urn:ioos:station:GOA_RUNOFF_DISCHARGE,urn:ioos:sensor:GOA_RUNOFF_DISCHARGE:q,58.069320239858385,-154.46915010358515,1998-11-24T00:00:00Z,0.4280631964146359
urn:ioos:station:GOA_RUNOFF_DISCHARGE,urn:ioos:sensor:GOA_RUNOFF_DISCHARGE:q,58.069320239858385,-154.46915010358515,1998-11-25T00:00:00Z,0.2779026430068148
urn:ioos:station:GOA_RUNOFF_DISCHARGE,urn:ioos:sensor:GOA_RUNOFF_DISCHARGE:q,58.069320239858385,-154.46915010358515,1998-11-26T00:00:00Z,0.1979275764455872
urn:ioos:station:GOA_RUNOFF_DISCHARGE,urn:ioos:sensor:GOA_RUNOFF_DISCHARGE:q,58.069320239858385,-154.46915010358515,1998-11-27T00:00:00Z,3.0359971419416825
urn:ioos:station:GOA_RUNOFF_DISCHARGE,urn:ioos:sensor:GOA_RUNOFF_DISCHARGE:q,58.069320239858385,-154.46915010358515,1998-11-28T00:00:00Z,3.1082168841929754
urn:ioos:station:GOA_RUNOFF_DISCHARGE,urn:ioos:sensor:GOA_RUNOFF_DISCHARGE:q,58.069320239858385,-154.46915010358515,1998-11-29T00:00:00Z,2.0554929765284857
urn:ioos:station:GOA_RUNOFF_DISCHARGE,urn:ioos:sensor:GOA_RUNOFF_DISCHARGE:q,58.069320239858385,-154.46915010358515,1998-11-30T00:00:00Z,1.7046052232918685
urn:ioos:station:GOA_RUNOFF_DISCHARGE,urn:ioos:sensor:GOA_RUNOFF_DISCHARGE:q,58.069320239858385,-154.46915010358515,1998-12-01T00:00:00Z,1.1167959063700796
urn:ioos:station:GOA_RUNOFF_DISCHARGE,urn:ioos:sensor:GOA_RUNOFF_DISCHARGE:q,58.069320239858385,-154.46915010358515,1998-12-02T00:00:00Z,0.725604232563464
urn:ioos:station:GOA_RUNOFF_DISCHARGE,urn:ioos:sensor:GOA_RUNOFF_DISCHARGE:q,58.069320239858385,-154.46915010358515,1998-12-03T00:00:00Z,1.3132348945559735
urn:ioos:station:GOA_RUNOFF_DISCHARGE,urn:ioos:sensor:GOA_RUNOFF_DISCHARGE:q,58.069320239858385,-154.46915010358515,1998-12-04T00:00:00Z,2.453951485628629
urn:ioos:station:GOA_RUNOFF_DISCHARGE,urn:ioos:sensor:GOA_RUNOFF_DISCHARGE:q,58.069320239858385,-154.46915010358515,1998-12-05T00:00:00Z,1.6376773768655137
urn:ioos:station:GOA_RUNOFF_DISCHARGE,urn:ioos:sensor:GOA_RUNOFF_DISCHARGE:q,58.069320239858385,-154.46915010358515,1998-12-06T00:00:00Z,1.065696255202436
urn:ioos:station:GOA_RUNOFF_DISCHARGE,urn:ioos:sensor:GOA_RUNOFF_DISCHARGE:q,58.069320239858385,-154.46915010358515,1998-12-07T00:00:00Z,0.6920003980709871
urn:ioos:station:GOA_RUNOFF_DISCHARGE,urn:ioos:sensor:GOA_RUNOFF_DISCHARGE:q,58.069320239858385,-154.46915010358515,1998-12-08T00:00:00Z,0.44926100502366995
urn:ioos:station:GOA_RUNOFF_DISCHARGE,urn:ioos:sensor:GOA_RUNOFF_DISCHARGE:q,58.069320239858385,-154.46915010358515,1998-12-09T00:00:00Z,0.2916648939756346
urn:ioos:station:GOA_RUNOFF_DISCHARGE,urn:ioos:sensor:GOA_RUNOFF_DISCHARGE:q,58.069320239858385,-154.46915010358515,1998-12-10T00:00:00Z,0.18935159716595829
urn:ioos:station:GOA_RUNOFF_DISCHARGE,urn:ioos:sensor:GOA_RUNOFF_DISCHARGE:q,58.069320239858385,-154.46915010358515,1998-12-11T00:00:00Z,0.12292884065357208
urn:ioos:station:GOA_RUNOFF_DISCHARGE,urn:ioos:sensor:GOA_RUNOFF_DISCHARGE:q,58.069320239858385,-154.46915010358515,1998-12-12T00:00:00Z,0.07980654977295518
urn:ioos:station:GOA_RUNOFF_DISCHARGE,urn:ioos:sensor:GOA_RUNOFF_DISCHARGE:q,58.069320239858385,-154.46915010358515,1998-12-13T00:00:00Z,0.05181116695270125
urn:ioos:station:GOA_RUNOFF_DISCHARGE,urn:ioos:sensor:GOA_RUNOFF_DISCHARGE:q,58.069320239858385,-154.46915010358515,1998-12-14T00:00:00Z,0.03363629216613899
urn:ioos:station:GOA_RUNOFF_DISCHARGE,urn:ioos:sensor:GOA_RUNOFF_DISCHARGE:q,58.069320239858385,-154.46915010358515,1998-12-15T00:00:00Z,0.021836998665921904
urn:ioos:station:GOA_RUNOFF_DISCHARGE,urn:ioos:sensor:GOA_RUNOFF_DISCHARGE:q,58.069320239858385,-154.46915010358515,1998-12-16T00:00:00Z,0.014176783151037414
urn:ioos:station:GOA_RUNOFF_DISCHARGE,urn:ioos:sensor:GOA_RUNOFF_DISCHARGE:q,58.069320239858385,-154.46915010358515,1998-12-17T00:00:00Z,0.009203700204775308
urn:ioos:station:GOA_RUNOFF_DISCHARGE,urn:ioos:sensor:GOA_RUNOFF_DISCHARGE:q,58.069320239858385,-154.46915010358515,1998-12-18T00:00:00Z,0.005975128827734264
urn:ioos:station:GOA_RUNOFF_DISCHARGE,urn:ioos:sensor:GOA_RUNOFF_DISCHARGE:q,58.069320239858385,-154.46915010358515,1998-12-19T00:00:00Z,3.784744686617801
urn:ioos:station:GOA_RUNOFF_DISCHARGE,urn:ioos:sensor:GOA_RUNOFF_DISCHARGE:q,58.069320239858385,-154.46915010358515,1998-12-20T00:00:00Z,3.7091028736592784
urn:ioos:station:GOA_RUNOFF_DISCHARGE,urn:ioos:sensor:GOA_RUNOFF_DISCHARGE:q,58.069320239858385,-154.46915010358515,1998-12-21T00:00:00Z,5.001956503407621
urn:ioos:station:GOA_RUNOFF_DISCHARGE,urn:ioos:sensor:GOA_RUNOFF_DISCHARGE:q,58.069320239858385,-154.46915010358515,1998-12-22T00:00:00Z,5.440664073648079
urn:ioos:station:GOA_RUNOFF_DISCHARGE,urn:ioos:sensor:GOA_RUNOFF_DISCHARGE:q,58.069320239858385,-154.46915010358515,1998-12-23T00:00:00Z,3.9824109736514477
urn:ioos:station:GOA_RUNOFF_DISCHARGE,urn:ioos:sensor:GOA_RUNOFF_DISCHARGE:q,58.069320239858385,-154.46915010358515,1998-12-24T00:00:00Z,3.6775333110161745
urn:ioos:station:GOA_RUNOFF_DISCHARGE,urn:ioos:sensor:GOA_RUNOFF_DISCHARGE:q,58.069320239858385,-154.46915010358515,1998-12-25T00:00:00Z,2.442291028337203
urn:ioos:station:GOA_RUNOFF_DISCHARGE,urn:ioos:sensor:GOA_RUNOFF_DISCHARGE:q,58.069320239858385,-154.46915010358515,1998-12-26T00:00:00Z,1.5877496388863988
urn:ioos:station:GOA_RUNOFF_DISCHARGE,urn:ioos:sensor:GOA_RUNOFF_DISCHARGE:q,58.069320239858385,-154.46915010358515,1998-12-27T00:00:00Z,1.0309050495286545
urn:ioos:station:GOA_RUNOFF_DISCHARGE,urn:ioos:sensor:GOA_RUNOFF_DISCHARGE:q,58.069320239858385,-154.46915010358515,1998-12-28T00:00:00Z,0.669280108730864
urn:ioos:station:GOA_RUNOFF_DISCHARGE,urn:ioos:sensor:GOA_RUNOFF_DISCHARGE:q,58.069320239858385,-154.46915010358515,1998-12-29T00:00:00Z,0.43450329220939693
urn:ioos:station:GOA_RUNOFF_DISCHARGE,urn:ioos:sensor:GOA_RUNOFF_DISCHARGE:q,58.069320239858385,-154.46915010358515,1998-12-30T00:00:00Z,0.2820836353806722
urn:ioos:station:GOA_RUNOFF_DISCHARGE,urn:ioos:sensor:GOA_RUNOFF_DISCHARGE:q,58.069320239858385,-154.46915010358515,1998-12-31T00:00:00Z,0.18313133376208535
urn:ioos:station:GOA_RUNOFF_DISCHARGE,urn:ioos:sensor:GOA_RUNOFF_DISCHARGE:q,58.069320239858385,-154.46915010358515,1999-01-01T00:00:00Z,0.11889057159812556
urn:ioos:station:GOA_RUNOFF_DISCHARGE,urn:ioos:sensor:GOA_RUNOFF_DISCHARGE:q,58.069320239858385,-154.46915010358515,1999-01-02T00:00:00Z,0.07718488242041605
urn:ioos:station:GOA_RUNOFF_DISCHARGE,urn:ioos:sensor:GOA_RUNOFF_DISCHARGE:q,58.069320239858385,-154.46915010358515,1999-01-03T00:00:00Z,0.05010914739115002
urn:ioos:station:GOA_RUNOFF_DISCHARGE,urn:ioos:sensor:GOA_RUNOFF_DISCHARGE:q,58.069320239858385,-154.46915010358515,1999-01-04T00:00:00Z,0.032531329353239234
urn:ioos:station:GOA_RUNOFF_DISCHARGE,urn:ioos:sensor:GOA_RUNOFF_DISCHARGE:q,58.069320239858385,-154.46915010358515,1999-01-05T00:00:00Z,1.0932794317339334
urn:ioos:station:GOA_RUNOFF_DISCHARGE,urn:ioos:sensor:GOA_RUNOFF_DISCHARGE:q,58.069320239858385,-154.46915010358515,1999-01-06T00:00:00Z,2.0362483675301144
urn:ioos:station:GOA_RUNOFF_DISCHARGE,urn:ioos:sensor:GOA_RUNOFF_DISCHARGE:q,58.069320239858385,-154.46915010358515,1999-01-07T00:00:00Z,1.76936947695907
urn:ioos:station:GOA_RUNOFF_DISCHARGE,urn:ioos:sensor:GOA_RUNOFF_DISCHARGE:q,58.069320239858385,-154.46915010358515,1999-01-08T00:00:00Z,4.499609363587156
urn:ioos:station:GOA_RUNOFF_DISCHARGE,urn:ioos:sensor:GOA_RUNOFF_DISCHARGE:q,58.069320239858385,-154.46915010358515,1999-01-09T00:00:00Z,5.8487350862222005
urn:ioos:station:GOA_RUNOFF_DISCHARGE,urn:ioos:sensor:GOA_RUNOFF_DISCHARGE:q,58.069320239858385,-154.46915010358515,1999-01-10T00:00:00Z,4.591339592312575
urn:ioos:station:GOA_RUNOFF_DISCHARGE,urn:ioos:sensor:GOA_RUNOFF_DISCHARGE:q,58.069320239858385,-154.46915010358515,1999-01-11T00:00:00Z,5.985974698140393
urn:ioos:station:GOA_RUNOFF_DISCHARGE,urn:ioos:sensor:GOA_RUNOFF_DISCHARGE:q,58.069320239858385,-154.46915010358515,1999-01-12T00:00:00Z,4.444504710937881
urn:ioos:station:GOA_RUNOFF_DISCHARGE,urn:ioos:sensor:GOA_RUNOFF_DISCHARGE:q,58.069320239858385,-154.46915010358515,1999-01-13T00:00:00Z,4.661692798380792
urn:ioos:station:GOA_RUNOFF_DISCHARGE,urn:ioos:sensor:GOA_RUNOFF_DISCHARGE:q,58.069320239858385,-154.46915010358515,1999-01-14T00:00:00Z,3.0753551649111506
urn:ioos:station:GOA_RUNOFF_DISCHARGE,urn:ioos:sensor:GOA_RUNOFF_DISCHARGE:q,58.069320239858385,-154.46915010358515,1999-01-15T00:00:00Z,1.999296660695735
urn:ioos:station:GOA_RUNOFF_DISCHARGE,urn:ioos:sensor:GOA_RUNOFF_DISCHARGE:q,58.069320239858385,-154.46915010358515,1999-01-16T00:00:00Z,1.2981163198337375
urn:ioos:station:GOA_RUNOFF_DISCHARGE,urn:ioos:sensor:GOA_RUNOFF_DISCHARGE:q,58.069320239858385,-154.46915010358515,1999-01-17T00:00:00Z,0.8427579917827865
urn:ioos:station:GOA_RUNOFF_DISCHARGE,urn:ioos:sensor:GOA_RUNOFF_DISCHARGE:q,58.069320239858385,-154.46915010358515,1999-01-18T00:00:00Z,0.5471268399755009
urn:ioos:station:GOA_RUNOFF_DISCHARGE,urn:ioos:sensor:GOA_RUNOFF_DISCHARGE:q,58.069320239858385,-154.46915010358515,1999-01-19T00:00:00Z,0.35519994121299614
urn:ioos:station:GOA_RUNOFF_DISCHARGE,urn:ioos:sensor:GOA_RUNOFF_DISCHARGE:q,58.069320239858385,-154.46915010358515,1999-01-20T00:00:00Z,0.23059914597158926
urn:ioos:station:GOA_RUNOFF_DISCHARGE,urn:ioos:sensor:GOA_RUNOFF_DISCHARGE:q,58.069320239858385,-154.46915010358515,1999-01-21T00:00:00Z,0.14970712443460477
urn:ioos:station:GOA_RUNOFF_DISCHARGE,urn:ioos:sensor:GOA_RUNOFF_DISCHARGE:q,58.069320239858385,-154.46915010358515,1999-01-22T00:00:00Z,4.279325204637867
urn:ioos:station:GOA_RUNOFF_DISCHARGE,urn:ioos:sensor:GOA_RUNOFF_DISCHARGE:q,58.069320239858385,-154.46915010358515,1999-01-23T00:00:00Z,5.6557040921033055
urn:ioos:station:GOA_RUNOFF_DISCHARGE,urn:ioos:sensor:GOA_RUNOFF_DISCHARGE:q,58.069320239858385,-154.46915010358515,1999-01-24T00:00:00Z,3.777903965695361
urn:ioos:station:GOA_RUNOFF_DISCHARGE,urn:ioos:sensor:GOA_RUNOFF_DISCHARGE:q,58.069320239858385,-154.46915010358515,1999-01-25T00:00:00Z,2.4586107219875104
urn:ioos:station:GOA_RUNOFF_DISCHARGE,urn:ioos:sensor:GOA_RUNOFF_DISCHARGE:q,58.069320239858385,-154.46915010358515,1999-01-26T00:00:00Z,1.5964876804200823
urn:ioos:station:GOA_RUNOFF_DISCHARGE,urn:ioos:sensor:GOA_RUNOFF_DISCHARGE:q,58.069320239858385,-154.46915010358515,1999-01-27T00:00:00Z,1.0364735447562514
urn:ioos:station:GOA_RUNOFF_DISCHARGE,urn:ioos:sensor:GOA_RUNOFF_DISCHARGE:q,58.069320239858385,-154.46915010358515,1999-01-28T00:00:00Z,0.6728893855974194
urn:ioos:station:GOA_RUNOFF_DISCHARGE,urn:ioos:sensor:GOA_RUNOFF_DISCHARGE:q,58.069320239858385,-154.46915010358515,1999-01-29T00:00:00Z,0.43684613190606364
urn:ioos:station:GOA_RUNOFF_DISCHARGE,urn:ioos:sensor:GOA_RUNOFF_DISCHARGE:q,58.069320239858385,-154.46915010358515,1999-01-30T00:00:00Z,0.28360460320183
urn:ioos:station:GOA_RUNOFF_DISCHARGE,urn:ioos:sensor:GOA_RUNOFF_DISCHARGE:q,58.069320239858385,-154.46915010358515,1999-01-31T00:00:00Z,0.18411878705170648
urn:ioos:station:GOA_RUNOFF_DISCHARGE,urn:ioos:sensor:GOA_RUNOFF_DISCHARGE:q,58.069320239858385,-154.46915010358515,1999-02-01T00:00:00Z,0.11953163429217024
urn:ioos:station:GOA_RUNOFF_DISCHARGE,urn:ioos:sensor:GOA_RUNOFF_DISCHARGE:q,58.069320239858385,-154.46915010358515,1999-02-02T00:00:00Z,0.0776010642089106
urn:ioos:station:GOA_RUNOFF_DISCHARGE,urn:ioos:sensor:GOA_RUNOFF_DISCHARGE:q,58.069320239858385,-154.46915010358515,1999-02-03T00:00:00Z,0.05037933748244181
urn:ioos:station:GOA_RUNOFF_DISCHARGE,urn:ioos:sensor:GOA_RUNOFF_DISCHARGE:q,58.069320239858385,-154.46915010358515,1999-02-04T00:00:00Z,0.03270673645956834
urn:ioos:station:GOA_RUNOFF_DISCHARGE,urn:ioos:sensor:GOA_RUNOFF_DISCHARGE:q,58.069320239858385,-154.46915010358515,1999-02-05T00:00:00Z,0.021233522327983107
urn:ioos:station:GOA_RUNOFF_DISCHARGE,urn:ioos:sensor:GOA_RUNOFF_DISCHARGE:q,58.069320239858385,-154.46915010358515,1999-02-06T00:00:00Z,0.01378500114635347
urn:ioos:station:GOA_RUNOFF_DISCHARGE,urn:ioos:sensor:GOA_RUNOFF_DISCHARGE:q,58.069320239858385,-154.46915010358515,1999-02-07T00:00:00Z,0.008949352500495176
urn:ioos:station:GOA_RUNOFF_DISCHARGE,urn:ioos:sensor:GOA_RUNOFF_DISCHARGE:q,58.069320239858385,-154.46915010358515,1999-02-08T00:00:00Z,0.005810003753302429
urn:ioos:station:GOA_RUNOFF_DISCHARGE,urn:ioos:sensor:GOA_RUNOFF_DISCHARGE:q,58.069320239858385,-154.46915010358515,1999-02-09T00:00:00Z,0.0037719087743663636
urn:ioos:station:GOA_RUNOFF_DISCHARGE,urn:ioos:sensor:GOA_RUNOFF_DISCHARGE:q,58.069320239858385,-154.46915010358515,1999-02-10T00:00:00Z,0.0024487588087392393
urn:ioos:station:GOA_RUNOFF_DISCHARGE,urn:ioos:sensor:GOA_RUNOFF_DISCHARGE:q,58.069320239858385,-154.46915010358515,1999-02-11T00:00:00Z,0.0015897570452787781
urn:ioos:station:GOA_RUNOFF_DISCHARGE,urn:ioos:sensor:GOA_RUNOFF_DISCHARGE:q,58.069320239858385,-154.46915010358515,1999-02-12T00:00:00Z,0.0010320851603867563
urn:ioos:station:GOA_RUNOFF_DISCHARGE,urn:ioos:sensor:GOA_RUNOFF_DISCHARGE:q,58.069320239858385,-154.46915010358515,1999-02-13T00:00:00Z,6.700394286669203E-4
urn:ioos:station:GOA_RUNOFF_DISCHARGE,urn:ioos:sensor:GOA_RUNOFF_DISCHARGE:q,58.069320239858385,-154.46915010358515,1999-02-14T00:00:00Z,0.2581589875118635
urn:ioos:station:GOA_RUNOFF_DISCHARGE,urn:ioos:sensor:GOA_RUNOFF_DISCHARGE:q,58.069320239858385,-154.46915010358515,1999-02-15T00:00:00Z,0.17462397810357969
urn:ioos:station:GOA_RUNOFF_DISCHARGE,urn:ioos:sensor:GOA_RUNOFF_DISCHARGE:q,58.069320239858385,-154.46915010358515,1999-02-16T00:00:00Z,0.1137618644873535
urn:ioos:station:GOA_RUNOFF_DISCHARGE,urn:ioos:sensor:GOA_RUNOFF_DISCHARGE:q,58.069320239858385,-154.46915010358515,1999-02-17T00:00:00Z,0.07387740641814652
urn:ioos:station:GOA_RUNOFF_DISCHARGE,urn:ioos:sensor:GOA_RUNOFF_DISCHARGE:q,58.069320239858385,-154.46915010358515,1999-02-18T00:00:00Z,0.04796315043228479
urn:ioos:station:GOA_RUNOFF_DISCHARGE,urn:ioos:sensor:GOA_RUNOFF_DISCHARGE:q,58.069320239858385,-154.46915010358515,1999-02-19T00:00:00Z,0.031138194198940268
urn:ioos:station:GOA_RUNOFF_DISCHARGE,urn:ioos:sensor:GOA_RUNOFF_DISCHARGE:q,58.069320239858385,-154.46915010358515,1999-02-20T00:00:00Z,0.020215212664749408
urn:ioos:station:GOA_RUNOFF_DISCHARGE,urn:ioos:sensor:GOA_RUNOFF_DISCHARGE:q,58.069320239858385,-154.46915010358515,1999-02-21T00:00:00Z,0.013123905757015926
urn:ioos:station:GOA_RUNOFF_DISCHARGE,urn:ioos:sensor:GOA_RUNOFF_DISCHARGE:q,58.069320239858385,-154.46915010358515,1999-02-22T00:00:00Z,0.00852016297552603
urn:ioos:station:GOA_RUNOFF_DISCHARGE,urn:ioos:sensor:GOA_RUNOFF_DISCHARGE:q,58.069320239858385,-154.46915010358515,1999-02-23T00:00:00Z,0.005531370350131784
urn:ioos:station:GOA_RUNOFF_DISCHARGE,urn:ioos:sensor:GOA_RUNOFF_DISCHARGE:q,58.069320239858385,-154.46915010358515,1999-02-24T00:00:00Z,0.00359101736953627
urn:ioos:station:GOA_RUNOFF_DISCHARGE,urn:ioos:sensor:GOA_RUNOFF_DISCHARGE:q,58.069320239858385,-154.46915010358515,1999-02-25T00:00:00Z,0.0023313220017497933
urn:ioos:station:GOA_RUNOFF_DISCHARGE,urn:ioos:sensor:GOA_RUNOFF_DISCHARGE:q,58.069320239858385,-154.46915010358515,1999-02-26T00:00:00Z,0.0015135162001552397
urn:ioos:station:GOA_RUNOFF_DISCHARGE,urn:ioos:sensor:GOA_RUNOFF_DISCHARGE:q,58.069320239858385,-154.46915010358515,1999-02-27T00:00:00Z,9.82588878214131E-4
urn:ioos:station:GOA_RUNOFF_DISCHARGE,urn:ioos:sensor:GOA_RUNOFF_DISCHARGE:q,58.069320239858385,-154.46915010358515,1999-02-28T00:00:00Z,6.379058949297835E-4
urn:ioos:station:GOA_RUNOFF_DISCHARGE,urn:ioos:sensor:GOA_RUNOFF_DISCHARGE:q,58.069320239858385,-154.46915010358515,1999-03-01T00:00:00Z,4.1413452304084016E-4
urn:ioos:station:GOA_RUNOFF_DISCHARGE,urn:ioos:sensor:GOA_RUNOFF_DISCHARGE:q,58.069320239858385,-154.46915010358515,1999-03-02T00:00:00Z,2.6886003199394905E-4
urn:ioos:station:GOA_RUNOFF_DISCHARGE,urn:ioos:sensor:GOA_RUNOFF_DISCHARGE:q,58.069320239858385,-154.46915010358515,1999-03-03T00:00:00Z,1.7454644288281436E-4
urn:ioos:station:GOA_RUNOFF_DISCHARGE,urn:ioos:sensor:GOA_RUNOFF_DISCHARGE:q,58.069320239858385,-154.46915010358515,1999-03-04T00:00:00Z,1.1331719956137972E-4
urn:ioos:station:GOA_RUNOFF_DISCHARGE,urn:ioos:sensor:GOA_RUNOFF_DISCHARGE:q,58.069320239858385,-154.46915010358515,1999-03-05T00:00:00Z,7.356658635723598E-5
urn:ioos:station:GOA_RUNOFF_DISCHARGE,urn:ioos:sensor:GOA_RUNOFF_DISCHARGE:q,58.069320239858385,-154.46915010358515,1999-03-06T00:00:00Z,4.776011653198419E-5
urn:ioos:station:GOA_RUNOFF_DISCHARGE,urn:ioos:sensor:GOA_RUNOFF_DISCHARGE:q,58.069320239858385,-154.46915010358515,1999-03-07T00:00:00Z,3.100631884043674E-5
urn:ioos:station:GOA_RUNOFF_DISCHARGE,urn:ioos:sensor:GOA_RUNOFF_DISCHARGE:q,58.069320239858385,-154.46915010358515,1999-03-08T00:00:00Z,2.0129592799420144E-5
urn:ioos:station:GOA_RUNOFF_DISCHARGE,urn:ioos:sensor:GOA_RUNOFF_DISCHARGE:q,58.069320239858385,-154.46915010358515,1999-03-09T00:00:00Z,1.3068321003225587E-5
urn:ioos:station:GOA_RUNOFF_DISCHARGE,urn:ioos:sensor:GOA_RUNOFF_DISCHARGE:q,58.069320239858385,-154.46915010358515,1999-03-10T00:00:00Z,8.484076280469256E-6
urn:ioos:station:GOA_RUNOFF_DISCHARGE,urn:ioos:sensor:GOA_RUNOFF_DISCHARGE:q,58.069320239858385,-154.46915010358515,1999-03-11T00:00:00Z,5.507942235326159E-6
urn:ioos:station:GOA_RUNOFF_DISCHARGE,urn:ioos:sensor:GOA_RUNOFF_DISCHARGE:q,58.069320239858385,-154.46915010358515,1999-03-12T00:00:00Z,3.5758078113675947E-6
urn:ioos:station:GOA_RUNOFF_DISCHARGE,urn:ioos:sensor:GOA_RUNOFF_DISCHARGE:q,58.069320239858385,-154.46915010358515,1999-03-13T00:00:00Z,2.3214478085870393E-6
urn:ioos:station:GOA_RUNOFF_DISCHARGE,urn:ioos:sensor:GOA_RUNOFF_DISCHARGE:q,58.069320239858385,-154.46915010358515,1999-03-14T00:00:00Z,1.5071057666484729E-6
urn:ioos:station:GOA_RUNOFF_DISCHARGE,urn:ioos:sensor:GOA_RUNOFF_DISCHARGE:q,58.069320239858385,-154.46915010358515,1999-03-15T00:00:00Z,9.784271895258608E-7
urn:ioos:station:GOA_RUNOFF_DISCHARGE,urn:ioos:sensor:GOA_RUNOFF_DISCHARGE:q,58.069320239858385,-154.46915010358515,1999-03-16T00:00:00Z,6.35204169323666E-7
urn:ioos:station:GOA_RUNOFF_DISCHARGE,urn:ioos:sensor:GOA_RUNOFF_DISCHARGE:q,58.069320239858385,-154.46915010358515,1999-03-17T00:00:00Z,4.123804914833069E-7
urn:ioos:station:GOA_RUNOFF_DISCHARGE,urn:ioos:sensor:GOA_RUNOFF_DISCHARGE:q,58.069320239858385,-154.46915010358515,1999-03-18T00:00:00Z,2.677212664808673E-7
urn:ioos:station:GOA_RUNOFF_DISCHARGE,urn:ioos:sensor:GOA_RUNOFF_DISCHARGE:q,58.069320239858385,-154.46915010358515,1999-03-19T00:00:00Z,1.7380715789134974E-7
urn:ioos:station:GOA_RUNOFF_DISCHARGE,urn:ioos:sensor:GOA_RUNOFF_DISCHARGE:q,58.069320239858385,-154.46915010358515,1999-03-20T00:00:00Z,1.1283724644596209E-7
urn:ioos:station:GOA_RUNOFF_DISCHARGE,urn:ioos:sensor:GOA_RUNOFF_DISCHARGE:q,58.069320239858385,-154.46915010358515,1999-03-21T00:00:00Z,7.325500332381307E-8
urn:ioos:station:GOA_RUNOFF_DISCHARGE,urn:ioos:sensor:GOA_RUNOFF_DISCHARGE:q,58.069320239858385,-154.46915010358515,1999-03-22T00:00:00Z,4.7557829468412446E-8
urn:ioos:station:GOA_RUNOFF_DISCHARGE,urn:ioos:sensor:GOA_RUNOFF_DISCHARGE:q,58.069320239858385,-154.46915010358515,1999-03-23T00:00:00Z,3.0874992432303786E-8
urn:ioos:station:GOA_RUNOFF_DISCHARGE,urn:ioos:sensor:GOA_RUNOFF_DISCHARGE:q,58.069320239858385,-154.46915010358515,1999-03-24T00:00:00Z,2.0044333137322633E-8
urn:ioos:station:GOA_RUNOFF_DISCHARGE,urn:ioos:sensor:GOA_RUNOFF_DISCHARGE:q,58.069320239858385,-154.46915010358515,1999-03-25T00:00:00Z,1.3012968810727843E-8
urn:ioos:station:GOA_RUNOFF_DISCHARGE,urn:ioos:sensor:GOA_RUNOFF_DISCHARGE:q,58.069320239858385,-154.46915010358515,1999-03-26T00:00:00Z,8.448142357319495E-9
urn:ioos:station:GOA_RUNOFF_DISCHARGE,urn:ioos:sensor:GOA_RUNOFF_DISCHARGE:q,58.069320239858385,-154.46915010358515,1999-03-27T00:00:00Z,5.484613103126388E-9
urn:ioos:station:GOA_RUNOFF_DISCHARGE,urn:ioos:sensor:GOA_RUNOFF_DISCHARGE:q,58.069320239858385,-154.46915010358515,1999-03-28T00:00:00Z,3.5606623280897263E-9
urn:ioos:station:GOA_RUNOFF_DISCHARGE,urn:ioos:sensor:GOA_RUNOFF_DISCHARGE:q,58.069320239858385,-154.46915010358515,1999-03-29T00:00:00Z,2.3116149616130438E-9
urn:ioos:station:GOA_RUNOFF_DISCHARGE,urn:ioos:sensor:GOA_RUNOFF_DISCHARGE:q,58.069320239858385,-154.46915010358515,1999-03-30T00:00:00Z,1.50072238977273E-9
urn:ioos:station:GOA_RUNOFF_DISCHARGE,urn:ioos:sensor:GOA_RUNOFF_DISCHARGE:q,58.069320239858385,-154.46915010358515,1999-03-31T00:00:00Z,0.6854810718409106
urn:ioos:station:GOA_RUNOFF_DISCHARGE,urn:ioos:sensor:GOA_RUNOFF_DISCHARGE:q,58.069320239858385,-154.46915010358515,1999-04-01T00:00:00Z,3.262493440626301
urn:ioos:station:GOA_RUNOFF_DISCHARGE,urn:ioos:sensor:GOA_RUNOFF_DISCHARGE:q,58.069320239858385,-154.46915010358515,1999-04-02T00:00:00Z,2.195376234104905
urn:ioos:station:GOA_RUNOFF_DISCHARGE,urn:ioos:sensor:GOA_RUNOFF_DISCHARGE:q,58.069320239858385,-154.46915010358515,1999-04-03T00:00:00Z,2.4078969286310428
urn:ioos:station:GOA_RUNOFF_DISCHARGE,urn:ioos:sensor:GOA_RUNOFF_DISCHARGE:q,58.069320239858385,-154.46915010358515,1999-04-04T00:00:00Z,6.1193091606324215
urn:ioos:station:GOA_RUNOFF_DISCHARGE,urn:ioos:sensor:GOA_RUNOFF_DISCHARGE:q,58.069320239858385,-154.46915010358515,1999-04-05T00:00:00Z,10.716831950055552
urn:ioos:station:GOA_RUNOFF_DISCHARGE,urn:ioos:sensor:GOA_RUNOFF_DISCHARGE:q,58.069320239858385,-154.46915010358515,1999-04-06T00:00:00Z,7.144898962900241
urn:ioos:station:GOA_RUNOFF_DISCHARGE,urn:ioos:sensor:GOA_RUNOFF_DISCHARGE:q,58.069320239858385,-154.46915010358515,1999-04-07T00:00:00Z,4.649056974634522
urn:ioos:station:GOA_RUNOFF_DISCHARGE,urn:ioos:sensor:GOA_RUNOFF_DISCHARGE:q,58.069320239858385,-154.46915010358515,1999-04-08T00:00:00Z,4.268317008862912
urn:ioos:station:GOA_RUNOFF_DISCHARGE,urn:ioos:sensor:GOA_RUNOFF_DISCHARGE:q,58.069320239858385,-154.46915010358515,1999-04-09T00:00:00Z,5.656491331497126
urn:ioos:station:GOA_RUNOFF_DISCHARGE,urn:ioos:sensor:GOA_RUNOFF_DISCHARGE:q,58.069320239858385,-154.46915010358515,1999-04-10T00:00:00Z,6.17134694751486
urn:ioos:station:GOA_RUNOFF_DISCHARGE,urn:ioos:sensor:GOA_RUNOFF_DISCHARGE:q,58.069320239858385,-154.46915010358515,1999-04-11T00:00:00Z,5.64559417015539
urn:ioos:station:GOA_RUNOFF_DISCHARGE,urn:ioos:sensor:GOA_RUNOFF_DISCHARGE:q,58.069320239858385,-154.46915010358515,1999-04-12T00:00:00Z,3.7118829443260926
urn:ioos:station:GOA_RUNOFF_DISCHARGE,urn:ioos:sensor:GOA_RUNOFF_DISCHARGE:q,58.069320239858385,-154.46915010358515,1999-04-13T00:00:00Z,5.853780575064414
urn:ioos:station:GOA_RUNOFF_DISCHARGE,urn:ioos:sensor:GOA_RUNOFF_DISCHARGE:q,58.069320239858385,-154.46915010358515,1999-04-14T00:00:00Z,10.2854721229006
urn:ioos:station:GOA_RUNOFF_DISCHARGE,urn:ioos:sensor:GOA_RUNOFF_DISCHARGE:q,58.069320239858385,-154.46915010358515,1999-04-15T00:00:00Z,7.032013254154519
urn:ioos:station:GOA_RUNOFF_DISCHARGE,urn:ioos:sensor:GOA_RUNOFF_DISCHARGE:q,58.069320239858385,-154.46915010358515,1999-04-16T00:00:00Z,13.571963998644206
urn:ioos:station:GOA_RUNOFF_DISCHARGE,urn:ioos:sensor:GOA_RUNOFF_DISCHARGE:q,58.069320239858385,-154.46915010358515,1999-04-17T00:00:00Z,15.927901022364926
urn:ioos:station:GOA_RUNOFF_DISCHARGE,urn:ioos:sensor:GOA_RUNOFF_DISCHARGE:q,58.069320239858385,-154.46915010358515,1999-04-18T00:00:00Z,13.783995562811684
urn:ioos:station:GOA_RUNOFF_DISCHARGE,urn:ioos:sensor:GOA_RUNOFF_DISCHARGE:q,58.069320239858385,-154.46915010358515,1999-04-19T00:00:00Z,10.08204967402918
urn:ioos:station:GOA_RUNOFF_DISCHARGE,urn:ioos:sensor:GOA_RUNOFF_DISCHARGE:q,58.069320239858385,-154.46915010358515,1999-04-20T00:00:00Z,7.568020666585767
urn:ioos:station:GOA_RUNOFF_DISCHARGE,urn:ioos:sensor:GOA_RUNOFF_DISCHARGE:q,58.069320239858385,-154.46915010358515,1999-04-21T00:00:00Z,5.378225886110915
urn:ioos:station:GOA_RUNOFF_DISCHARGE,urn:ioos:sensor:GOA_RUNOFF_DISCHARGE:q,58.069320239858385,-154.46915010358515,1999-04-22T00:00:00Z,3.918183079444241
urn:ioos:station:GOA_RUNOFF_DISCHARGE,urn:ioos:sensor:GOA_RUNOFF_DISCHARGE:q,58.069320239858385,-154.46915010358515,1999-04-23T00:00:00Z,2.7786603716434644
urn:ioos:station:GOA_RUNOFF_DISCHARGE,urn:ioos:sensor:GOA_RUNOFF_DISCHARGE:q,58.069320239858385,-154.46915010358515,1999-04-24T00:00:00Z,1.8155605905226295
urn:ioos:station:GOA_RUNOFF_DISCHARGE,urn:ioos:sensor:GOA_RUNOFF_DISCHARGE:q,58.069320239858385,-154.46915010358515,1999-04-25T00:00:00Z,1.1786673446912381
urn:ioos:station:GOA_RUNOFF_DISCHARGE,urn:ioos:sensor:GOA_RUNOFF_DISCHARGE:q,58.069320239858385,-154.46915010358515,1999-04-26T00:00:00Z,0.8394687282560488
urn:ioos:station:GOA_RUNOFF_DISCHARGE,urn:ioos:sensor:GOA_RUNOFF_DISCHARGE:q,58.069320239858385,-154.46915010358515,1999-04-27T00:00:00Z,0.5946928597731544
urn:ioos:station:GOA_RUNOFF_DISCHARGE,urn:ioos:sensor:GOA_RUNOFF_DISCHARGE:q,58.069320239858385,-154.46915010358515,1999-04-28T00:00:00Z,0.4209729440215692
urn:ioos:station:GOA_RUNOFF_DISCHARGE,urn:ioos:sensor:GOA_RUNOFF_DISCHARGE:q,58.069320239858385,-154.46915010358515,1999-04-29T00:00:00Z,0.29796800564291975
urn:ioos:station:GOA_RUNOFF_DISCHARGE,urn:ioos:sensor:GOA_RUNOFF_DISCHARGE:q,58.069320239858385,-154.46915010358515,1999-04-30T00:00:00Z,1.3032741586830239
urn:ioos:station:GOA_RUNOFF_DISCHARGE,urn:ioos:sensor:GOA_RUNOFF_DISCHARGE:q,58.069320239858385,-154.46915010358515,1999-05-01T00:00:00Z,0.8905618015544258
urn:ioos:station:GOA_RUNOFF_DISCHARGE,urn:ioos:sensor:GOA_RUNOFF_DISCHARGE:q,58.069320239858385,-154.46915010358515,1999-05-02T00:00:00Z,0.5806570681108851
urn:ioos:station:GOA_RUNOFF_DISCHARGE,urn:ioos:sensor:GOA_RUNOFF_DISCHARGE:q,58.069320239858385,-154.46915010358515,1999-05-03T00:00:00Z,0.3771081268134711
urn:ioos:station:GOA_RUNOFF_DISCHARGE,urn:ioos:sensor:GOA_RUNOFF_DISCHARGE:q,58.069320239858385,-154.46915010358515,1999-05-04T00:00:00Z,0.46986519382074426
urn:ioos:station:GOA_RUNOFF_DISCHARGE,urn:ioos:sensor:GOA_RUNOFF_DISCHARGE:q,58.069320239858385,-154.46915010358515,1999-05-05T00:00:00Z,0.34098065988753645
urn:ioos:station:GOA_RUNOFF_DISCHARGE,urn:ioos:sensor:GOA_RUNOFF_DISCHARGE:q,58.069320239858385,-154.46915010358515,1999-05-06T00:00:00Z,0.24218461555337642
urn:ioos:station:GOA_RUNOFF_DISCHARGE,urn:ioos:sensor:GOA_RUNOFF_DISCHARGE:q,58.069320239858385,-154.46915010358515,1999-05-07T00:00:00Z,0.1583695040270498
urn:ioos:station:GOA_RUNOFF_DISCHARGE,urn:ioos:sensor:GOA_RUNOFF_DISCHARGE:q,58.069320239858385,-154.46915010358515,1999-05-08T00:00:00Z,0.11279739262848235
urn:ioos:station:GOA_RUNOFF_DISCHARGE,urn:ioos:sensor:GOA_RUNOFF_DISCHARGE:q,58.069320239858385,-154.46915010358515,1999-05-09T00:00:00Z,2.6312982082683645
urn:ioos:station:GOA_RUNOFF_DISCHARGE,urn:ioos:sensor:GOA_RUNOFF_DISCHARGE:q,58.069320239858385,-154.46915010358515,1999-05-10T00:00:00Z,3.941986283401716
urn:ioos:station:GOA_RUNOFF_DISCHARGE,urn:ioos:sensor:GOA_RUNOFF_DISCHARGE:q,58.069320239858385,-154.46915010358515,1999-05-11T00:00:00Z,3.2840217542766323
urn:ioos:station:GOA_RUNOFF_DISCHARGE,urn:ioos:sensor:GOA_RUNOFF_DISCHARGE:q,58.069320239858385,-154.46915010358515,1999-05-12T00:00:00Z,2.353283774373365
urn:ioos:station:GOA_RUNOFF_DISCHARGE,urn:ioos:sensor:GOA_RUNOFF_DISCHARGE:q,58.069320239858385,-154.46915010358515,1999-05-13T00:00:00Z,1.66852639970916
urn:ioos:station:GOA_RUNOFF_DISCHARGE,urn:ioos:sensor:GOA_RUNOFF_DISCHARGE:q,58.069320239858385,-154.46915010358515,1999-05-14T00:00:00Z,1.1812633665759744
urn:ioos:station:GOA_RUNOFF_DISCHARGE,urn:ioos:sensor:GOA_RUNOFF_DISCHARGE:q,58.069320239858385,-154.46915010358515,1999-05-15T00:00:00Z,0.8361217110371507
urn:ioos:station:GOA_RUNOFF_DISCHARGE,urn:ioos:sensor:GOA_RUNOFF_DISCHARGE:q,58.069320239858385,-154.46915010358515,1999-05-16T00:00:00Z,0.5918060960668368
urn:ioos:station:GOA_RUNOFF_DISCHARGE,urn:ioos:sensor:GOA_RUNOFF_DISCHARGE:q,58.069320239858385,-154.46915010358515,1999-05-17T00:00:00Z,0.4188779913282124
urn:ioos:station:GOA_RUNOFF_DISCHARGE,urn:ioos:sensor:GOA_RUNOFF_DISCHARGE:q,58.069320239858385,-154.46915010358515,1999-05-18T00:00:00Z,0.29648002583613375
urn:ioos:station:GOA_RUNOFF_DISCHARGE,urn:ioos:sensor:GOA_RUNOFF_DISCHARGE:q,58.069320239858385,-154.46915010358515,1999-05-19T00:00:00Z,0.20984725112013455
urn:ioos:station:GOA_RUNOFF_DISCHARGE,urn:ioos:sensor:GOA_RUNOFF_DISCHARGE:q,58.069320239858385,-154.46915010358515,1999-05-20T00:00:00Z,0.14852896227027318
urn:ioos:station:GOA_RUNOFF_DISCHARGE,urn:ioos:sensor:GOA_RUNOFF_DISCHARGE:q,58.069320239858385,-154.46915010358515,1999-05-21T00:00:00Z,0.10512813151556429
urn:ioos:station:GOA_RUNOFF_DISCHARGE,urn:ioos:sensor:GOA_RUNOFF_DISCHARGE:q,58.069320239858385,-154.46915010358515,1999-05-22T00:00:00Z,0.07440922714834701
urn:ioos:station:GOA_RUNOFF_DISCHARGE,urn:ioos:sensor:GOA_RUNOFF_DISCHARGE:q,58.069320239858385,-154.46915010358515,1999-05-23T00:00:00Z,0.052666520182776934
urn:ioos:station:GOA_RUNOFF_DISCHARGE,urn:ioos:sensor:GOA_RUNOFF_DISCHARGE:q,58.069320239858385,-154.46915010358515,1999-05-24T00:00:00Z,0.03727712636050062
urn:ioos:station:GOA_RUNOFF_DISCHARGE,urn:ioos:sensor:GOA_RUNOFF_DISCHARGE:q,58.069320239858385,-154.46915010358515,1999-05-25T00:00:00Z,0.6950179298183238
urn:ioos:station:GOA_RUNOFF_DISCHARGE,urn:ioos:sensor:GOA_RUNOFF_DISCHARGE:q,58.069320239858385,-154.46915010358515,1999-05-26T00:00:00Z,0.5235605050903144
urn:ioos:station:GOA_RUNOFF_DISCHARGE,urn:ioos:sensor:GOA_RUNOFF_DISCHARGE:q,58.069320239858385,-154.46915010358515,1999-05-27T00:00:00Z,0.3737323314165319
urn:ioos:station:GOA_RUNOFF_DISCHARGE,urn:ioos:sensor:GOA_RUNOFF_DISCHARGE:q,58.069320239858385,-154.46915010358515,1999-05-28T00:00:00Z,0.26484149423377
urn:ioos:station:GOA_RUNOFF_DISCHARGE,urn:ioos:sensor:GOA_RUNOFF_DISCHARGE:q,58.069320239858385,-154.46915010358515,1999-05-29T00:00:00Z,3.5191766338341943
urn:ioos:station:GOA_RUNOFF_DISCHARGE,urn:ioos:sensor:GOA_RUNOFF_DISCHARGE:q,58.069320239858385,-154.46915010358515,1999-05-30T00:00:00Z,3.8098724103307884
urn:ioos:station:GOA_RUNOFF_DISCHARGE,urn:ioos:sensor:GOA_RUNOFF_DISCHARGE:q,58.069320239858385,-154.46915010358515,1999-05-31T00:00:00Z,2.767290393058849
urn:ioos:station:GOA_RUNOFF_DISCHARGE,urn:ioos:sensor:GOA_RUNOFF_DISCHARGE:q,58.069320239858385,-154.46915010358515,1999-06-01T00:00:00Z,3.1331543759267744
urn:ioos:station:GOA_RUNOFF_DISCHARGE,urn:ioos:sensor:GOA_RUNOFF_DISCHARGE:q,58.069320239858385,-154.46915010358515,1999-06-02T00:00:00Z,2.27356289312527
urn:ioos:station:GOA_RUNOFF_DISCHARGE,urn:ioos:sensor:GOA_RUNOFF_DISCHARGE:q,58.069320239858385,-154.46915010358515,1999-06-03T00:00:00Z,1.6148028364910902
urn:ioos:station:GOA_RUNOFF_DISCHARGE,urn:ioos:sensor:GOA_RUNOFF_DISCHARGE:q,58.069320239858385,-154.46915010358515,1999-06-04T00:00:00Z,1.1435079756746078
urn:ioos:station:GOA_RUNOFF_DISCHARGE,urn:ioos:sensor:GOA_RUNOFF_DISCHARGE:q,58.069320239858385,-154.46915010358515,1999-06-05T00:00:00Z,0.8094255601762474
urn:ioos:station:GOA_RUNOFF_DISCHARGE,urn:ioos:sensor:GOA_RUNOFF_DISCHARGE:q,58.069320239858385,-154.46915010358515,1999-06-06T00:00:00Z,0.5729134030742258
urn:ioos:station:GOA_RUNOFF_DISCHARGE,urn:ioos:sensor:GOA_RUNOFF_DISCHARGE:q,58.069320239858385,-154.46915010358515,1999-06-07T00:00:00Z,2.208542497228829
urn:ioos:station:GOA_RUNOFF_DISCHARGE,urn:ioos:sensor:GOA_RUNOFF_DISCHARGE:q,58.069320239858385,-154.46915010358515,1999-06-08T00:00:00Z,1.6484899468084815
urn:ioos:station:GOA_RUNOFF_DISCHARGE,urn:ioos:sensor:GOA_RUNOFF_DISCHARGE:q,58.069320239858385,-154.46915010358515,1999-06-09T00:00:00Z,3.0018535274971923
urn:ioos:station:GOA_RUNOFF_DISCHARGE,urn:ioos:sensor:GOA_RUNOFF_DISCHARGE:q,58.069320239858385,-154.46915010358515,1999-06-10T00:00:00Z,2.430638990718438
urn:ioos:station:GOA_RUNOFF_DISCHARGE,urn:ioos:sensor:GOA_RUNOFF_DISCHARGE:q,58.069320239858385,-154.46915010358515,1999-06-11T00:00:00Z,1.7394537222069617
urn:ioos:station:GOA_RUNOFF_DISCHARGE,urn:ioos:sensor:GOA_RUNOFF_DISCHARGE:q,58.069320239858385,-154.46915010358515,1999-06-12T00:00:00Z,2.1717819432753354
urn:ioos:station:GOA_RUNOFF_DISCHARGE,urn:ioos:sensor:GOA_RUNOFF_DISCHARGE:q,58.069320239858385,-154.46915010358515,1999-06-13T00:00:00Z,1.5817733815429684
urn:ioos:station:GOA_RUNOFF_DISCHARGE,urn:ioos:sensor:GOA_RUNOFF_DISCHARGE:q,58.069320239858385,-154.46915010358515,1999-06-14T00:00:00Z,1.806034388693428
urn:ioos:station:GOA_RUNOFF_DISCHARGE,urn:ioos:sensor:GOA_RUNOFF_DISCHARGE:q,58.069320239858385,-154.46915010358515,1999-06-15T00:00:00Z,2.4253080223500563
urn:ioos:station:GOA_RUNOFF_DISCHARGE,urn:ioos:sensor:GOA_RUNOFF_DISCHARGE:q,58.069320239858385,-154.46915010358515,1999-06-16T00:00:00Z,1.7726003947854134
urn:ioos:station:GOA_RUNOFF_DISCHARGE,urn:ioos:sensor:GOA_RUNOFF_DISCHARGE:q,58.069320239858385,-154.46915010358515,1999-06-17T00:00:00Z,1.2602287137601136
urn:ioos:station:GOA_RUNOFF_DISCHARGE,urn:ioos:sensor:GOA_RUNOFF_DISCHARGE:q,58.069320239858385,-154.46915010358515,1999-06-18T00:00:00Z,0.8925425953266617
urn:ioos:station:GOA_RUNOFF_DISCHARGE,urn:ioos:sensor:GOA_RUNOFF_DISCHARGE:q,58.069320239858385,-154.46915010358515,1999-06-19T00:00:00Z,0.6317933580103433
urn:ioos:station:GOA_RUNOFF_DISCHARGE,urn:ioos:sensor:GOA_RUNOFF_DISCHARGE:q,58.069320239858385,-154.46915010358515,1999-06-20T00:00:00Z,0.4471861477209224
urn:ioos:station:GOA_RUNOFF_DISCHARGE,urn:ioos:sensor:GOA_RUNOFF_DISCHARGE:q,58.069320239858385,-154.46915010358515,1999-06-21T00:00:00Z,0.3466733123975395
urn:ioos:station:GOA_RUNOFF_DISCHARGE,urn:ioos:sensor:GOA_RUNOFF_DISCHARGE:q,58.069320239858385,-154.46915010358515,1999-06-22T00:00:00Z,0.5507365115142123
urn:ioos:station:GOA_RUNOFF_DISCHARGE,urn:ioos:sensor:GOA_RUNOFF_DISCHARGE:q,58.069320239858385,-154.46915010358515,1999-06-23T00:00:00Z,0.404329092973806
urn:ioos:station:GOA_RUNOFF_DISCHARGE,urn:ioos:sensor:GOA_RUNOFF_DISCHARGE:q,58.069320239858385,-154.46915010358515,1999-06-24T00:00:00Z,0.28763229833243054
urn:ioos:station:GOA_RUNOFF_DISCHARGE,urn:ioos:sensor:GOA_RUNOFF_DISCHARGE:q,58.069320239858385,-154.46915010358515,1999-06-25T00:00:00Z,0.20372966825551245
urn:ioos:station:GOA_RUNOFF_DISCHARGE,urn:ioos:sensor:GOA_RUNOFF_DISCHARGE:q,58.069320239858385,-154.46915010358515,1999-06-26T00:00:00Z,0.1442134195805685
urn:ioos:station:GOA_RUNOFF_DISCHARGE,urn:ioos:sensor:GOA_RUNOFF_DISCHARGE:q,58.069320239858385,-154.46915010358515,1999-06-27T00:00:00Z,0.10207506282951513
urn:ioos:station:GOA_RUNOFF_DISCHARGE,urn:ioos:sensor:GOA_RUNOFF_DISCHARGE:q,58.069320239858385,-154.46915010358515,1999-06-28T00:00:00Z,0.07224841353895887
urn:ioos:station:GOA_RUNOFF_DISCHARGE,urn:ioos:sensor:GOA_RUNOFF_DISCHARGE:q,58.069320239858385,-154.46915010358515,1999-06-29T00:00:00Z,0.0842394498727117
urn:ioos:station:GOA_RUNOFF_DISCHARGE,urn:ioos:sensor:GOA_RUNOFF_DISCHARGE:q,58.069320239858385,-154.46915010358515,1999-06-30T00:00:00Z,0.06119022595757824
urn:ioos:station:GOA_RUNOFF_DISCHARGE,urn:ioos:sensor:GOA_RUNOFF_DISCHARGE:q,58.069320239858385,-154.46915010358515,1999-07-01T00:00:00Z,0.043466539557513444
urn:ioos:station:GOA_RUNOFF_DISCHARGE,urn:ioos:sensor:GOA_RUNOFF_DISCHARGE:q,58.069320239858385,-154.46915010358515,1999-07-02T00:00:00Z,0.03078103850919227
urn:ioos:station:GOA_RUNOFF_DISCHARGE,urn:ioos:sensor:GOA_RUNOFF_DISCHARGE:q,58.069320239858385,-154.46915010358515,1999-07-03T00:00:00Z,0.021788242265567758
urn:ioos:station:GOA_RUNOFF_DISCHARGE,urn:ioos:sensor:GOA_RUNOFF_DISCHARGE:q,58.069320239858385,-154.46915010358515,1999-07-04T00:00:00Z,0.015421776467117117
urn:ioos:station:GOA_RUNOFF_DISCHARGE,urn:ioos:sensor:GOA_RUNOFF_DISCHARGE:q,58.069320239858385,-154.46915010358515,1999-07-05T00:00:00Z,0.01091548070764285
urn:ioos:station:GOA_RUNOFF_DISCHARGE,urn:ioos:sensor:GOA_RUNOFF_DISCHARGE:q,58.069320239858385,-154.46915010358515,1999-07-06T00:00:00Z,0.007725930484441461
urn:ioos:station:GOA_RUNOFF_DISCHARGE,urn:ioos:sensor:GOA_RUNOFF_DISCHARGE:q,58.069320239858385,-154.46915010358515,1999-07-07T00:00:00Z,0.005468379543464031
urn:ioos:station:GOA_RUNOFF_DISCHARGE,urn:ioos:sensor:GOA_RUNOFF_DISCHARGE:q,58.069320239858385,-154.46915010358515,1999-07-08T00:00:00Z,0.003870494589998765
urn:ioos:station:GOA_RUNOFF_DISCHARGE,urn:ioos:sensor:GOA_RUNOFF_DISCHARGE:q,58.069320239858385,-154.46915010358515,1999-07-09T00:00:00Z,0.0027395191305780112
urn:ioos:station:GOA_RUNOFF_DISCHARGE,urn:ioos:sensor:GOA_RUNOFF_DISCHARGE:q,58.069320239858385,-154.46915010358515,1999-07-10T00:00:00Z,0.0019390194203809281
urn:ioos:station:GOA_RUNOFF_DISCHARGE,urn:ioos:sensor:GOA_RUNOFF_DISCHARGE:q,58.069320239858385,-154.46915010358515,1999-07-11T00:00:00Z,0.0013724292551983589
urn:ioos:station:GOA_RUNOFF_DISCHARGE,urn:ioos:sensor:GOA_RUNOFF_DISCHARGE:q,58.069320239858385,-154.46915010358515,1999-07-12T00:00:00Z,9.713992416794829E-4
urn:ioos:station:GOA_RUNOFF_DISCHARGE,urn:ioos:sensor:GOA_RUNOFF_DISCHARGE:q,58.069320239858385,-154.46915010358515,1999-07-13T00:00:00Z,1.4202769558026793
urn:ioos:station:GOA_RUNOFF_DISCHARGE,urn:ioos:sensor:GOA_RUNOFF_DISCHARGE:q,58.069320239858385,-154.46915010358515,1999-07-14T00:00:00Z,1.1821315137617734
urn:ioos:station:GOA_RUNOFF_DISCHARGE,urn:ioos:sensor:GOA_RUNOFF_DISCHARGE:q,58.069320239858385,-154.46915010358515,1999-07-15T00:00:00Z,0.8486032837491199
urn:ioos:station:GOA_RUNOFF_DISCHARGE,urn:ioos:sensor:GOA_RUNOFF_DISCHARGE:q,58.069320239858385,-154.46915010358515,1999-07-16T00:00:00Z,0.6018255065336441
urn:ioos:station:GOA_RUNOFF_DISCHARGE,urn:ioos:sensor:GOA_RUNOFF_DISCHARGE:q,58.069320239858385,-154.46915010358515,1999-07-17T00:00:00Z,0.42608802672062296
urn:ioos:station:GOA_RUNOFF_DISCHARGE,urn:ioos:sensor:GOA_RUNOFF_DISCHARGE:q,58.069320239858385,-154.46915010358515,1999-07-18T00:00:00Z,1.144841178217552
urn:ioos:station:GOA_RUNOFF_DISCHARGE,urn:ioos:sensor:GOA_RUNOFF_DISCHARGE:q,58.069320239858385,-154.46915010358515,1999-07-19T00:00:00Z,0.8502047318007538
urn:ioos:station:GOA_RUNOFF_DISCHARGE,urn:ioos:sensor:GOA_RUNOFF_DISCHARGE:q,58.069320239858385,-154.46915010358515,1999-07-20T00:00:00Z,0.605754599403939
urn:ioos:station:GOA_RUNOFF_DISCHARGE,urn:ioos:sensor:GOA_RUNOFF_DISCHARGE:q,58.069320239858385,-154.46915010358515,1999-07-21T00:00:00Z,0.4291482488394995
urn:ioos:station:GOA_RUNOFF_DISCHARGE,urn:ioos:sensor:GOA_RUNOFF_DISCHARGE:q,58.069320239858385,-154.46915010358515,1999-07-22T00:00:00Z,0.30378895949296686
urn:ioos:station:GOA_RUNOFF_DISCHARGE,urn:ioos:sensor:GOA_RUNOFF_DISCHARGE:q,58.069320239858385,-154.46915010358515,1999-07-23T00:00:00Z,0.21502446179441084
urn:ioos:station:GOA_RUNOFF_DISCHARGE,urn:ioos:sensor:GOA_RUNOFF_DISCHARGE:q,58.069320239858385,-154.46915010358515,1999-07-24T00:00:00Z,0.15219375635343824
urn:ioos:station:GOA_RUNOFF_DISCHARGE,urn:ioos:sensor:GOA_RUNOFF_DISCHARGE:q,58.069320239858385,-154.46915010358515,1999-07-25T00:00:00Z,0.10772208959381807
urn:ioos:station:GOA_RUNOFF_DISCHARGE,urn:ioos:sensor:GOA_RUNOFF_DISCHARGE:q,58.069320239858385,-154.46915010358515,1999-07-26T00:00:00Z,0.07624522557335296
urn:ioos:station:GOA_RUNOFF_DISCHARGE,urn:ioos:sensor:GOA_RUNOFF_DISCHARGE:q,58.069320239858385,-154.46915010358515,1999-07-27T00:00:00Z,0.05396603581273974
urn:ioos:station:GOA_RUNOFF_DISCHARGE,urn:ioos:sensor:GOA_RUNOFF_DISCHARGE:q,58.069320239858385,-154.46915010358515,1999-07-28T00:00:00Z,0.03819691804237873
urn:ioos:station:GOA_RUNOFF_DISCHARGE,urn:ioos:sensor:GOA_RUNOFF_DISCHARGE:q,58.069320239858385,-154.46915010358515,1999-07-29T00:00:00Z,0.027035605915571782
urn:ioos:station:GOA_RUNOFF_DISCHARGE,urn:ioos:sensor:GOA_RUNOFF_DISCHARGE:q,58.069320239858385,-154.46915010358515,1999-07-30T00:00:00Z,0.019135683594485593
urn:ioos:station:GOA_RUNOFF_DISCHARGE,urn:ioos:sensor:GOA_RUNOFF_DISCHARGE:q,58.069320239858385,-154.46915010358515,1999-07-31T00:00:00Z,0.013544150407574639
urn:ioos:station:GOA_RUNOFF_DISCHARGE,urn:ioos:sensor:GOA_RUNOFF_DISCHARGE:q,58.069320239858385,-154.46915010358515,1999-08-01T00:00:00Z,0.009586490056613464
urn:ioos:station:GOA_RUNOFF_DISCHARGE,urn:ioos:sensor:GOA_RUNOFF_DISCHARGE:q,58.069320239858385,-154.46915010358515,1999-08-02T00:00:00Z,0.0067852756512755885
urn:ioos:station:GOA_RUNOFF_DISCHARGE,urn:ioos:sensor:GOA_RUNOFF_DISCHARGE:q,58.069320239858385,-154.46915010358515,1999-08-03T00:00:00Z,0.0048025876582493765
urn:ioos:station:GOA_RUNOFF_DISCHARGE,urn:ioos:sensor:GOA_RUNOFF_DISCHARGE:q,58.069320239858385,-154.46915010358515,1999-08-04T00:00:00Z,6.382190811607569
urn:ioos:station:GOA_RUNOFF_DISCHARGE,urn:ioos:sensor:GOA_RUNOFF_DISCHARGE:q,58.069320239858385,-154.46915010358515,1999-08-05T00:00:00Z,4.964872055171442
urn:ioos:station:GOA_RUNOFF_DISCHARGE,urn:ioos:sensor:GOA_RUNOFF_DISCHARGE:q,58.069320239858385,-154.46915010358515,1999-08-06T00:00:00Z,3.551145867813934
urn:ioos:station:GOA_RUNOFF_DISCHARGE,urn:ioos:sensor:GOA_RUNOFF_DISCHARGE:q,58.069320239858385,-154.46915010358515,1999-08-07T00:00:00Z,2.517182964199339
urn:ioos:station:GOA_RUNOFF_DISCHARGE,urn:ioos:sensor:GOA_RUNOFF_DISCHARGE:q,58.069320239858385,-154.46915010358515,1999-08-08T00:00:00Z,1.7820202982472675
urn:ioos:station:GOA_RUNOFF_DISCHARGE,urn:ioos:sensor:GOA_RUNOFF_DISCHARGE:q,58.069320239858385,-154.46915010358515,1999-08-09T00:00:00Z,1.2613428732564815
urn:ioos:station:GOA_RUNOFF_DISCHARGE,urn:ioos:sensor:GOA_RUNOFF_DISCHARGE:q,58.069320239858385,-154.46915010358515,1999-08-10T00:00:00Z,0.8927765043577801
urn:ioos:station:GOA_RUNOFF_DISCHARGE,urn:ioos:sensor:GOA_RUNOFF_DISCHARGE:q,58.069320239858385,-154.46915010358515,1999-08-11T00:00:00Z,0.9214391750146108
urn:ioos:station:GOA_RUNOFF_DISCHARGE,urn:ioos:sensor:GOA_RUNOFF_DISCHARGE:q,58.069320239858385,-154.46915010358515,1999-08-12T00:00:00Z,1.9709110498924114
urn:ioos:station:GOA_RUNOFF_DISCHARGE,urn:ioos:sensor:GOA_RUNOFF_DISCHARGE:q,58.069320239858385,-154.46915010358515,1999-08-13T00:00:00Z,1.458104440151207
urn:ioos:station:GOA_RUNOFF_DISCHARGE,urn:ioos:sensor:GOA_RUNOFF_DISCHARGE:q,58.069320239858385,-154.46915010358515,1999-08-14T00:00:00Z,1.0383411991771025
urn:ioos:station:GOA_RUNOFF_DISCHARGE,urn:ioos:sensor:GOA_RUNOFF_DISCHARGE:q,58.069320239858385,-154.46915010358515,1999-08-15T00:00:00Z,0.7355625346247849
urn:ioos:station:GOA_RUNOFF_DISCHARGE,urn:ioos:sensor:GOA_RUNOFF_DISCHARGE:q,58.069320239858385,-154.46915010358515,1999-08-16T00:00:00Z,0.5206907122867044
urn:ioos:station:GOA_RUNOFF_DISCHARGE,urn:ioos:sensor:GOA_RUNOFF_DISCHARGE:q,58.069320239858385,-154.46915010358515,1999-08-17T00:00:00Z,0.3685488717664524
urn:ioos:station:GOA_RUNOFF_DISCHARGE,urn:ioos:sensor:GOA_RUNOFF_DISCHARGE:q,58.069320239858385,-154.46915010358515,1999-08-18T00:00:00Z,0.26085787082725537
urn:ioos:station:GOA_RUNOFF_DISCHARGE,urn:ioos:sensor:GOA_RUNOFF_DISCHARGE:q,58.069320239858385,-154.46915010358515,1999-08-19T00:00:00Z,0.18463409733004793
urn:ioos:station:GOA_RUNOFF_DISCHARGE,urn:ioos:sensor:GOA_RUNOFF_DISCHARGE:q,58.069320239858385,-154.46915010358515,1999-08-20T00:00:00Z,3.5504401939990187
urn:ioos:station:GOA_RUNOFF_DISCHARGE,urn:ioos:sensor:GOA_RUNOFF_DISCHARGE:q,58.069320239858385,-154.46915010358515,1999-08-21T00:00:00Z,2.6747587167419944
urn:ioos:station:GOA_RUNOFF_DISCHARGE,urn:ioos:sensor:GOA_RUNOFF_DISCHARGE:q,58.069320239858385,-154.46915010358515,1999-08-22T00:00:00Z,1.90933666814733
urn:ioos:station:GOA_RUNOFF_DISCHARGE,urn:ioos:sensor:GOA_RUNOFF_DISCHARGE:q,58.069320239858385,-154.46915010358515,1999-08-23T00:00:00Z,2.127168465876665
urn:ioos:station:GOA_RUNOFF_DISCHARGE,urn:ioos:sensor:GOA_RUNOFF_DISCHARGE:q,58.069320239858385,-154.46915010358515,1999-08-24T00:00:00Z,1.5423820745550112
urn:ioos:station:GOA_RUNOFF_DISCHARGE,urn:ioos:sensor:GOA_RUNOFF_DISCHARGE:q,58.069320239858385,-154.46915010358515,1999-08-25T00:00:00Z,1.0953641558405807
urn:ioos:station:GOA_RUNOFF_DISCHARGE,urn:ioos:sensor:GOA_RUNOFF_DISCHARGE:q,58.069320239858385,-154.46915010358515,1999-08-26T00:00:00Z,0.7756606336654328
urn:ioos:station:GOA_RUNOFF_DISCHARGE,urn:ioos:sensor:GOA_RUNOFF_DISCHARGE:q,58.069320239858385,-154.46915010358515,1999-08-27T00:00:00Z,0.549045768887285
urn:ioos:station:GOA_RUNOFF_DISCHARGE,urn:ioos:sensor:GOA_RUNOFF_DISCHARGE:q,58.069320239858385,-154.46915010358515,1999-08-28T00:00:00Z,0.3886158130911814
urn:ioos:station:GOA_RUNOFF_DISCHARGE,urn:ioos:sensor:GOA_RUNOFF_DISCHARGE:q,58.069320239858385,-154.46915010358515,1999-08-29T00:00:00Z,0.27506092126029985
urn:ioos:station:GOA_RUNOFF_DISCHARGE,urn:ioos:sensor:GOA_RUNOFF_DISCHARGE:q,58.069320239858385,-154.46915010358515,1999-08-30T00:00:00Z,0.19468692337272922
urn:ioos:station:GOA_RUNOFF_DISCHARGE,urn:ioos:sensor:GOA_RUNOFF_DISCHARGE:q,58.069320239858385,-154.46915010358515,1999-08-31T00:00:00Z,0.13779855813678127
urn:ioos:station:GOA_RUNOFF_DISCHARGE,urn:ioos:sensor:GOA_RUNOFF_DISCHARGE:q,58.069320239858385,-154.46915010358515,1999-09-01T00:00:00Z,1.5175540385658077
urn:ioos:station:GOA_RUNOFF_DISCHARGE,urn:ioos:sensor:GOA_RUNOFF_DISCHARGE:q,58.069320239858385,-154.46915010358515,1999-09-02T00:00:00Z,1.526492310439965
urn:ioos:station:GOA_RUNOFF_DISCHARGE,urn:ioos:sensor:GOA_RUNOFF_DISCHARGE:q,58.069320239858385,-154.46915010358515,1999-09-03T00:00:00Z,2.9302655238102586
urn:ioos:station:GOA_RUNOFF_DISCHARGE,urn:ioos:sensor:GOA_RUNOFF_DISCHARGE:q,58.069320239858385,-154.46915010358515,1999-09-04T00:00:00Z,2.2666645500680547
urn:ioos:station:GOA_RUNOFF_DISCHARGE,urn:ioos:sensor:GOA_RUNOFF_DISCHARGE:q,58.069320239858385,-154.46915010358515,1999-09-05T00:00:00Z,1.6181063739941364
urn:ioos:station:GOA_RUNOFF_DISCHARGE,urn:ioos:sensor:GOA_RUNOFF_DISCHARGE:q,58.069320239858385,-154.46915010358515,1999-09-06T00:00:00Z,1.146663642676542
urn:ioos:station:GOA_RUNOFF_DISCHARGE,urn:ioos:sensor:GOA_RUNOFF_DISCHARGE:q,58.069320239858385,-154.46915010358515,1999-09-07T00:00:00Z,0.8117407728219947
urn:ioos:station:GOA_RUNOFF_DISCHARGE,urn:ioos:sensor:GOA_RUNOFF_DISCHARGE:q,58.069320239858385,-154.46915010358515,1999-09-08T00:00:00Z,0.574560238423799
urn:ioos:station:GOA_RUNOFF_DISCHARGE,urn:ioos:sensor:GOA_RUNOFF_DISCHARGE:q,58.069320239858385,-154.46915010358515,1999-09-09T00:00:00Z,0.4066725246787066
urn:ioos:station:GOA_RUNOFF_DISCHARGE,urn:ioos:sensor:GOA_RUNOFF_DISCHARGE:q,58.069320239858385,-154.46915010358515,1999-09-10T00:00:00Z,0.2878411785709898
urn:ioos:station:GOA_RUNOFF_DISCHARGE,urn:ioos:sensor:GOA_RUNOFF_DISCHARGE:q,58.069320239858385,-154.46915010358515,1999-09-11T00:00:00Z,1.3483284848799384
urn:ioos:station:GOA_RUNOFF_DISCHARGE,urn:ioos:sensor:GOA_RUNOFF_DISCHARGE:q,58.069320239858385,-154.46915010358515,1999-09-12T00:00:00Z,1.4848928127392274
urn:ioos:station:GOA_RUNOFF_DISCHARGE,urn:ioos:sensor:GOA_RUNOFF_DISCHARGE:q,58.069320239858385,-154.46915010358515,1999-09-13T00:00:00Z,1.200173425143449
urn:ioos:station:GOA_RUNOFF_DISCHARGE,urn:ioos:sensor:GOA_RUNOFF_DISCHARGE:q,58.069320239858385,-154.46915010358515,1999-09-14T00:00:00Z,0.8580027300375549
urn:ioos:station:GOA_RUNOFF_DISCHARGE,urn:ioos:sensor:GOA_RUNOFF_DISCHARGE:q,58.069320239858385,-154.46915010358515,1999-09-15T00:00:00Z,0.6081417739394622
urn:ioos:station:GOA_RUNOFF_DISCHARGE,urn:ioos:sensor:GOA_RUNOFF_DISCHARGE:q,58.069320239858385,-154.46915010358515,1999-09-16T00:00:00Z,0.4305250297663345
urn:ioos:station:GOA_RUNOFF_DISCHARGE,urn:ioos:sensor:GOA_RUNOFF_DISCHARGE:q,58.069320239858385,-154.46915010358515,1999-09-17T00:00:00Z,1.760322012455088
urn:ioos:station:GOA_RUNOFF_DISCHARGE,urn:ioos:sensor:GOA_RUNOFF_DISCHARGE:q,58.069320239858385,-154.46915010358515,1999-09-18T00:00:00Z,8.011220132190966
urn:ioos:station:GOA_RUNOFF_DISCHARGE,urn:ioos:sensor:GOA_RUNOFF_DISCHARGE:q,58.069320239858385,-154.46915010358515,1999-09-19T00:00:00Z,9.53512247238592
urn:ioos:station:GOA_RUNOFF_DISCHARGE,urn:ioos:sensor:GOA_RUNOFF_DISCHARGE:q,58.069320239858385,-154.46915010358515,1999-09-20T00:00:00Z,8.380513289864929
urn:ioos:station:GOA_RUNOFF_DISCHARGE,urn:ioos:sensor:GOA_RUNOFF_DISCHARGE:q,58.069320239858385,-154.46915010358515,1999-09-21T00:00:00Z,8.495281321679967
urn:ioos:station:GOA_RUNOFF_DISCHARGE,urn:ioos:sensor:GOA_RUNOFF_DISCHARGE:q,58.069320239858385,-154.46915010358515,1999-09-22T00:00:00Z,6.219850576797767
urn:ioos:station:GOA_RUNOFF_DISCHARGE,urn:ioos:sensor:GOA_RUNOFF_DISCHARGE:q,58.069320239858385,-154.46915010358515,1999-09-23T00:00:00Z,7.065246754607289
urn:ioos:station:GOA_RUNOFF_DISCHARGE,urn:ioos:sensor:GOA_RUNOFF_DISCHARGE:q,58.069320239858385,-154.46915010358515,1999-09-24T00:00:00Z,5.12758012443063
urn:ioos:station:GOA_RUNOFF_DISCHARGE,urn:ioos:sensor:GOA_RUNOFF_DISCHARGE:q,58.069320239858385,-154.46915010358515,1999-09-25T00:00:00Z,3.641943091562585
urn:ioos:station:GOA_RUNOFF_DISCHARGE,urn:ioos:sensor:GOA_RUNOFF_DISCHARGE:q,58.069320239858385,-154.46915010358515,1999-09-26T00:00:00Z,2.579015987763981
urn:ioos:station:GOA_RUNOFF_DISCHARGE,urn:ioos:sensor:GOA_RUNOFF_DISCHARGE:q,58.069320239858385,-154.46915010358515,1999-09-27T00:00:00Z,1.8255422440198468
urn:ioos:station:GOA_RUNOFF_DISCHARGE,urn:ioos:sensor:GOA_RUNOFF_DISCHARGE:q,58.069320239858385,-154.46915010358515,1999-09-28T00:00:00Z,1.2921233547023703
urn:ioos:station:GOA_RUNOFF_DISCHARGE,urn:ioos:sensor:GOA_RUNOFF_DISCHARGE:q,58.069320239858385,-154.46915010358515,1999-09-29T00:00:00Z,0.9145603682291173
urn:ioos:station:GOA_RUNOFF_DISCHARGE,urn:ioos:sensor:GOA_RUNOFF_DISCHARGE:q,58.069320239858385,-154.46915010358515,1999-09-30T00:00:00Z,1.7634026917473835
urn:ioos:station:GOA_RUNOFF_DISCHARGE,urn:ioos:sensor:GOA_RUNOFF_DISCHARGE:q,58.069320239858385,-154.46915010358515,1999-10-01T00:00:00Z,3.792584980553986
urn:ioos:station:GOA_RUNOFF_DISCHARGE,urn:ioos:sensor:GOA_RUNOFF_DISCHARGE:q,58.069320239858385,-154.46915010358515,1999-10-02T00:00:00Z,8.355685780105267
urn:ioos:station:GOA_RUNOFF_DISCHARGE,urn:ioos:sensor:GOA_RUNOFF_DISCHARGE:q,58.069320239858385,-154.46915010358515,1999-10-03T00:00:00Z,6.922587504643001
urn:ioos:station:GOA_RUNOFF_DISCHARGE,urn:ioos:sensor:GOA_RUNOFF_DISCHARGE:q,58.069320239858385,-154.46915010358515,1999-10-04T00:00:00Z,5.911787383634089
urn:ioos:station:GOA_RUNOFF_DISCHARGE,urn:ioos:sensor:GOA_RUNOFF_DISCHARGE:q,58.069320239858385,-154.46915010358515,1999-10-05T00:00:00Z,6.220171576817975
urn:ioos:station:GOA_RUNOFF_DISCHARGE,urn:ioos:sensor:GOA_RUNOFF_DISCHARGE:q,58.069320239858385,-154.46915010358515,1999-10-06T00:00:00Z,6.6879217554440995
urn:ioos:station:GOA_RUNOFF_DISCHARGE,urn:ioos:sensor:GOA_RUNOFF_DISCHARGE:q,58.069320239858385,-154.46915010358515,1999-10-07T00:00:00Z,5.208517385263495
urn:ioos:station:GOA_RUNOFF_DISCHARGE,urn:ioos:sensor:GOA_RUNOFF_DISCHARGE:q,58.069320239858385,-154.46915010358515,1999-10-08T00:00:00Z,3.7149824363244903
urn:ioos:station:GOA_RUNOFF_DISCHARGE,urn:ioos:sensor:GOA_RUNOFF_DISCHARGE:q,58.069320239858385,-154.46915010358515,1999-10-09T00:00:00Z,2.632285678002659
urn:ioos:station:GOA_RUNOFF_DISCHARGE,urn:ioos:sensor:GOA_RUNOFF_DISCHARGE:q,58.069320239858385,-154.46915010358515,1999-10-10T00:00:00Z,1.863403275501634
urn:ioos:station:GOA_RUNOFF_DISCHARGE,urn:ioos:sensor:GOA_RUNOFF_DISCHARGE:q,58.069320239858385,-154.46915010358515,1999-10-11T00:00:00Z,1.3189369863083742
urn:ioos:station:GOA_RUNOFF_DISCHARGE,urn:ioos:sensor:GOA_RUNOFF_DISCHARGE:q,58.069320239858385,-154.46915010358515,1999-10-12T00:00:00Z,1.1257058934063906
urn:ioos:station:GOA_RUNOFF_DISCHARGE,urn:ioos:sensor:GOA_RUNOFF_DISCHARGE:q,58.069320239858385,-154.46915010358515,1999-10-13T00:00:00Z,0.8822784223444461
urn:ioos:station:GOA_RUNOFF_DISCHARGE,urn:ioos:sensor:GOA_RUNOFF_DISCHARGE:q,58.069320239858385,-154.46915010358515,1999-10-14T00:00:00Z,0.6289955270965094
urn:ioos:station:GOA_RUNOFF_DISCHARGE,urn:ioos:sensor:GOA_RUNOFF_DISCHARGE:q,58.069320239858385,-154.46915010358515,1999-10-15T00:00:00Z,0.44565189260384624
urn:ioos:station:GOA_RUNOFF_DISCHARGE,urn:ioos:sensor:GOA_RUNOFF_DISCHARGE:q,58.069320239858385,-154.46915010358515,1999-10-16T00:00:00Z,2.151749963325758
urn:ioos:station:GOA_RUNOFF_DISCHARGE,urn:ioos:sensor:GOA_RUNOFF_DISCHARGE:q,58.069320239858385,-154.46915010358515,1999-10-17T00:00:00Z,3.6922414266961776
urn:ioos:station:GOA_RUNOFF_DISCHARGE,urn:ioos:sensor:GOA_RUNOFF_DISCHARGE:q,58.069320239858385,-154.46915010358515,1999-10-18T00:00:00Z,3.695228305572732
urn:ioos:station:GOA_RUNOFF_DISCHARGE,urn:ioos:sensor:GOA_RUNOFF_DISCHARGE:q,58.069320239858385,-154.46915010358515,1999-10-19T00:00:00Z,4.55662580816006
urn:ioos:station:GOA_RUNOFF_DISCHARGE,urn:ioos:sensor:GOA_RUNOFF_DISCHARGE:q,58.069320239858385,-154.46915010358515,1999-10-20T00:00:00Z,3.846434049517662
urn:ioos:station:GOA_RUNOFF_DISCHARGE,urn:ioos:sensor:GOA_RUNOFF_DISCHARGE:q,58.069320239858385,-154.46915010358515,1999-10-21T00:00:00Z,2.756861312894121
urn:ioos:station:GOA_RUNOFF_DISCHARGE,urn:ioos:sensor:GOA_RUNOFF_DISCHARGE:q,58.069320239858385,-154.46915010358515,1999-10-22T00:00:00Z,2.102620778675602
urn:ioos:station:GOA_RUNOFF_DISCHARGE,urn:ioos:sensor:GOA_RUNOFF_DISCHARGE:q,58.069320239858385,-154.46915010358515,1999-10-23T00:00:00Z,1.495564616279891
urn:ioos:station:GOA_RUNOFF_DISCHARGE,urn:ioos:sensor:GOA_RUNOFF_DISCHARGE:q,58.069320239858385,-154.46915010358515,1999-10-24T00:00:00Z,1.2359995269889368
urn:ioos:station:GOA_RUNOFF_DISCHARGE,urn:ioos:sensor:GOA_RUNOFF_DISCHARGE:q,58.069320239858385,-154.46915010358515,1999-10-25T00:00:00Z,0.8832676023247498
urn:ioos:station:GOA_RUNOFF_DISCHARGE,urn:ioos:sensor:GOA_RUNOFF_DISCHARGE:q,58.069320239858385,-154.46915010358515,1999-10-26T00:00:00Z,0.6260150287531435
urn:ioos:station:GOA_RUNOFF_DISCHARGE,urn:ioos:sensor:GOA_RUNOFF_DISCHARGE:q,58.069320239858385,-154.46915010358515,1999-10-27T00:00:00Z,0.40381421025696684
urn:ioos:station:GOA_RUNOFF_DISCHARGE,urn:ioos:sensor:GOA_RUNOFF_DISCHARGE:q,58.069320239858385,-154.46915010358515,1999-10-28T00:00:00Z,0.2620139806848708
urn:ioos:station:GOA_RUNOFF_DISCHARGE,urn:ioos:sensor:GOA_RUNOFF_DISCHARGE:q,58.069320239858385,-154.46915010358515,1999-10-29T00:00:00Z,0.17009373376101483
urn:ioos:station:GOA_RUNOFF_DISCHARGE,urn:ioos:sensor:GOA_RUNOFF_DISCHARGE:q,58.069320239858385,-154.46915010358515,1999-10-30T00:00:00Z,0.11042598853452565
urn:ioos:station:GOA_RUNOFF_DISCHARGE,urn:ioos:sensor:GOA_RUNOFF_DISCHARGE:q,58.069320239858385,-154.46915010358515,1999-10-31T00:00:00Z,0.07864748809650635
urn:ioos:station:GOA_RUNOFF_DISCHARGE,urn:ioos:sensor:GOA_RUNOFF_DISCHARGE:q,58.069320239858385,-154.46915010358515,1999-11-01T00:00:00Z,0.055715120028893124
urn:ioos:station:GOA_RUNOFF_DISCHARGE,urn:ioos:sensor:GOA_RUNOFF_DISCHARGE:q,58.069320239858385,-154.46915010358515,1999-11-02T00:00:00Z,0.03943978177328339
urn:ioos:station:GOA_RUNOFF_DISCHARGE,urn:ioos:sensor:GOA_RUNOFF_DISCHARGE:q,58.069320239858385,-154.46915010358515,1999-11-03T00:00:00Z,0.027915786490960395
urn:ioos:station:GOA_RUNOFF_DISCHARGE,urn:ioos:sensor:GOA_RUNOFF_DISCHARGE:q,58.069320239858385,-154.46915010358515,1999-11-04T00:00:00Z,0.018548748542168023
urn:ioos:station:GOA_RUNOFF_DISCHARGE,urn:ioos:sensor:GOA_RUNOFF_DISCHARGE:q,58.069320239858385,-154.46915010358515,1999-11-05T00:00:00Z,3.245529378902642
urn:ioos:station:GOA_RUNOFF_DISCHARGE,urn:ioos:sensor:GOA_RUNOFF_DISCHARGE:q,58.069320239858385,-154.46915010358515,1999-11-06T00:00:00Z,3.2645844137087514
urn:ioos:station:GOA_RUNOFF_DISCHARGE,urn:ioos:sensor:GOA_RUNOFF_DISCHARGE:q,58.069320239858385,-154.46915010358515,1999-11-07T00:00:00Z,2.8546721239695376
urn:ioos:station:GOA_RUNOFF_DISCHARGE,urn:ioos:sensor:GOA_RUNOFF_DISCHARGE:q,58.069320239858385,-154.46915010358515,1999-11-08T00:00:00Z,2.1419713028741065
urn:ioos:station:GOA_RUNOFF_DISCHARGE,urn:ioos:sensor:GOA_RUNOFF_DISCHARGE:q,58.069320239858385,-154.46915010358515,1999-11-09T00:00:00Z,1.581676292192594
urn:ioos:station:GOA_RUNOFF_DISCHARGE,urn:ioos:sensor:GOA_RUNOFF_DISCHARGE:q,58.069320239858385,-154.46915010358515,1999-11-10T00:00:00Z,1.1230038362690777
urn:ioos:station:GOA_RUNOFF_DISCHARGE,urn:ioos:sensor:GOA_RUNOFF_DISCHARGE:q,58.069320239858385,-154.46915010358515,1999-11-11T00:00:00Z,0.7952065748549048
urn:ioos:station:GOA_RUNOFF_DISCHARGE,urn:ioos:sensor:GOA_RUNOFF_DISCHARGE:q,58.069320239858385,-154.46915010358515,1999-11-12T00:00:00Z,1.2280226764867783
urn:ioos:station:GOA_RUNOFF_DISCHARGE,urn:ioos:sensor:GOA_RUNOFF_DISCHARGE:q,58.069320239858385,-154.46915010358515,1999-11-13T00:00:00Z,6.379359696675246
urn:ioos:station:GOA_RUNOFF_DISCHARGE,urn:ioos:sensor:GOA_RUNOFF_DISCHARGE:q,58.069320239858385,-154.46915010358515,1999-11-14T00:00:00Z,5.958205039015189
urn:ioos:station:GOA_RUNOFF_DISCHARGE,urn:ioos:sensor:GOA_RUNOFF_DISCHARGE:q,58.069320239858385,-154.46915010358515,1999-11-15T00:00:00Z,4.265370386546269
urn:ioos:station:GOA_RUNOFF_DISCHARGE,urn:ioos:sensor:GOA_RUNOFF_DISCHARGE:q,58.069320239858385,-154.46915010358515,1999-11-16T00:00:00Z,3.1284054174310967
urn:ioos:station:GOA_RUNOFF_DISCHARGE,urn:ioos:sensor:GOA_RUNOFF_DISCHARGE:q,58.069320239858385,-154.46915010358515,1999-11-17T00:00:00Z,2.024210472100174
urn:ioos:station:GOA_RUNOFF_DISCHARGE,urn:ioos:sensor:GOA_RUNOFF_DISCHARGE:q,58.069320239858385,-154.46915010358515,1999-11-18T00:00:00Z,1.3137558618018843
urn:ioos:station:GOA_RUNOFF_DISCHARGE,urn:ioos:sensor:GOA_RUNOFF_DISCHARGE:q,58.069320239858385,-154.46915010358515,1999-11-19T00:00:00Z,3.370735699899381
urn:ioos:station:GOA_RUNOFF_DISCHARGE,urn:ioos:sensor:GOA_RUNOFF_DISCHARGE:q,58.069320239858385,-154.46915010358515,1999-11-20T00:00:00Z,8.206494442844525
urn:ioos:station:GOA_RUNOFF_DISCHARGE,urn:ioos:sensor:GOA_RUNOFF_DISCHARGE:q,58.069320239858385,-154.46915010358515,1999-11-21T00:00:00Z,7.755815150538948
urn:ioos:station:GOA_RUNOFF_DISCHARGE,urn:ioos:sensor:GOA_RUNOFF_DISCHARGE:q,58.069320239858385,-154.46915010358515,1999-11-22T00:00:00Z,5.10614784767159
urn:ioos:station:GOA_RUNOFF_DISCHARGE,urn:ioos:sensor:GOA_RUNOFF_DISCHARGE:q,58.069320239858385,-154.46915010358515,1999-11-23T00:00:00Z,3.3189449777865936
urn:ioos:station:GOA_RUNOFF_DISCHARGE,urn:ioos:sensor:GOA_RUNOFF_DISCHARGE:q,58.069320239858385,-154.46915010358515,1999-11-24T00:00:00Z,2.1549136553281976
urn:ioos:station:GOA_RUNOFF_DISCHARGE,urn:ioos:sensor:GOA_RUNOFF_DISCHARGE:q,58.069320239858385,-154.46915010358515,1999-11-25T00:00:00Z,1.3990028110208068
urn:ioos:station:GOA_RUNOFF_DISCHARGE,urn:ioos:sensor:GOA_RUNOFF_DISCHARGE:q,58.069320239858385,-154.46915010358515,1999-11-26T00:00:00Z,1.067625281143544
urn:ioos:station:GOA_RUNOFF_DISCHARGE,urn:ioos:sensor:GOA_RUNOFF_DISCHARGE:q,58.069320239858385,-154.46915010358515,1999-11-27T00:00:00Z,3.732690323504811
urn:ioos:station:GOA_RUNOFF_DISCHARGE,urn:ioos:sensor:GOA_RUNOFF_DISCHARGE:q,58.069320239858385,-154.46915010358515,1999-11-28T00:00:00Z,2.754350671752465
urn:ioos:station:GOA_RUNOFF_DISCHARGE,urn:ioos:sensor:GOA_RUNOFF_DISCHARGE:q,58.069320239858385,-154.46915010358515,1999-11-29T00:00:00Z,1.800664347781603
urn:ioos:station:GOA_RUNOFF_DISCHARGE,urn:ioos:sensor:GOA_RUNOFF_DISCHARGE:q,58.069320239858385,-154.46915010358515,1999-11-30T00:00:00Z,1.1697107863405198
urn:ioos:station:GOA_RUNOFF_DISCHARGE,urn:ioos:sensor:GOA_RUNOFF_DISCHARGE:q,58.069320239858385,-154.46915010358515,1999-12-01T00:00:00Z,0.759426518094283
urn:ioos:station:GOA_RUNOFF_DISCHARGE,urn:ioos:sensor:GOA_RUNOFF_DISCHARGE:q,58.069320239858385,-154.46915010358515,1999-12-02T00:00:00Z,0.49302909466420347
urn:ioos:station:GOA_RUNOFF_DISCHARGE,urn:ioos:sensor:GOA_RUNOFF_DISCHARGE:q,58.069320239858385,-154.46915010358515,1999-12-03T00:00:00Z,0.3200792171783068
urn:ioos:station:GOA_RUNOFF_DISCHARGE,urn:ioos:sensor:GOA_RUNOFF_DISCHARGE:q,58.069320239858385,-154.46915010358515,1999-12-04T00:00:00Z,0.20779844217968257
urn:ioos:station:GOA_RUNOFF_DISCHARGE,urn:ioos:sensor:GOA_RUNOFF_DISCHARGE:q,58.069320239858385,-154.46915010358515,1999-12-05T00:00:00Z,0.13490469855399234
urn:ioos:station:GOA_RUNOFF_DISCHARGE,urn:ioos:sensor:GOA_RUNOFF_DISCHARGE:q,58.069320239858385,-154.46915010358515,1999-12-06T00:00:00Z,0.08758139390993794
urn:ioos:station:GOA_RUNOFF_DISCHARGE,urn:ioos:sensor:GOA_RUNOFF_DISCHARGE:q,58.069320239858385,-154.46915010358515,1999-12-07T00:00:00Z,0.05685866615620948
urn:ioos:station:GOA_RUNOFF_DISCHARGE,urn:ioos:sensor:GOA_RUNOFF_DISCHARGE:q,58.069320239858385,-154.46915010358515,1999-12-08T00:00:00Z,0.03691318107631905
urn:ioos:station:GOA_RUNOFF_DISCHARGE,urn:ioos:sensor:GOA_RUNOFF_DISCHARGE:q,58.069320239858385,-154.46915010358515,1999-12-09T00:00:00Z,0.023964384365931096
urn:ioos:station:GOA_RUNOFF_DISCHARGE,urn:ioos:sensor:GOA_RUNOFF_DISCHARGE:q,58.069320239858385,-154.46915010358515,1999-12-10T00:00:00Z,0.015557902388212128
urn:ioos:station:GOA_RUNOFF_DISCHARGE,urn:ioos:sensor:GOA_RUNOFF_DISCHARGE:q,58.069320239858385,-154.46915010358515,1999-12-11T00:00:00Z,0.010100336759043094
urn:ioos:station:GOA_RUNOFF_DISCHARGE,urn:ioos:sensor:GOA_RUNOFF_DISCHARGE:q,58.069320239858385,-154.46915010358515,1999-12-12T00:00:00Z,0.006557233257309214
urn:ioos:station:GOA_RUNOFF_DISCHARGE,urn:ioos:sensor:GOA_RUNOFF_DISCHARGE:q,58.069320239858385,-154.46915010358515,1999-12-13T00:00:00Z,0.004257017382645686
urn:ioos:station:GOA_RUNOFF_DISCHARGE,urn:ioos:sensor:GOA_RUNOFF_DISCHARGE:q,58.069320239858385,-154.46915010358515,1999-12-14T00:00:00Z,0.002763695626560779
urn:ioos:station:GOA_RUNOFF_DISCHARGE,urn:ioos:sensor:GOA_RUNOFF_DISCHARGE:q,58.069320239858385,-154.46915010358515,1999-12-15T00:00:00Z,0.00179421700708052
urn:ioos:station:GOA_RUNOFF_DISCHARGE,urn:ioos:sensor:GOA_RUNOFF_DISCHARGE:q,58.069320239858385,-154.46915010358515,1999-12-16T00:00:00Z,0.0011648225794914297
urn:ioos:station:GOA_RUNOFF_DISCHARGE,urn:ioos:sensor:GOA_RUNOFF_DISCHARGE:q,58.069320239858385,-154.46915010358515,1999-12-17T00:00:00Z,7.562136914640066E-4
urn:ioos:station:GOA_RUNOFF_DISCHARGE,urn:ioos:sensor:GOA_RUNOFF_DISCHARGE:q,58.069320239858385,-154.46915010358515,1999-12-18T00:00:00Z,4.909410713450021E-4
urn:ioos:station:GOA_RUNOFF_DISCHARGE,urn:ioos:sensor:GOA_RUNOFF_DISCHARGE:q,58.069320239858385,-154.46915010358515,1999-12-19T00:00:00Z,3.187235571216218E-4
urn:ioos:station:GOA_RUNOFF_DISCHARGE,urn:ioos:sensor:GOA_RUNOFF_DISCHARGE:q,58.069320239858385,-154.46915010358515,1999-12-20T00:00:00Z,2.069183280253567E-4
urn:ioos:station:GOA_RUNOFF_DISCHARGE,urn:ioos:sensor:GOA_RUNOFF_DISCHARGE:q,58.069320239858385,-154.46915010358515,1999-12-21T00:00:00Z,1.343333232458664E-4
urn:ioos:station:GOA_RUNOFF_DISCHARGE,urn:ioos:sensor:GOA_RUNOFF_DISCHARGE:q,58.069320239858385,-154.46915010358515,1999-12-22T00:00:00Z,8.721045385833026E-5
urn:ioos:station:GOA_RUNOFF_DISCHARGE,urn:ioos:sensor:GOA_RUNOFF_DISCHARGE:q,58.069320239858385,-154.46915010358515,1999-12-23T00:00:00Z,5.661784140129899E-5
urn:ioos:station:GOA_RUNOFF_DISCHARGE,urn:ioos:sensor:GOA_RUNOFF_DISCHARGE:q,58.069320239858385,-154.46915010358515,1999-12-24T00:00:00Z,3.675683556236643E-5
urn:ioos:station:GOA_RUNOFF_DISCHARGE,urn:ioos:sensor:GOA_RUNOFF_DISCHARGE:q,58.069320239858385,-154.46915010358515,1999-12-25T00:00:00Z,2.3862880889492507E-5
urn:ioos:station:GOA_RUNOFF_DISCHARGE,urn:ioos:sensor:GOA_RUNOFF_DISCHARGE:q,58.069320239858385,-154.46915010358515,1999-12-26T00:00:00Z,1.5492006270302308E-5
urn:ioos:station:GOA_RUNOFF_DISCHARGE,urn:ioos:sensor:GOA_RUNOFF_DISCHARGE:q,58.069320239858385,-154.46915010358515,1999-12-27T00:00:00Z,1.0057555684852759E-5
urn:ioos:station:GOA_RUNOFF_DISCHARGE,urn:ioos:sensor:GOA_RUNOFF_DISCHARGE:q,58.069320239858385,-154.46915010358515,1999-12-28T00:00:00Z,6.529459657693439E-6
urn:ioos:station:GOA_RUNOFF_DISCHARGE,urn:ioos:sensor:GOA_RUNOFF_DISCHARGE:q,58.069320239858385,-154.46915010358515,1999-12-29T00:00:00Z,4.238986380666613E-6
urn:ioos:station:GOA_RUNOFF_DISCHARGE,urn:ioos:sensor:GOA_RUNOFF_DISCHARGE:q,58.069320239858385,-154.46915010358515,1999-12-30T00:00:00Z,2.751989807553801E-6
urn:ioos:station:GOA_RUNOFF_DISCHARGE,urn:ioos:sensor:GOA_RUNOFF_DISCHARGE:q,58.069320239858385,-154.46915010358515,1999-12-31T00:00:00Z,1.7866174091120812E-6
urn:ioos:station:GOA_RUNOFF_DISCHARGE,urn:ioos:sensor:GOA_RUNOFF_DISCHARGE:q,58.069320239858385,-154.46915010358515,2000-01-01T00:00:00Z,1.1598888232342899E-6
urn:ioos:station:GOA_RUNOFF_DISCHARGE,urn:ioos:sensor:GOA_RUNOFF_DISCHARGE:q,58.069320239858385,-154.46915010358515,2000-01-02T00:00:00Z,7.530106954039447E-7
urn:ioos:station:GOA_RUNOFF_DISCHARGE,urn:ioos:sensor:GOA_RUNOFF_DISCHARGE:q,58.069320239858385,-154.46915010358515,2000-01-03T00:00:00Z,4.888615772325918E-7
urn:ioos:station:GOA_RUNOFF_DISCHARGE,urn:ioos:sensor:GOA_RUNOFF_DISCHARGE:q,58.069320239858385,-154.46915010358515,2000-01-04T00:00:00Z,3.1737352262462566E-7
urn:ioos:station:GOA_RUNOFF_DISCHARGE,urn:ioos:sensor:GOA_RUNOFF_DISCHARGE:q,58.069320239858385,-154.46915010358515,2000-01-05T00:00:00Z,2.060419015458291E-7
urn:ioos:station:GOA_RUNOFF_DISCHARGE,urn:ioos:sensor:GOA_RUNOFF_DISCHARGE:q,58.069320239858385,-154.46915010358515,2000-01-06T00:00:00Z,1.3376432478218674E-7
urn:ioos:station:GOA_RUNOFF_DISCHARGE,urn:ioos:sensor:GOA_RUNOFF_DISCHARGE:q,58.069320239858385,-154.46915010358515,2000-01-07T00:00:00Z,8.684105137312474E-8
urn:ioos:station:GOA_RUNOFF_DISCHARGE,urn:ioos:sensor:GOA_RUNOFF_DISCHARGE:q,58.069320239858385,-154.46915010358515,2000-01-08T00:00:00Z,5.637803597498512E-8
urn:ioos:station:GOA_RUNOFF_DISCHARGE,urn:ioos:sensor:GOA_RUNOFF_DISCHARGE:q,58.069320239858385,-154.46915010358515,2000-01-09T00:00:00Z,3.6601146611575336E-8
urn:ioos:station:GOA_RUNOFF_DISCHARGE,urn:ioos:sensor:GOA_RUNOFF_DISCHARGE:q,58.069320239858385,-154.46915010358515,2000-01-10T00:00:00Z,2.3761808651999286E-8
urn:ioos:station:GOA_RUNOFF_DISCHARGE,urn:ioos:sensor:GOA_RUNOFF_DISCHARGE:q,58.069320239858385,-154.46915010358515,2000-01-11T00:00:00Z,1.5426388828828432E-8
urn:ioos:station:GOA_RUNOFF_DISCHARGE,urn:ioos:sensor:GOA_RUNOFF_DISCHARGE:q,58.069320239858385,-154.46915010358515,2000-01-12T00:00:00Z,1.0014956372654314E-8
urn:ioos:station:GOA_RUNOFF_DISCHARGE,urn:ioos:sensor:GOA_RUNOFF_DISCHARGE:q,58.069320239858385,-154.46915010358515,2000-01-13T00:00:00Z,6.501803561014894E-9
urn:ioos:station:GOA_RUNOFF_DISCHARGE,urn:ioos:sensor:GOA_RUNOFF_DISCHARGE:q,58.069320239858385,-154.46915010358515,2000-01-14T00:00:00Z,4.221031643883005E-9
urn:ioos:station:GOA_RUNOFF_DISCHARGE,urn:ioos:sensor:GOA_RUNOFF_DISCHARGE:q,58.069320239858385,-154.46915010358515,2000-01-15T00:00:00Z,2.7403332063876773E-9
urn:ioos:station:GOA_RUNOFF_DISCHARGE,urn:ioos:sensor:GOA_RUNOFF_DISCHARGE:q,58.069320239858385,-154.46915010358515,2000-01-16T00:00:00Z,1.7790501927416206E-9
urn:ioos:station:GOA_RUNOFF_DISCHARGE,urn:ioos:sensor:GOA_RUNOFF_DISCHARGE:q,58.069320239858385,-154.46915010358515,2000-01-17T00:00:00Z,1.1549759215300888E-9
urn:ioos:station:GOA_RUNOFF_DISCHARGE,urn:ioos:sensor:GOA_RUNOFF_DISCHARGE:q,58.069320239858385,-154.46915010358515,2000-01-18T00:00:00Z,7.498212388334343E-10
urn:ioos:station:GOA_RUNOFF_DISCHARGE,urn:ioos:sensor:GOA_RUNOFF_DISCHARGE:q,58.069320239858385,-154.46915010358515,2000-01-19T00:00:00Z,4.867909961045418E-10
urn:ioos:station:GOA_RUNOFF_DISCHARGE,urn:ioos:sensor:GOA_RUNOFF_DISCHARGE:q,58.069320239858385,-154.46915010358515,2000-01-20T00:00:00Z,3.160292817534037E-10
urn:ioos:station:GOA_RUNOFF_DISCHARGE,urn:ioos:sensor:GOA_RUNOFF_DISCHARGE:q,58.069320239858385,-154.46915010358515,2000-01-21T00:00:00Z,2.0516914878074892E-10
urn:ioos:station:GOA_RUNOFF_DISCHARGE,urn:ioos:sensor:GOA_RUNOFF_DISCHARGE:q,58.069320239858385,-154.46915010358515,2000-01-22T00:00:00Z,1.3319773628829545E-10
urn:ioos:station:GOA_RUNOFF_DISCHARGE,urn:ioos:sensor:GOA_RUNOFF_DISCHARGE:q,58.069320239858385,-154.46915010358515,2000-01-23T00:00:00Z,8.647322061655159E-11
urn:ioos:station:GOA_RUNOFF_DISCHARGE,urn:ioos:sensor:GOA_RUNOFF_DISCHARGE:q,58.069320239858385,-154.46915010358515,2000-01-24T00:00:00Z,5.613922975113097E-11
urn:ioos:station:GOA_RUNOFF_DISCHARGE,urn:ioos:sensor:GOA_RUNOFF_DISCHARGE:q,58.069320239858385,-154.46915010358515,2000-01-25T00:00:00Z,3.644611082627519E-11
urn:ioos:station:GOA_RUNOFF_DISCHARGE,urn:ioos:sensor:GOA_RUNOFF_DISCHARGE:q,58.069320239858385,-154.46915010358515,2000-01-26T00:00:00Z,2.366115879760955E-11
urn:ioos:station:GOA_RUNOFF_DISCHARGE,urn:ioos:sensor:GOA_RUNOFF_DISCHARGE:q,58.069320239858385,-154.46915010358515,2000-01-27T00:00:00Z,1.5361044053644185E-11
urn:ioos:station:GOA_RUNOFF_DISCHARGE,urn:ioos:sensor:GOA_RUNOFF_DISCHARGE:q,58.069320239858385,-154.46915010358515,2000-01-28T00:00:00Z,9.972534467139935E-12
urn:ioos:station:GOA_RUNOFF_DISCHARGE,urn:ioos:sensor:GOA_RUNOFF_DISCHARGE:q,58.069320239858385,-154.46915010358515,2000-01-29T00:00:00Z,6.474263041733442E-12
urn:ioos:station:GOA_RUNOFF_DISCHARGE,urn:ioos:sensor:GOA_RUNOFF_DISCHARGE:q,58.069320239858385,-154.46915010358515,2000-01-30T00:00:00Z,4.2031521507472635E-12
urn:ioos:station:GOA_RUNOFF_DISCHARGE,urn:ioos:sensor:GOA_RUNOFF_DISCHARGE:q,58.069320239858385,-154.46915010358515,2000-01-31T00:00:00Z,2.7287259335671644E-12
urn:ioos:station:GOA_RUNOFF_DISCHARGE,urn:ioos:sensor:GOA_RUNOFF_DISCHARGE:q,58.069320239858385,-154.46915010358515,2000-02-01T00:00:00Z,1.771514589782655E-12
urn:ioos:station:GOA_RUNOFF_DISCHARGE,urn:ioos:sensor:GOA_RUNOFF_DISCHARGE:q,58.069320239858385,-154.46915010358515,2000-02-02T00:00:00Z,1.1500837978956508E-12
urn:ioos:station:GOA_RUNOFF_DISCHARGE,urn:ioos:sensor:GOA_RUNOFF_DISCHARGE:q,58.069320239858385,-154.46915010358515,2000-02-03T00:00:00Z,7.466451768134822E-13
urn:ioos:station:GOA_RUNOFF_DISCHARGE,urn:ioos:sensor:GOA_RUNOFF_DISCHARGE:q,58.069320239858385,-154.46915010358515,2000-02-04T00:00:00Z,4.847290380659275E-13
urn:ioos:station:GOA_RUNOFF_DISCHARGE,urn:ioos:sensor:GOA_RUNOFF_DISCHARGE:q,58.069320239858385,-154.46915010358515,2000-02-05T00:00:00Z,3.146906423806235E-13
urn:ioos:station:GOA_RUNOFF_DISCHARGE,urn:ioos:sensor:GOA_RUNOFF_DISCHARGE:q,58.069320239858385,-154.46915010358515,2000-02-06T00:00:00Z,2.0430014719670253E-13
urn:ioos:station:GOA_RUNOFF_DISCHARGE,urn:ioos:sensor:GOA_RUNOFF_DISCHARGE:q,58.069320239858385,-154.46915010358515,2000-02-07T00:00:00Z,1.3263355371148205E-13
urn:ioos:station:GOA_RUNOFF_DISCHARGE,urn:ioos:sensor:GOA_RUNOFF_DISCHARGE:q,58.069320239858385,-154.46915010358515,2000-02-08T00:00:00Z,1.2054933426914631
urn:ioos:station:GOA_RUNOFF_DISCHARGE,urn:ioos:sensor:GOA_RUNOFF_DISCHARGE:q,58.069320239858385,-154.46915010358515,2000-02-09T00:00:00Z,4.4311426904245845
urn:ioos:station:GOA_RUNOFF_DISCHARGE,urn:ioos:sensor:GOA_RUNOFF_DISCHARGE:q,58.069320239858385,-154.46915010358515,2000-02-10T00:00:00Z,3.658276993410509
urn:ioos:station:GOA_RUNOFF_DISCHARGE,urn:ioos:sensor:GOA_RUNOFF_DISCHARGE:q,58.069320239858385,-154.46915010358515,2000-02-11T00:00:00Z,4.582634177010453
urn:ioos:station:GOA_RUNOFF_DISCHARGE,urn:ioos:sensor:GOA_RUNOFF_DISCHARGE:q,58.069320239858385,-154.46915010358515,2000-02-12T00:00:00Z,8.32399623712674
urn:ioos:station:GOA_RUNOFF_DISCHARGE,urn:ioos:sensor:GOA_RUNOFF_DISCHARGE:q,58.069320239858385,-154.46915010358515,2000-02-13T00:00:00Z,7.137200224710672
urn:ioos:station:GOA_RUNOFF_DISCHARGE,urn:ioos:sensor:GOA_RUNOFF_DISCHARGE:q,58.069320239858385,-154.46915010358515,2000-02-14T00:00:00Z,5.016037353474366
urn:ioos:station:GOA_RUNOFF_DISCHARGE,urn:ioos:sensor:GOA_RUNOFF_DISCHARGE:q,58.069320239858385,-154.46915010358515,2000-02-15T00:00:00Z,3.642361970277479
urn:ioos:station:GOA_RUNOFF_DISCHARGE,urn:ioos:sensor:GOA_RUNOFF_DISCHARGE:q,58.069320239858385,-154.46915010358515,2000-02-16T00:00:00Z,2.375517761838612
urn:ioos:station:GOA_RUNOFF_DISCHARGE,urn:ioos:sensor:GOA_RUNOFF_DISCHARGE:q,58.069320239858385,-154.46915010358515,2000-02-17T00:00:00Z,3.274521732367112
urn:ioos:station:GOA_RUNOFF_DISCHARGE,urn:ioos:sensor:GOA_RUNOFF_DISCHARGE:q,58.069320239858385,-154.46915010358515,2000-02-18T00:00:00Z,2.290319883524418
urn:ioos:station:GOA_RUNOFF_DISCHARGE,urn:ioos:sensor:GOA_RUNOFF_DISCHARGE:q,58.069320239858385,-154.46915010358515,2000-02-19T00:00:00Z,6.802709783981708
urn:ioos:station:GOA_RUNOFF_DISCHARGE,urn:ioos:sensor:GOA_RUNOFF_DISCHARGE:q,58.069320239858385,-154.46915010358515,2000-02-20T00:00:00Z,8.011823191245323
urn:ioos:station:GOA_RUNOFF_DISCHARGE,urn:ioos:sensor:GOA_RUNOFF_DISCHARGE:q,58.069320239858385,-154.46915010358515,2000-02-21T00:00:00Z,5.654824236310212
urn:ioos:station:GOA_RUNOFF_DISCHARGE,urn:ioos:sensor:GOA_RUNOFF_DISCHARGE:q,58.069320239858385,-154.46915010358515,2000-02-22T00:00:00Z,3.927597589053296
urn:ioos:station:GOA_RUNOFF_DISCHARGE,urn:ioos:sensor:GOA_RUNOFF_DISCHARGE:q,58.069320239858385,-154.46915010358515,2000-02-23T00:00:00Z,2.557265079017669
urn:ioos:station:GOA_RUNOFF_DISCHARGE,urn:ioos:sensor:GOA_RUNOFF_DISCHARGE:q,58.069320239858385,-154.46915010358515,2000-02-24T00:00:00Z,1.6606175643752177
urn:ioos:station:GOA_RUNOFF_DISCHARGE,urn:ioos:sensor:GOA_RUNOFF_DISCHARGE:q,58.069320239858385,-154.46915010358515,2000-02-25T00:00:00Z,2.8203101242653985
urn:ioos:station:GOA_RUNOFF_DISCHARGE,urn:ioos:sensor:GOA_RUNOFF_DISCHARGE:q,58.069320239858385,-154.46915010358515,2000-02-26T00:00:00Z,4.668668497180581
urn:ioos:station:GOA_RUNOFF_DISCHARGE,urn:ioos:sensor:GOA_RUNOFF_DISCHARGE:q,58.069320239858385,-154.46915010358515,2000-02-27T00:00:00Z,4.49272680741618
urn:ioos:station:GOA_RUNOFF_DISCHARGE,urn:ioos:sensor:GOA_RUNOFF_DISCHARGE:q,58.069320239858385,-154.46915010358515,2000-02-28T00:00:00Z,4.490346144971231
urn:ioos:station:GOA_RUNOFF_DISCHARGE,urn:ioos:sensor:GOA_RUNOFF_DISCHARGE:q,58.069320239858385,-154.46915010358515,2000-02-29T00:00:00Z,4.882749725411516
urn:ioos:station:GOA_RUNOFF_DISCHARGE,urn:ioos:sensor:GOA_RUNOFF_DISCHARGE:q,58.069320239858385,-154.46915010358515,2000-03-01T00:00:00Z,4.410324260425499
urn:ioos:station:GOA_RUNOFF_DISCHARGE,urn:ioos:sensor:GOA_RUNOFF_DISCHARGE:q,58.069320239858385,-154.46915010358515,2000-03-02T00:00:00Z,4.38872148529507
urn:ioos:station:GOA_RUNOFF_DISCHARGE,urn:ioos:sensor:GOA_RUNOFF_DISCHARGE:q,58.069320239858385,-154.46915010358515,2000-03-03T00:00:00Z,9.43082693467277
urn:ioos:station:GOA_RUNOFF_DISCHARGE,urn:ioos:sensor:GOA_RUNOFF_DISCHARGE:q,58.069320239858385,-154.46915010358515,2000-03-04T00:00:00Z,8.539878749077626
urn:ioos:station:GOA_RUNOFF_DISCHARGE,urn:ioos:sensor:GOA_RUNOFF_DISCHARGE:q,58.069320239858385,-154.46915010358515,2000-03-05T00:00:00Z,7.378976387471942
urn:ioos:station:GOA_RUNOFF_DISCHARGE,urn:ioos:sensor:GOA_RUNOFF_DISCHARGE:q,58.069320239858385,-154.46915010358515,2000-03-06T00:00:00Z,9.637125754217063
urn:ioos:station:GOA_RUNOFF_DISCHARGE,urn:ioos:sensor:GOA_RUNOFF_DISCHARGE:q,58.069320239858385,-154.46915010358515,2000-03-07T00:00:00Z,15.627789157570653
urn:ioos:station:GOA_RUNOFF_DISCHARGE,urn:ioos:sensor:GOA_RUNOFF_DISCHARGE:q,58.069320239858385,-154.46915010358515,2000-03-08T00:00:00Z,12.401170626579798
urn:ioos:station:GOA_RUNOFF_DISCHARGE,urn:ioos:sensor:GOA_RUNOFF_DISCHARGE:q,58.069320239858385,-154.46915010358515,2000-03-09T00:00:00Z,10.515838576746885
urn:ioos:station:GOA_RUNOFF_DISCHARGE,urn:ioos:sensor:GOA_RUNOFF_DISCHARGE:q,58.069320239858385,-154.46915010358515,2000-03-10T00:00:00Z,10.110395554502135
urn:ioos:station:GOA_RUNOFF_DISCHARGE,urn:ioos:sensor:GOA_RUNOFF_DISCHARGE:q,58.069320239858385,-154.46915010358515,2000-03-11T00:00:00Z,10.377162358180877
urn:ioos:station:GOA_RUNOFF_DISCHARGE,urn:ioos:sensor:GOA_RUNOFF_DISCHARGE:q,58.069320239858385,-154.46915010358515,2000-03-12T00:00:00Z,15.00678251847706
urn:ioos:station:GOA_RUNOFF_DISCHARGE,urn:ioos:sensor:GOA_RUNOFF_DISCHARGE:q,58.069320239858385,-154.46915010358515,2000-03-13T00:00:00Z,12.867899393666212
urn:ioos:station:GOA_RUNOFF_DISCHARGE,urn:ioos:sensor:GOA_RUNOFF_DISCHARGE:q,58.069320239858385,-154.46915010358515,2000-03-14T00:00:00Z,12.7291810767369
urn:ioos:station:GOA_RUNOFF_DISCHARGE,urn:ioos:sensor:GOA_RUNOFF_DISCHARGE:q,58.069320239858385,-154.46915010358515,2000-03-15T00:00:00Z,12.647549192909487
urn:ioos:station:GOA_RUNOFF_DISCHARGE,urn:ioos:sensor:GOA_RUNOFF_DISCHARGE:q,58.069320239858385,-154.46915010358515,2000-03-16T00:00:00Z,16.375040368546017
urn:ioos:station:GOA_RUNOFF_DISCHARGE,urn:ioos:sensor:GOA_RUNOFF_DISCHARGE:q,58.069320239858385,-154.46915010358515,2000-03-17T00:00:00Z,12.368707526175527
urn:ioos:station:GOA_RUNOFF_DISCHARGE,urn:ioos:sensor:GOA_RUNOFF_DISCHARGE:q,58.069320239858385,-154.46915010358515,2000-03-18T00:00:00Z,8.863898800622868
urn:ioos:station:GOA_RUNOFF_DISCHARGE,urn:ioos:sensor:GOA_RUNOFF_DISCHARGE:q,58.069320239858385,-154.46915010358515,2000-03-19T00:00:00Z,6.281934611853621
urn:ioos:station:GOA_RUNOFF_DISCHARGE,urn:ioos:sensor:GOA_RUNOFF_DISCHARGE:q,58.069320239858385,-154.46915010358515,2000-03-20T00:00:00Z,6.757619805733369
urn:ioos:station:GOA_RUNOFF_DISCHARGE,urn:ioos:sensor:GOA_RUNOFF_DISCHARGE:q,58.069320239858385,-154.46915010358515,2000-03-21T00:00:00Z,5.764467844851837
urn:ioos:station:GOA_RUNOFF_DISCHARGE,urn:ioos:sensor:GOA_RUNOFF_DISCHARGE:q,58.069320239858385,-154.46915010358515,2000-03-22T00:00:00Z,4.2231796699558535
urn:ioos:station:GOA_RUNOFF_DISCHARGE,urn:ioos:sensor:GOA_RUNOFF_DISCHARGE:q,58.069320239858385,-154.46915010358515,2000-03-23T00:00:00Z,2.998660366640439
urn:ioos:station:GOA_RUNOFF_DISCHARGE,urn:ioos:sensor:GOA_RUNOFF_DISCHARGE:q,58.069320239858385,-154.46915010358515,2000-03-24T00:00:00Z,2.154540558583399
urn:ioos:station:GOA_RUNOFF_DISCHARGE,urn:ioos:sensor:GOA_RUNOFF_DISCHARGE:q,58.069320239858385,-154.46915010358515,2000-03-25T00:00:00Z,1.6281306520842007
urn:ioos:station:GOA_RUNOFF_DISCHARGE,urn:ioos:sensor:GOA_RUNOFF_DISCHARGE:q,58.069320239858385,-154.46915010358515,2000-03-26T00:00:00Z,1.3532418901072798
urn:ioos:station:GOA_RUNOFF_DISCHARGE,urn:ioos:sensor:GOA_RUNOFF_DISCHARGE:q,58.069320239858385,-154.46915010358515,2000-03-27T00:00:00Z,0.9723218880538436
urn:ioos:station:GOA_RUNOFF_DISCHARGE,urn:ioos:sensor:GOA_RUNOFF_DISCHARGE:q,58.069320239858385,-154.46915010358515,2000-03-28T00:00:00Z,0.6896534800953752
urn:ioos:station:GOA_RUNOFF_DISCHARGE,urn:ioos:sensor:GOA_RUNOFF_DISCHARGE:q,58.069320239858385,-154.46915010358515,2000-03-29T00:00:00Z,0.4449148752418758
urn:ioos:station:GOA_RUNOFF_DISCHARGE,urn:ioos:sensor:GOA_RUNOFF_DISCHARGE:q,58.069320239858385,-154.46915010358515,2000-03-30T00:00:00Z,2.3332441640954382
urn:ioos:station:GOA_RUNOFF_DISCHARGE,urn:ioos:sensor:GOA_RUNOFF_DISCHARGE:q,58.069320239858385,-154.46915010358515,2000-03-31T00:00:00Z,2.1789009080677504
urn:ioos:station:GOA_RUNOFF_DISCHARGE,urn:ioos:sensor:GOA_RUNOFF_DISCHARGE:q,58.069320239858385,-154.46915010358515,2000-04-01T00:00:00Z,1.43504966615888
urn:ioos:station:GOA_RUNOFF_DISCHARGE,urn:ioos:sensor:GOA_RUNOFF_DISCHARGE:q,58.069320239858385,-154.46915010358515,2000-04-02T00:00:00Z,1.2952904671968282
urn:ioos:station:GOA_RUNOFF_DISCHARGE,urn:ioos:sensor:GOA_RUNOFF_DISCHARGE:q,58.069320239858385,-154.46915010358515,2000-04-03T00:00:00Z,1.8408667060501256
urn:ioos:station:GOA_RUNOFF_DISCHARGE,urn:ioos:sensor:GOA_RUNOFF_DISCHARGE:q,58.069320239858385,-154.46915010358515,2000-04-04T00:00:00Z,1.3475113819596476
urn:ioos:station:GOA_RUNOFF_DISCHARGE,urn:ioos:sensor:GOA_RUNOFF_DISCHARGE:q,58.069320239858385,-154.46915010358515,2000-04-05T00:00:00Z,0.9582117664688623
urn:ioos:station:GOA_RUNOFF_DISCHARGE,urn:ioos:sensor:GOA_RUNOFF_DISCHARGE:q,58.069320239858385,-154.46915010358515,2000-04-06T00:00:00Z,0.6184050260199805
urn:ioos:station:GOA_RUNOFF_DISCHARGE,urn:ioos:sensor:GOA_RUNOFF_DISCHARGE:q,58.069320239858385,-154.46915010358515,2000-04-07T00:00:00Z,0.40126808151061744
urn:ioos:station:GOA_RUNOFF_DISCHARGE,urn:ioos:sensor:GOA_RUNOFF_DISCHARGE:q,58.069320239858385,-154.46915010358515,2000-04-08T00:00:00Z,1.0460332937187122
urn:ioos:station:GOA_RUNOFF_DISCHARGE,urn:ioos:sensor:GOA_RUNOFF_DISCHARGE:q,58.069320239858385,-154.46915010358515,2000-04-09T00:00:00Z,0.767111837430548
urn:ioos:station:GOA_RUNOFF_DISCHARGE,urn:ioos:sensor:GOA_RUNOFF_DISCHARGE:q,58.069320239858385,-154.46915010358515,2000-04-10T00:00:00Z,0.5456279737950788
urn:ioos:station:GOA_RUNOFF_DISCHARGE,urn:ioos:sensor:GOA_RUNOFF_DISCHARGE:q,58.069320239858385,-154.46915010358515,2000-04-11T00:00:00Z,1.7273725443972474
urn:ioos:station:GOA_RUNOFF_DISCHARGE,urn:ioos:sensor:GOA_RUNOFF_DISCHARGE:q,58.069320239858385,-154.46915010358515,2000-04-12T00:00:00Z,2.7900816576083582
urn:ioos:station:GOA_RUNOFF_DISCHARGE,urn:ioos:sensor:GOA_RUNOFF_DISCHARGE:q,58.069320239858385,-154.46915010358515,2000-04-13T00:00:00Z,2.052291395999071
urn:ioos:station:GOA_RUNOFF_DISCHARGE,urn:ioos:sensor:GOA_RUNOFF_DISCHARGE:q,58.069320239858385,-154.46915010358515,2000-04-14T00:00:00Z,2.444545658807005
urn:ioos:station:GOA_RUNOFF_DISCHARGE,urn:ioos:sensor:GOA_RUNOFF_DISCHARGE:q,58.069320239858385,-154.46915010358515,2000-04-15T00:00:00Z,2.2827742781313742
urn:ioos:station:GOA_RUNOFF_DISCHARGE,urn:ioos:sensor:GOA_RUNOFF_DISCHARGE:q,58.069320239858385,-154.46915010358515,2000-04-16T00:00:00Z,1.6443625969584927
urn:ioos:station:GOA_RUNOFF_DISCHARGE,urn:ioos:sensor:GOA_RUNOFF_DISCHARGE:q,58.069320239858385,-154.46915010358515,2000-04-17T00:00:00Z,1.1667310115627731
urn:ioos:station:GOA_RUNOFF_DISCHARGE,urn:ioos:sensor:GOA_RUNOFF_DISCHARGE:q,58.069320239858385,-154.46915010358515,2000-04-18T00:00:00Z,2.12461270055184
urn:ioos:station:GOA_RUNOFF_DISCHARGE,urn:ioos:sensor:GOA_RUNOFF_DISCHARGE:q,58.069320239858385,-154.46915010358515,2000-04-19T00:00:00Z,1.5652468796829204
urn:ioos:station:GOA_RUNOFF_DISCHARGE,urn:ioos:sensor:GOA_RUNOFF_DISCHARGE:q,58.069320239858385,-154.46915010358515,2000-04-20T00:00:00Z,1.1287164526123048
urn:ioos:station:GOA_RUNOFF_DISCHARGE,urn:ioos:sensor:GOA_RUNOFF_DISCHARGE:q,58.069320239858385,-154.46915010358515,2000-04-21T00:00:00Z,1.7604729087760627
urn:ioos:station:GOA_RUNOFF_DISCHARGE,urn:ioos:sensor:GOA_RUNOFF_DISCHARGE:q,58.069320239858385,-154.46915010358515,2000-04-22T00:00:00Z,1.8519727805197668
urn:ioos:station:GOA_RUNOFF_DISCHARGE,urn:ioos:sensor:GOA_RUNOFF_DISCHARGE:q,58.069320239858385,-154.46915010358515,2000-04-23T00:00:00Z,1.3400562880477118
urn:ioos:station:GOA_RUNOFF_DISCHARGE,urn:ioos:sensor:GOA_RUNOFF_DISCHARGE:q,58.069320239858385,-154.46915010358515,2000-04-24T00:00:00Z,0.9514055793600714
urn:ioos:station:GOA_RUNOFF_DISCHARGE,urn:ioos:sensor:GOA_RUNOFF_DISCHARGE:q,58.069320239858385,-154.46915010358515,2000-04-25T00:00:00Z,0.6736922145414016
urn:ioos:station:GOA_RUNOFF_DISCHARGE,urn:ioos:sensor:GOA_RUNOFF_DISCHARGE:q,58.069320239858385,-154.46915010358515,2000-04-26T00:00:00Z,0.47686552674093724
urn:ioos:station:GOA_RUNOFF_DISCHARGE,urn:ioos:sensor:GOA_RUNOFF_DISCHARGE:q,58.069320239858385,-154.46915010358515,2000-04-27T00:00:00Z,0.3375261931741693
urn:ioos:station:GOA_RUNOFF_DISCHARGE,urn:ioos:sensor:GOA_RUNOFF_DISCHARGE:q,58.069320239858385,-154.46915010358515,2000-04-28T00:00:00Z,0.23889982497773993
urn:ioos:station:GOA_RUNOFF_DISCHARGE,urn:ioos:sensor:GOA_RUNOFF_DISCHARGE:q,58.069320239858385,-154.46915010358515,2000-04-29T00:00:00Z,0.16909225316518275
urn:ioos:station:GOA_RUNOFF_DISCHARGE,urn:ioos:sensor:GOA_RUNOFF_DISCHARGE:q,58.069320239858385,-154.46915010358515,2000-04-30T00:00:00Z,0.11968276906090579
urn:ioos:station:GOA_RUNOFF_DISCHARGE,urn:ioos:sensor:GOA_RUNOFF_DISCHARGE:q,58.069320239858385,-154.46915010358515,2000-05-01T00:00:00Z,0.08471092687472818
urn:ioos:station:GOA_RUNOFF_DISCHARGE,urn:ioos:sensor:GOA_RUNOFF_DISCHARGE:q,58.069320239858385,-154.46915010358515,2000-05-02T00:00:00Z,0.059958010152548806
urn:ioos:station:GOA_RUNOFF_DISCHARGE,urn:ioos:sensor:GOA_RUNOFF_DISCHARGE:q,58.069320239858385,-154.46915010358515,2000-05-03T00:00:00Z,0.04243801980782757
urn:ioos:station:GOA_RUNOFF_DISCHARGE,urn:ioos:sensor:GOA_RUNOFF_DISCHARGE:q,58.069320239858385,-154.46915010358515,2000-05-04T00:00:00Z,0.030037441222371106
urn:ioos:station:GOA_RUNOFF_DISCHARGE,urn:ioos:sensor:GOA_RUNOFF_DISCHARGE:q,58.069320239858385,-154.46915010358515,2000-05-05T00:00:00Z,0.02126036825692721
urn:ioos:station:GOA_RUNOFF_DISCHARGE,urn:ioos:sensor:GOA_RUNOFF_DISCHARGE:q,58.069320239858385,-154.46915010358515,2000-05-06T00:00:00Z,0.015047994185005843
urn:ioos:station:GOA_RUNOFF_DISCHARGE,urn:ioos:sensor:GOA_RUNOFF_DISCHARGE:q,58.069320239858385,-154.46915010358515,2000-05-07T00:00:00Z,0.010650903388861162
urn:ioos:station:GOA_RUNOFF_DISCHARGE,urn:ioos:sensor:GOA_RUNOFF_DISCHARGE:q,58.069320239858385,-154.46915010358515,2000-05-08T00:00:00Z,0.0075386616297990336
urn:ioos:station:GOA_RUNOFF_DISCHARGE,urn:ioos:sensor:GOA_RUNOFF_DISCHARGE:q,58.069320239858385,-154.46915010358515,2000-05-09T00:00:00Z,0.00533583136657478
urn:ioos:station:GOA_RUNOFF_DISCHARGE,urn:ioos:sensor:GOA_RUNOFF_DISCHARGE:q,58.069320239858385,-154.46915010358515,2000-05-10T00:00:00Z,0.0037766777295846115
urn:ioos:station:GOA_RUNOFF_DISCHARGE,urn:ioos:sensor:GOA_RUNOFF_DISCHARGE:q,58.069320239858385,-154.46915010358515,2000-05-11T00:00:00Z,0.002673115797280219
urn:ioos:station:GOA_RUNOFF_DISCHARGE,urn:ioos:sensor:GOA_RUNOFF_DISCHARGE:q,58.069320239858385,-154.46915010358515,2000-05-12T00:00:00Z,0.0018920195166793636
urn:ioos:station:GOA_RUNOFF_DISCHARGE,urn:ioos:sensor:GOA_RUNOFF_DISCHARGE:q,58.069320239858385,-154.46915010358515,2000-05-13T00:00:00Z,0.0013391630945968883
urn:ioos:station:GOA_RUNOFF_DISCHARGE,urn:ioos:sensor:GOA_RUNOFF_DISCHARGE:q,58.069320239858385,-154.46915010358515,2000-05-14T00:00:00Z,9.478536173184612E-4
urn:ioos:station:GOA_RUNOFF_DISCHARGE,urn:ioos:sensor:GOA_RUNOFF_DISCHARGE:q,58.069320239858385,-154.46915010358515,2000-05-15T00:00:00Z,0.025729125966523013
urn:ioos:station:GOA_RUNOFF_DISCHARGE,urn:ioos:sensor:GOA_RUNOFF_DISCHARGE:q,58.069320239858385,-154.46915010358515,2000-05-16T00:00:00Z,0.019396350164429907
urn:ioos:station:GOA_RUNOFF_DISCHARGE,urn:ioos:sensor:GOA_RUNOFF_DISCHARGE:q,58.069320239858385,-154.46915010358515,2000-05-17T00:00:00Z,0.013847022231200443
urn:ioos:station:GOA_RUNOFF_DISCHARGE,urn:ioos:sensor:GOA_RUNOFF_DISCHARGE:q,58.069320239858385,-154.46915010358515,2000-05-18T00:00:00Z,0.009812681397056548
urn:ioos:station:GOA_RUNOFF_DISCHARGE,urn:ioos:sensor:GOA_RUNOFF_DISCHARGE:q,58.069320239858385,-154.46915010358515,2000-05-19T00:00:00Z,1.0534518804562185
urn:ioos:station:GOA_RUNOFF_DISCHARGE,urn:ioos:sensor:GOA_RUNOFF_DISCHARGE:q,58.069320239858385,-154.46915010358515,2000-05-20T00:00:00Z,0.7951339551782021
urn:ioos:station:GOA_RUNOFF_DISCHARGE,urn:ioos:sensor:GOA_RUNOFF_DISCHARGE:q,58.069320239858385,-154.46915010358515,2000-05-21T00:00:00Z,0.5677358306171398
urn:ioos:station:GOA_RUNOFF_DISCHARGE,urn:ioos:sensor:GOA_RUNOFF_DISCHARGE:q,58.069320239858385,-154.46915010358515,2000-05-22T00:00:00Z,0.4023345843441493
urn:ioos:station:GOA_RUNOFF_DISCHARGE,urn:ioos:sensor:GOA_RUNOFF_DISCHARGE:q,58.069320239858385,-154.46915010358515,2000-05-23T00:00:00Z,0.2848198974381712
urn:ioos:station:GOA_RUNOFF_DISCHARGE,urn:ioos:sensor:GOA_RUNOFF_DISCHARGE:q,58.069320239858385,-154.46915010358515,2000-05-24T00:00:00Z,0.2015991786234431
urn:ioos:station:GOA_RUNOFF_DISCHARGE,urn:ioos:sensor:GOA_RUNOFF_DISCHARGE:q,58.069320239858385,-154.46915010358515,2000-05-25T00:00:00Z,0.14269149796836705
urn:ioos:station:GOA_RUNOFF_DISCHARGE,urn:ioos:sensor:GOA_RUNOFF_DISCHARGE:q,58.069320239858385,-154.46915010358515,2000-05-26T00:00:00Z,0.10099645671653278
urn:ioos:station:GOA_RUNOFF_DISCHARGE,urn:ioos:sensor:GOA_RUNOFF_DISCHARGE:q,58.069320239858385,-154.46915010358515,2000-05-27T00:00:00Z,0.07148485447449787
urn:ioos:station:GOA_RUNOFF_DISCHARGE,urn:ioos:sensor:GOA_RUNOFF_DISCHARGE:q,58.069320239858385,-154.46915010358515,2000-05-28T00:00:00Z,0.050596662060672
urn:ioos:station:GOA_RUNOFF_DISCHARGE,urn:ioos:sensor:GOA_RUNOFF_DISCHARGE:q,58.069320239858385,-154.46915010358515,2000-05-29T00:00:00Z,0.03581209098394998
urn:ioos:station:GOA_RUNOFF_DISCHARGE,urn:ioos:sensor:GOA_RUNOFF_DISCHARGE:q,58.069320239858385,-154.46915010358515,2000-05-30T00:00:00Z,0.025347640382825366
urn:ioos:station:GOA_RUNOFF_DISCHARGE,urn:ioos:sensor:GOA_RUNOFF_DISCHARGE:q,58.069320239858385,-154.46915010358515,2000-05-31T00:00:00Z,0.01794094725518647
urn:ioos:station:GOA_RUNOFF_DISCHARGE,urn:ioos:sensor:GOA_RUNOFF_DISCHARGE:q,58.069320239858385,-154.46915010358515,2000-06-01T00:00:00Z,0.012698524201676865
urn:ioos:station:GOA_RUNOFF_DISCHARGE,urn:ioos:sensor:GOA_RUNOFF_DISCHARGE:q,58.069320239858385,-154.46915010358515,2000-06-02T00:00:00Z,0.008987958426337381
urn:ioos:station:GOA_RUNOFF_DISCHARGE,urn:ioos:sensor:GOA_RUNOFF_DISCHARGE:q,58.069320239858385,-154.46915010358515,2000-06-03T00:00:00Z,0.006361637231292164
urn:ioos:station:GOA_RUNOFF_DISCHARGE,urn:ioos:sensor:GOA_RUNOFF_DISCHARGE:q,58.069320239858385,-154.46915010358515,2000-06-04T00:00:00Z,0.004502738571109966
urn:ioos:station:GOA_RUNOFF_DISCHARGE,urn:ioos:sensor:GOA_RUNOFF_DISCHARGE:q,58.069320239858385,-154.46915010358515,2000-06-05T00:00:00Z,0.0031870185143778227
urn:ioos:station:GOA_RUNOFF_DISCHARGE,urn:ioos:sensor:GOA_RUNOFF_DISCHARGE:q,58.069320239858385,-154.46915010358515,2000-06-06T00:00:00Z,0.002255757443810222
urn:ioos:station:GOA_RUNOFF_DISCHARGE,urn:ioos:sensor:GOA_RUNOFF_DISCHARGE:q,58.069320239858385,-154.46915010358515,2000-06-07T00:00:00Z,0.0015966151163592007
urn:ioos:station:GOA_RUNOFF_DISCHARGE,urn:ioos:sensor:GOA_RUNOFF_DISCHARGE:q,58.069320239858385,-154.46915010358515,2000-06-08T00:00:00Z,2.0557892437602514
urn:ioos:station:GOA_RUNOFF_DISCHARGE,urn:ioos:sensor:GOA_RUNOFF_DISCHARGE:q,58.069320239858385,-154.46915010358515,2000-06-09T00:00:00Z,1.5522746637023592
urn:ioos:station:GOA_RUNOFF_DISCHARGE,urn:ioos:sensor:GOA_RUNOFF_DISCHARGE:q,58.069320239858385,-154.46915010358515,2000-06-10T00:00:00Z,1.1083991246939446
urn:ioos:station:GOA_RUNOFF_DISCHARGE,urn:ioos:sensor:GOA_RUNOFF_DISCHARGE:q,58.069320239858385,-154.46915010358515,2000-06-11T00:00:00Z,0.7854892201448175
urn:ioos:station:GOA_RUNOFF_DISCHARGE,urn:ioos:sensor:GOA_RUNOFF_DISCHARGE:q,58.069320239858385,-154.46915010358515,2000-06-12T00:00:00Z,0.6611557166210569
urn:ioos:station:GOA_RUNOFF_DISCHARGE,urn:ioos:sensor:GOA_RUNOFF_DISCHARGE:q,58.069320239858385,-154.46915010358515,2000-06-13T00:00:00Z,2.27762117534796
urn:ioos:station:GOA_RUNOFF_DISCHARGE,urn:ioos:sensor:GOA_RUNOFF_DISCHARGE:q,58.069320239858385,-154.46915010358515,2000-06-14T00:00:00Z,3.411218012283888
urn:ioos:station:GOA_RUNOFF_DISCHARGE,urn:ioos:sensor:GOA_RUNOFF_DISCHARGE:q,58.069320239858385,-154.46915010358515,2000-06-15T00:00:00Z,2.5040659035375286
urn:ioos:station:GOA_RUNOFF_DISCHARGE,urn:ioos:sensor:GOA_RUNOFF_DISCHARGE:q,58.069320239858385,-154.46915010358515,2000-06-16T00:00:00Z,1.7813163346783614
urn:ioos:station:GOA_RUNOFF_DISCHARGE,urn:ioos:sensor:GOA_RUNOFF_DISCHARGE:q,58.069320239858385,-154.46915010358515,2000-06-17T00:00:00Z,1.2617014986888937
urn:ioos:station:GOA_RUNOFF_DISCHARGE,urn:ioos:sensor:GOA_RUNOFF_DISCHARGE:q,58.069320239858385,-154.46915010358515,2000-06-18T00:00:00Z,0.8931159881906267
urn:ioos:station:GOA_RUNOFF_DISCHARGE,urn:ioos:sensor:GOA_RUNOFF_DISCHARGE:q,58.069320239858385,-154.46915010358515,2000-06-19T00:00:00Z,0.8147819191199982
urn:ioos:station:GOA_RUNOFF_DISCHARGE,urn:ioos:sensor:GOA_RUNOFF_DISCHARGE:q,58.069320239858385,-154.46915010358515,2000-06-20T00:00:00Z,1.5523201825576838
urn:ioos:station:GOA_RUNOFF_DISCHARGE,urn:ioos:sensor:GOA_RUNOFF_DISCHARGE:q,58.069320239858385,-154.46915010358515,2000-06-21T00:00:00Z,1.1453314925926805
urn:ioos:station:GOA_RUNOFF_DISCHARGE,urn:ioos:sensor:GOA_RUNOFF_DISCHARGE:q,58.069320239858385,-154.46915010358515,2000-06-22T00:00:00Z,0.8153145949732034
urn:ioos:station:GOA_RUNOFF_DISCHARGE,urn:ioos:sensor:GOA_RUNOFF_DISCHARGE:q,58.069320239858385,-154.46915010358515,2000-06-23T00:00:00Z,0.5775408683245503
urn:ioos:station:GOA_RUNOFF_DISCHARGE,urn:ioos:sensor:GOA_RUNOFF_DISCHARGE:q,58.069320239858385,-154.46915010358515,2000-06-24T00:00:00Z,0.40882723731435006
urn:ioos:station:GOA_RUNOFF_DISCHARGE,urn:ioos:sensor:GOA_RUNOFF_DISCHARGE:q,58.069320239858385,-154.46915010358515,2000-06-25T00:00:00Z,0.28937076340088674
urn:ioos:station:GOA_RUNOFF_DISCHARGE,urn:ioos:sensor:GOA_RUNOFF_DISCHARGE:q,58.069320239858385,-154.46915010358515,2000-06-26T00:00:00Z,0.20481578958413182
urn:ioos:station:GOA_RUNOFF_DISCHARGE,urn:ioos:sensor:GOA_RUNOFF_DISCHARGE:q,58.069320239858385,-154.46915010358515,2000-06-27T00:00:00Z,0.14496775318338315
urn:ioos:station:GOA_RUNOFF_DISCHARGE,urn:ioos:sensor:GOA_RUNOFF_DISCHARGE:q,58.069320239858385,-154.46915010358515,2000-06-28T00:00:00Z,0.10260754134664225
urn:ioos:station:GOA_RUNOFF_DISCHARGE,urn:ioos:sensor:GOA_RUNOFF_DISCHARGE:q,58.069320239858385,-154.46915010358515,2000-06-29T00:00:00Z,0.07262516100120045
urn:ioos:station:GOA_RUNOFF_DISCHARGE,urn:ioos:sensor:GOA_RUNOFF_DISCHARGE:q,58.069320239858385,-154.46915010358515,2000-06-30T00:00:00Z,0.05140377073084584
urn:ioos:station:GOA_RUNOFF_DISCHARGE,urn:ioos:sensor:GOA_RUNOFF_DISCHARGE:q,58.069320239858385,-154.46915010358515,2000-07-01T00:00:00Z,0.036383362485076585
urn:ioos:station:GOA_RUNOFF_DISCHARGE,urn:ioos:sensor:GOA_RUNOFF_DISCHARGE:q,58.069320239858385,-154.46915010358515,2000-07-02T00:00:00Z,0.025751979951055978
urn:ioos:station:GOA_RUNOFF_DISCHARGE,urn:ioos:sensor:GOA_RUNOFF_DISCHARGE:q,58.069320239858385,-154.46915010358515,2000-07-03T00:00:00Z,0.018227138013469136
urn:ioos:station:GOA_RUNOFF_DISCHARGE,urn:ioos:sensor:GOA_RUNOFF_DISCHARGE:q,58.069320239858385,-154.46915010358515,2000-07-04T00:00:00Z,0.012901086602364019
urn:ioos:station:GOA_RUNOFF_DISCHARGE,urn:ioos:sensor:GOA_RUNOFF_DISCHARGE:q,58.069320239858385,-154.46915010358515,2000-07-05T00:00:00Z,0.009131332337130468
urn:ioos:station:GOA_RUNOFF_DISCHARGE,urn:ioos:sensor:GOA_RUNOFF_DISCHARGE:q,58.069320239858385,-154.46915010358515,2000-07-06T00:00:00Z,0.26748788615241476
urn:ioos:station:GOA_RUNOFF_DISCHARGE,urn:ioos:sensor:GOA_RUNOFF_DISCHARGE:q,58.069320239858385,-154.46915010358515,2000-07-07T00:00:00Z,0.2016745938945841
urn:ioos:station:GOA_RUNOFF_DISCHARGE,urn:ioos:sensor:GOA_RUNOFF_DISCHARGE:q,58.069320239858385,-154.46915010358515,2000-07-08T00:00:00Z,0.14397742207595787
urn:ioos:station:GOA_RUNOFF_DISCHARGE,urn:ioos:sensor:GOA_RUNOFF_DISCHARGE:q,58.069320239858385,-154.46915010358515,2000-07-09T00:00:00Z,0.10202970842092227
urn:ioos:station:GOA_RUNOFF_DISCHARGE,urn:ioos:sensor:GOA_RUNOFF_DISCHARGE:q,58.069320239858385,-154.46915010358515,2000-07-10T00:00:00Z,0.07222847437274464
urn:ioos:station:GOA_RUNOFF_DISCHARGE,urn:ioos:sensor:GOA_RUNOFF_DISCHARGE:q,58.069320239858385,-154.46915010358515,2000-07-11T00:00:00Z,0.05112422362052239
urn:ioos:station:GOA_RUNOFF_DISCHARGE,urn:ioos:sensor:GOA_RUNOFF_DISCHARGE:q,58.069320239858385,-154.46915010358515,2000-07-12T00:00:00Z,0.03618562351258754
urn:ioos:station:GOA_RUNOFF_DISCHARGE,urn:ioos:sensor:GOA_RUNOFF_DISCHARGE:q,58.069320239858385,-154.46915010358515,2000-07-13T00:00:00Z,0.02561203372682601
urn:ioos:station:GOA_RUNOFF_DISCHARGE,urn:ioos:sensor:GOA_RUNOFF_DISCHARGE:q,58.069320239858385,-154.46915010358515,2000-07-14T00:00:00Z,0.01812808558023564
urn:ioos:station:GOA_RUNOFF_DISCHARGE,urn:ioos:sensor:GOA_RUNOFF_DISCHARGE:q,58.069320239858385,-154.46915010358515,2000-07-15T00:00:00Z,0.012830978849487484
urn:ioos:station:GOA_RUNOFF_DISCHARGE,urn:ioos:sensor:GOA_RUNOFF_DISCHARGE:q,58.069320239858385,-154.46915010358515,2000-07-16T00:00:00Z,0.15694996694998223
urn:ioos:station:GOA_RUNOFF_DISCHARGE,urn:ioos:sensor:GOA_RUNOFF_DISCHARGE:q,58.069320239858385,-154.46915010358515,2000-07-17T00:00:00Z,2.074710090033323
urn:ioos:station:GOA_RUNOFF_DISCHARGE,urn:ioos:sensor:GOA_RUNOFF_DISCHARGE:q,58.069320239858385,-154.46915010358515,2000-07-18T00:00:00Z,1.5617281142974726
urn:ioos:station:GOA_RUNOFF_DISCHARGE,urn:ioos:sensor:GOA_RUNOFF_DISCHARGE:q,58.069320239858385,-154.46915010358515,2000-07-19T00:00:00Z,1.1417119542500693
urn:ioos:station:GOA_RUNOFF_DISCHARGE,urn:ioos:sensor:GOA_RUNOFF_DISCHARGE:q,58.069320239858385,-154.46915010358515,2000-07-20T00:00:00Z,0.8103065342071164
urn:ioos:station:GOA_RUNOFF_DISCHARGE,urn:ioos:sensor:GOA_RUNOFF_DISCHARGE:q,58.069320239858385,-154.46915010358515,2000-07-21T00:00:00Z,2.274831369434631
urn:ioos:station:GOA_RUNOFF_DISCHARGE,urn:ioos:sensor:GOA_RUNOFF_DISCHARGE:q,58.069320239858385,-154.46915010358515,2000-07-22T00:00:00Z,1.690608043722194
urn:ioos:station:GOA_RUNOFF_DISCHARGE,urn:ioos:sensor:GOA_RUNOFF_DISCHARGE:q,58.069320239858385,-154.46915010358515,2000-07-23T00:00:00Z,1.2046425610805276
urn:ioos:station:GOA_RUNOFF_DISCHARGE,urn:ioos:sensor:GOA_RUNOFF_DISCHARGE:q,58.069320239858385,-154.46915010358515,2000-07-24T00:00:00Z,0.8534433457341392
urn:ioos:station:GOA_RUNOFF_DISCHARGE,urn:ioos:sensor:GOA_RUNOFF_DISCHARGE:q,58.069320239858385,-154.46915010358515,2000-07-25T00:00:00Z,1.008965882163934
urn:ioos:station:GOA_RUNOFF_DISCHARGE,urn:ioos:sensor:GOA_RUNOFF_DISCHARGE:q,58.069320239858385,-154.46915010358515,2000-07-26T00:00:00Z,0.7332998791544775
urn:ioos:station:GOA_RUNOFF_DISCHARGE,urn:ioos:sensor:GOA_RUNOFF_DISCHARGE:q,58.069320239858385,-154.46915010358515,2000-07-27T00:00:00Z,0.5209394873023653
urn:ioos:station:GOA_RUNOFF_DISCHARGE,urn:ioos:sensor:GOA_RUNOFF_DISCHARGE:q,58.069320239858385,-154.46915010358515,2000-07-28T00:00:00Z,0.36890973367441526
urn:ioos:station:GOA_RUNOFF_DISCHARGE,urn:ioos:sensor:GOA_RUNOFF_DISCHARGE:q,58.069320239858385,-154.46915010358515,2000-07-29T00:00:00Z,0.2611317404141681
urn:ioos:station:GOA_RUNOFF_DISCHARGE,urn:ioos:sensor:GOA_RUNOFF_DISCHARGE:q,58.069320239858385,-154.46915010358515,2000-07-30T00:00:00Z,0.1848297724960546
urn:ioos:station:GOA_RUNOFF_DISCHARGE,urn:ioos:sensor:GOA_RUNOFF_DISCHARGE:q,58.069320239858385,-154.46915010358515,2000-07-31T00:00:00Z,0.13082188087893815
urn:ioos:station:GOA_RUNOFF_DISCHARGE,urn:ioos:sensor:GOA_RUNOFF_DISCHARGE:q,58.069320239858385,-154.46915010358515,2000-08-01T00:00:00Z,1.2210257969479503
urn:ioos:station:GOA_RUNOFF_DISCHARGE,urn:ioos:sensor:GOA_RUNOFF_DISCHARGE:q,58.069320239858385,-154.46915010358515,2000-08-02T00:00:00Z,0.9176173014133606
urn:ioos:station:GOA_RUNOFF_DISCHARGE,urn:ioos:sensor:GOA_RUNOFF_DISCHARGE:q,58.069320239858385,-154.46915010358515,2000-08-03T00:00:00Z,3.523947693970608
urn:ioos:station:GOA_RUNOFF_DISCHARGE,urn:ioos:sensor:GOA_RUNOFF_DISCHARGE:q,58.069320239858385,-154.46915010358515,2000-08-04T00:00:00Z,2.7410920553440383
urn:ioos:station:GOA_RUNOFF_DISCHARGE,urn:ioos:sensor:GOA_RUNOFF_DISCHARGE:q,58.069320239858385,-154.46915010358515,2000-08-05T00:00:00Z,1.9589711647145425
urn:ioos:station:GOA_RUNOFF_DISCHARGE,urn:ioos:sensor:GOA_RUNOFF_DISCHARGE:q,58.069320239858385,-154.46915010358515,2000-08-06T00:00:00Z,1.3884324382242335
urn:ioos:station:GOA_RUNOFF_DISCHARGE,urn:ioos:sensor:GOA_RUNOFF_DISCHARGE:q,58.069320239858385,-154.46915010358515,2000-08-07T00:00:00Z,0.9829141651550746
urn:ioos:station:GOA_RUNOFF_DISCHARGE,urn:ioos:sensor:GOA_RUNOFF_DISCHARGE:q,58.069320239858385,-154.46915010358515,2000-08-08T00:00:00Z,0.6957210382642252
urn:ioos:station:GOA_RUNOFF_DISCHARGE,urn:ioos:sensor:GOA_RUNOFF_DISCHARGE:q,58.069320239858385,-154.46915010358515,2000-08-09T00:00:00Z,0.4924301138887915
urn:ioos:station:GOA_RUNOFF_DISCHARGE,urn:ioos:sensor:GOA_RUNOFF_DISCHARGE:q,58.069320239858385,-154.46915010358515,2000-08-10T00:00:00Z,0.34854001302734705
urn:ioos:station:GOA_RUNOFF_DISCHARGE,urn:ioos:sensor:GOA_RUNOFF_DISCHARGE:q,58.069320239858385,-154.46915010358515,2000-08-11T00:00:00Z,0.24669510984346849
urn:ioos:station:GOA_RUNOFF_DISCHARGE,urn:ioos:sensor:GOA_RUNOFF_DISCHARGE:q,58.069320239858385,-154.46915010358515,2000-08-12T00:00:00Z,0.17460970412727128
urn:ioos:station:GOA_RUNOFF_DISCHARGE,urn:ioos:sensor:GOA_RUNOFF_DISCHARGE:q,58.069320239858385,-154.46915010358515,2000-08-13T00:00:00Z,0.12358796782109002
urn:ioos:station:GOA_RUNOFF_DISCHARGE,urn:ioos:sensor:GOA_RUNOFF_DISCHARGE:q,58.069320239858385,-154.46915010358515,2000-08-14T00:00:00Z,0.08747501331922468
urn:ioos:station:GOA_RUNOFF_DISCHARGE,urn:ioos:sensor:GOA_RUNOFF_DISCHARGE:q,58.069320239858385,-154.46915010358515,2000-08-15T00:00:00Z,0.06191443291915211
urn:ioos:station:GOA_RUNOFF_DISCHARGE,urn:ioos:sensor:GOA_RUNOFF_DISCHARGE:q,58.069320239858385,-154.46915010358515,2000-08-16T00:00:00Z,0.043822755845306816
urn:ioos:station:GOA_RUNOFF_DISCHARGE,urn:ioos:sensor:GOA_RUNOFF_DISCHARGE:q,58.069320239858385,-154.46915010358515,2000-08-17T00:00:00Z,0.03101755402100762
urn:ioos:station:GOA_RUNOFF_DISCHARGE,urn:ioos:sensor:GOA_RUNOFF_DISCHARGE:q,58.069320239858385,-154.46915010358515,2000-08-18T00:00:00Z,0.02195408679445062
urn:ioos:station:GOA_RUNOFF_DISCHARGE,urn:ioos:sensor:GOA_RUNOFF_DISCHARGE:q,58.069320239858385,-154.46915010358515,2000-08-19T00:00:00Z,0.015539004375367746
urn:ioos:station:GOA_RUNOFF_DISCHARGE,urn:ioos:sensor:GOA_RUNOFF_DISCHARGE:q,58.069320239858385,-154.46915010358515,2000-08-20T00:00:00Z,0.010998438944806833
urn:ioos:station:GOA_RUNOFF_DISCHARGE,urn:ioos:sensor:GOA_RUNOFF_DISCHARGE:q,58.069320239858385,-154.46915010358515,2000-08-21T00:00:00Z,0.00778464516218992
urn:ioos:station:GOA_RUNOFF_DISCHARGE,urn:ioos:sensor:GOA_RUNOFF_DISCHARGE:q,58.069320239858385,-154.46915010358515,2000-08-22T00:00:00Z,0.005509937288139599
urn:ioos:station:GOA_RUNOFF_DISCHARGE,urn:ioos:sensor:GOA_RUNOFF_DISCHARGE:q,58.069320239858385,-154.46915010358515,2000-08-23T00:00:00Z,0.003899909742177095
urn:ioos:station:GOA_RUNOFF_DISCHARGE,urn:ioos:sensor:GOA_RUNOFF_DISCHARGE:q,58.069320239858385,-154.46915010358515,2000-08-24T00:00:00Z,0.002760338600702675
urn:ioos:station:GOA_RUNOFF_DISCHARGE,urn:ioos:sensor:GOA_RUNOFF_DISCHARGE:q,58.069320239858385,-154.46915010358515,2000-08-25T00:00:00Z,0.001953755389226107
urn:ioos:station:GOA_RUNOFF_DISCHARGE,urn:ioos:sensor:GOA_RUNOFF_DISCHARGE:q,58.069320239858385,-154.46915010358515,2000-08-26T00:00:00Z,0.0013828594176281397
urn:ioos:station:GOA_RUNOFF_DISCHARGE,urn:ioos:sensor:GOA_RUNOFF_DISCHARGE:q,58.069320239858385,-154.46915010358515,2000-08-27T00:00:00Z,0.3935776972150172
urn:ioos:station:GOA_RUNOFF_DISCHARGE,urn:ioos:sensor:GOA_RUNOFF_DISCHARGE:q,58.069320239858385,-154.46915010358515,2000-08-28T00:00:00Z,2.1922941076813705
urn:ioos:station:GOA_RUNOFF_DISCHARGE,urn:ioos:sensor:GOA_RUNOFF_DISCHARGE:q,58.069320239858385,-154.46915010358515,2000-08-29T00:00:00Z,1.6432013399181762
urn:ioos:station:GOA_RUNOFF_DISCHARGE,urn:ioos:sensor:GOA_RUNOFF_DISCHARGE:q,58.069320239858385,-154.46915010358515,2000-08-30T00:00:00Z,2.0819633749161612
urn:ioos:station:GOA_RUNOFF_DISCHARGE,urn:ioos:sensor:GOA_RUNOFF_DISCHARGE:q,58.069320239858385,-154.46915010358515,2000-08-31T00:00:00Z,1.5175540385658077
urn:ioos:station:GOA_RUNOFF_DISCHARGE,urn:ioos:sensor:GOA_RUNOFF_DISCHARGE:q,58.069320239858385,-154.46915010358515,2000-09-01T00:00:00Z,0.43650796364707034
urn:ioos:station:GOA_RUNOFF_DISCHARGE,urn:ioos:sensor:GOA_RUNOFF_DISCHARGE:q,58.069320239858385,-154.46915010358515,2000-09-02T00:00:00Z,0.30896107231856157
urn:ioos:station:GOA_RUNOFF_DISCHARGE,urn:ioos:sensor:GOA_RUNOFF_DISCHARGE:q,58.069320239858385,-154.46915010358515,2000-09-03T00:00:00Z,0.21868152688118767
urn:ioos:station:GOA_RUNOFF_DISCHARGE,urn:ioos:sensor:GOA_RUNOFF_DISCHARGE:q,58.069320239858385,-154.46915010358515,2000-09-04T00:00:00Z,0.15478183546103505
urn:ioos:station:GOA_RUNOFF_DISCHARGE,urn:ioos:sensor:GOA_RUNOFF_DISCHARGE:q,58.069320239858385,-154.46915010358515,2000-09-05T00:00:00Z,0.8676056956010969
urn:ioos:station:GOA_RUNOFF_DISCHARGE,urn:ioos:sensor:GOA_RUNOFF_DISCHARGE:q,58.069320239858385,-154.46915010358515,2000-09-06T00:00:00Z,1.0733531581434694
urn:ioos:station:GOA_RUNOFF_DISCHARGE,urn:ioos:sensor:GOA_RUNOFF_DISCHARGE:q,58.069320239858385,-154.46915010358515,2000-09-07T00:00:00Z,0.7833249038200449
urn:ioos:station:GOA_RUNOFF_DISCHARGE,urn:ioos:sensor:GOA_RUNOFF_DISCHARGE:q,58.069320239858385,-154.46915010358515,2000-09-08T00:00:00Z,0.5567915717314559
urn:ioos:station:GOA_RUNOFF_DISCHARGE,urn:ioos:sensor:GOA_RUNOFF_DISCHARGE:q,58.069320239858385,-154.46915010358515,2000-09-09T00:00:00Z,0.39433007390172503
urn:ioos:station:GOA_RUNOFF_DISCHARGE,urn:ioos:sensor:GOA_RUNOFF_DISCHARGE:q,58.069320239858385,-154.46915010358515,2000-09-10T00:00:00Z,3.3638876117633623
urn:ioos:station:GOA_RUNOFF_DISCHARGE,urn:ioos:sensor:GOA_RUNOFF_DISCHARGE:q,58.069320239858385,-154.46915010358515,2000-09-11T00:00:00Z,2.526872428743736
urn:ioos:station:GOA_RUNOFF_DISCHARGE,urn:ioos:sensor:GOA_RUNOFF_DISCHARGE:q,58.069320239858385,-154.46915010358515,2000-09-12T00:00:00Z,1.803081451622289
urn:ioos:station:GOA_RUNOFF_DISCHARGE,urn:ioos:sensor:GOA_RUNOFF_DISCHARGE:q,58.069320239858385,-154.46915010358515,2000-09-13T00:00:00Z,1.2776680923169732
urn:ioos:station:GOA_RUNOFF_DISCHARGE,urn:ioos:sensor:GOA_RUNOFF_DISCHARGE:q,58.069320239858385,-154.46915010358515,2000-09-14T00:00:00Z,0.904473139930172
urn:ioos:station:GOA_RUNOFF_DISCHARGE,urn:ioos:sensor:GOA_RUNOFF_DISCHARGE:q,58.069320239858385,-154.46915010358515,2000-09-15T00:00:00Z,0.6401965202196669
urn:ioos:station:GOA_RUNOFF_DISCHARGE,urn:ioos:sensor:GOA_RUNOFF_DISCHARGE:q,58.069320239858385,-154.46915010358515,2000-09-16T00:00:00Z,0.45312977883279065
urn:ioos:station:GOA_RUNOFF_DISCHARGE,urn:ioos:sensor:GOA_RUNOFF_DISCHARGE:q,58.069320239858385,-154.46915010358515,2000-09-17T00:00:00Z,0.32072335502623356
urn:ioos:station:GOA_RUNOFF_DISCHARGE,urn:ioos:sensor:GOA_RUNOFF_DISCHARGE:q,58.069320239858385,-154.46915010358515,2000-09-18T00:00:00Z,0.22700659333764409
urn:ioos:station:GOA_RUNOFF_DISCHARGE,urn:ioos:sensor:GOA_RUNOFF_DISCHARGE:q,58.069320239858385,-154.46915010358515,2000-09-19T00:00:00Z,0.16067427430533635
urn:ioos:station:GOA_RUNOFF_DISCHARGE,urn:ioos:sensor:GOA_RUNOFF_DISCHARGE:q,58.069320239858385,-154.46915010358515,2000-09-20T00:00:00Z,0.6279607624821887
urn:ioos:station:GOA_RUNOFF_DISCHARGE,urn:ioos:sensor:GOA_RUNOFF_DISCHARGE:q,58.069320239858385,-154.46915010358515,2000-09-21T00:00:00Z,2.929152285215588
urn:ioos:station:GOA_RUNOFF_DISCHARGE,urn:ioos:sensor:GOA_RUNOFF_DISCHARGE:q,58.069320239858385,-154.46915010358515,2000-09-22T00:00:00Z,2.680859822044104
urn:ioos:station:GOA_RUNOFF_DISCHARGE,urn:ioos:sensor:GOA_RUNOFF_DISCHARGE:q,58.069320239858385,-154.46915010358515,2000-09-23T00:00:00Z,5.027636505024228
urn:ioos:station:GOA_RUNOFF_DISCHARGE,urn:ioos:sensor:GOA_RUNOFF_DISCHARGE:q,58.069320239858385,-154.46915010358515,2000-09-24T00:00:00Z,4.014799349460851
urn:ioos:station:GOA_RUNOFF_DISCHARGE,urn:ioos:sensor:GOA_RUNOFF_DISCHARGE:q,58.069320239858385,-154.46915010358515,2000-09-25T00:00:00Z,2.871119165168846
urn:ioos:station:GOA_RUNOFF_DISCHARGE,urn:ioos:sensor:GOA_RUNOFF_DISCHARGE:q,58.069320239858385,-154.46915010358515,2000-09-26T00:00:00Z,2.035107370327139
urn:ioos:station:GOA_RUNOFF_DISCHARGE,urn:ioos:sensor:GOA_RUNOFF_DISCHARGE:q,58.069320239858385,-154.46915010358515,2000-09-27T00:00:00Z,1.4407337345494902
urn:ioos:station:GOA_RUNOFF_DISCHARGE,urn:ioos:sensor:GOA_RUNOFF_DISCHARGE:q,58.069320239858385,-154.46915010358515,2000-09-28T00:00:00Z,1.0197743080492638
urn:ioos:station:GOA_RUNOFF_DISCHARGE,urn:ioos:sensor:GOA_RUNOFF_DISCHARGE:q,58.069320239858385,-154.46915010358515,2000-09-29T00:00:00Z,0.7217945937990495
urn:ioos:station:GOA_RUNOFF_DISCHARGE,urn:ioos:sensor:GOA_RUNOFF_DISCHARGE:q,58.069320239858385,-154.46915010358515,2000-09-30T00:00:00Z,0.5108832736570117
urn:ioos:station:GOA_RUNOFF_DISCHARGE,urn:ioos:sensor:GOA_RUNOFF_DISCHARGE:q,58.069320239858385,-154.46915010358515,2000-10-01T00:00:00Z,0.36160096446431383
urn:ioos:station:GOA_RUNOFF_DISCHARGE,urn:ioos:sensor:GOA_RUNOFF_DISCHARGE:q,58.069320239858385,-154.46915010358515,2000-10-02T00:00:00Z,0.7098611549330619
urn:ioos:station:GOA_RUNOFF_DISCHARGE,urn:ioos:sensor:GOA_RUNOFF_DISCHARGE:q,58.069320239858385,-154.46915010358515,2000-10-03T00:00:00Z,1.939061927805479
urn:ioos:station:GOA_RUNOFF_DISCHARGE,urn:ioos:sensor:GOA_RUNOFF_DISCHARGE:q,58.069320239858385,-154.46915010358515,2000-10-04T00:00:00Z,5.375920474490375
urn:ioos:station:GOA_RUNOFF_DISCHARGE,urn:ioos:sensor:GOA_RUNOFF_DISCHARGE:q,58.069320239858385,-154.46915010358515,2000-10-05T00:00:00Z,7.505930316775418
urn:ioos:station:GOA_RUNOFF_DISCHARGE,urn:ioos:sensor:GOA_RUNOFF_DISCHARGE:q,58.069320239858385,-154.46915010358515,2000-10-06T00:00:00Z,6.112477122497413
urn:ioos:station:GOA_RUNOFF_DISCHARGE,urn:ioos:sensor:GOA_RUNOFF_DISCHARGE:q,58.069320239858385,-154.46915010358515,2000-10-07T00:00:00Z,5.803010475147024
urn:ioos:station:GOA_RUNOFF_DISCHARGE,urn:ioos:sensor:GOA_RUNOFF_DISCHARGE:q,58.069320239858385,-154.46915010358515,2000-10-08T00:00:00Z,4.179697322956259
urn:ioos:station:GOA_RUNOFF_DISCHARGE,urn:ioos:sensor:GOA_RUNOFF_DISCHARGE:q,58.069320239858385,-154.46915010358515,2000-10-09T00:00:00Z,2.965596312099975
urn:ioos:station:GOA_RUNOFF_DISCHARGE,urn:ioos:sensor:GOA_RUNOFF_DISCHARGE:q,58.069320239858385,-154.46915010358515,2000-10-10T00:00:00Z,4.288889426551428
urn:ioos:station:GOA_RUNOFF_DISCHARGE,urn:ioos:sensor:GOA_RUNOFF_DISCHARGE:q,58.069320239858385,-154.46915010358515,2000-10-11T00:00:00Z,3.1950084486730694
urn:ioos:station:GOA_RUNOFF_DISCHARGE,urn:ioos:sensor:GOA_RUNOFF_DISCHARGE:q,58.069320239858385,-154.46915010358515,2000-10-12T00:00:00Z,2.274397230063039
urn:ioos:station:GOA_RUNOFF_DISCHARGE,urn:ioos:sensor:GOA_RUNOFF_DISCHARGE:q,58.069320239858385,-154.46915010358515,2000-10-13T00:00:00Z,3.4339895432255974
urn:ioos:station:GOA_RUNOFF_DISCHARGE,urn:ioos:sensor:GOA_RUNOFF_DISCHARGE:q,58.069320239858385,-154.46915010358515,2000-10-14T00:00:00Z,2.9566696172757267
urn:ioos:station:GOA_RUNOFF_DISCHARGE,urn:ioos:sensor:GOA_RUNOFF_DISCHARGE:q,58.069320239858385,-154.46915010358515,2000-10-15T00:00:00Z,2.19623885588052
urn:ioos:station:GOA_RUNOFF_DISCHARGE,urn:ioos:sensor:GOA_RUNOFF_DISCHARGE:q,58.069320239858385,-154.46915010358515,2000-10-16T00:00:00Z,2.4079913868337104
urn:ioos:station:GOA_RUNOFF_DISCHARGE,urn:ioos:sensor:GOA_RUNOFF_DISCHARGE:q,58.069320239858385,-154.46915010358515,2000-10-17T00:00:00Z,2.1407958376361744
urn:ioos:station:GOA_RUNOFF_DISCHARGE,urn:ioos:sensor:GOA_RUNOFF_DISCHARGE:q,58.069320239858385,-154.46915010358515,2000-10-18T00:00:00Z,1.5380309455925745
urn:ioos:station:GOA_RUNOFF_DISCHARGE,urn:ioos:sensor:GOA_RUNOFF_DISCHARGE:q,58.069320239858385,-154.46915010358515,2000-10-19T00:00:00Z,1.090886797566919
urn:ioos:station:GOA_RUNOFF_DISCHARGE,urn:ioos:sensor:GOA_RUNOFF_DISCHARGE:q,58.069320239858385,-154.46915010358515,2000-10-20T00:00:00Z,0.7723520969817441
urn:ioos:station:GOA_RUNOFF_DISCHARGE,urn:ioos:sensor:GOA_RUNOFF_DISCHARGE:q,58.069320239858385,-154.46915010358515,2000-10-21T00:00:00Z,2.4216378344140925
urn:ioos:station:GOA_RUNOFF_DISCHARGE,urn:ioos:sensor:GOA_RUNOFF_DISCHARGE:q,58.069320239858385,-154.46915010358515,2000-10-22T00:00:00Z,1.8443296911041929
urn:ioos:station:GOA_RUNOFF_DISCHARGE,urn:ioos:sensor:GOA_RUNOFF_DISCHARGE:q,58.069320239858385,-154.46915010358515,2000-10-23T00:00:00Z,1.3291087402273947
urn:ioos:station:GOA_RUNOFF_DISCHARGE,urn:ioos:sensor:GOA_RUNOFF_DISCHARGE:q,58.069320239858385,-154.46915010358515,2000-10-24T00:00:00Z,4.657978144048586
urn:ioos:station:GOA_RUNOFF_DISCHARGE,urn:ioos:sensor:GOA_RUNOFF_DISCHARGE:q,58.069320239858385,-154.46915010358515,2000-10-25T00:00:00Z,5.210443385384741
urn:ioos:station:GOA_RUNOFF_DISCHARGE,urn:ioos:sensor:GOA_RUNOFF_DISCHARGE:q,58.069320239858385,-154.46915010358515,2000-10-26T00:00:00Z,4.210861425737773
urn:ioos:station:GOA_RUNOFF_DISCHARGE,urn:ioos:sensor:GOA_RUNOFF_DISCHARGE:q,58.069320239858385,-154.46915010358515,2000-10-27T00:00:00Z,3.076844394513097
urn:ioos:station:GOA_RUNOFF_DISCHARGE,urn:ioos:sensor:GOA_RUNOFF_DISCHARGE:q,58.069320239858385,-154.46915010358515,2000-10-28T00:00:00Z,2.1976112625242927
urn:ioos:station:GOA_RUNOFF_DISCHARGE,urn:ioos:sensor:GOA_RUNOFF_DISCHARGE:q,58.069320239858385,-154.46915010358515,2000-10-29T00:00:00Z,2.0059375459498576
urn:ioos:station:GOA_RUNOFF_DISCHARGE,urn:ioos:sensor:GOA_RUNOFF_DISCHARGE:q,58.069320239858385,-154.46915010358515,2000-10-30T00:00:00Z,3.9726865148425525
urn:ioos:station:GOA_RUNOFF_DISCHARGE,urn:ioos:sensor:GOA_RUNOFF_DISCHARGE:q,58.069320239858385,-154.46915010358515,2000-10-31T00:00:00Z,2.9049383591011093
urn:ioos:station:GOA_RUNOFF_DISCHARGE,urn:ioos:sensor:GOA_RUNOFF_DISCHARGE:q,58.069320239858385,-154.46915010358515,2000-11-01T00:00:00Z,2.0653984582995966
urn:ioos:station:GOA_RUNOFF_DISCHARGE,urn:ioos:sensor:GOA_RUNOFF_DISCHARGE:q,58.069320239858385,-154.46915010358515,2000-11-02T00:00:00Z,4.061123335983596
urn:ioos:station:GOA_RUNOFF_DISCHARGE,urn:ioos:sensor:GOA_RUNOFF_DISCHARGE:q,58.069320239858385,-154.46915010358515,2000-11-03T00:00:00Z,3.055658393179397
urn:ioos:station:GOA_RUNOFF_DISCHARGE,urn:ioos:sensor:GOA_RUNOFF_DISCHARGE:q,58.069320239858385,-154.46915010358515,2000-11-04T00:00:00Z,3.056630339142222
urn:ioos:station:GOA_RUNOFF_DISCHARGE,urn:ioos:sensor:GOA_RUNOFF_DISCHARGE:q,58.069320239858385,-154.46915010358515,2000-11-05T00:00:00Z,2.9628415004511446
urn:ioos:station:GOA_RUNOFF_DISCHARGE,urn:ioos:sensor:GOA_RUNOFF_DISCHARGE:q,58.069320239858385,-154.46915010358515,2000-11-06T00:00:00Z,2.5050833683556784
urn:ioos:station:GOA_RUNOFF_DISCHARGE,urn:ioos:sensor:GOA_RUNOFF_DISCHARGE:q,58.069320239858385,-154.46915010358515,2000-11-07T00:00:00Z,2.4536020692131895
urn:ioos:station:GOA_RUNOFF_DISCHARGE,urn:ioos:sensor:GOA_RUNOFF_DISCHARGE:q,58.069320239858385,-154.46915010358515,2000-11-08T00:00:00Z,2.3291540449854984
urn:ioos:station:GOA_RUNOFF_DISCHARGE,urn:ioos:sensor:GOA_RUNOFF_DISCHARGE:q,58.069320239858385,-154.46915010358515,2000-11-09T00:00:00Z,3.8034253091052586
urn:ioos:station:GOA_RUNOFF_DISCHARGE,urn:ioos:sensor:GOA_RUNOFF_DISCHARGE:q,58.069320239858385,-154.46915010358515,2000-11-10T00:00:00Z,4.908243441770494
urn:ioos:station:GOA_RUNOFF_DISCHARGE,urn:ioos:sensor:GOA_RUNOFF_DISCHARGE:q,58.069320239858385,-154.46915010358515,2000-11-11T00:00:00Z,3.6306228416696253
urn:ioos:station:GOA_RUNOFF_DISCHARGE,urn:ioos:sensor:GOA_RUNOFF_DISCHARGE:q,58.069320239858385,-154.46915010358515,2000-11-12T00:00:00Z,2.5984835865304885
urn:ioos:station:GOA_RUNOFF_DISCHARGE,urn:ioos:sensor:GOA_RUNOFF_DISCHARGE:q,58.069320239858385,-154.46915010358515,2000-11-13T00:00:00Z,6.244814380008632
urn:ioos:station:GOA_RUNOFF_DISCHARGE,urn:ioos:sensor:GOA_RUNOFF_DISCHARGE:q,58.069320239858385,-154.46915010358515,2000-11-14T00:00:00Z,4.719648562684959
urn:ioos:station:GOA_RUNOFF_DISCHARGE,urn:ioos:sensor:GOA_RUNOFF_DISCHARGE:q,58.069320239858385,-154.46915010358515,2000-11-15T00:00:00Z,4.656169493115057
urn:ioos:station:GOA_RUNOFF_DISCHARGE,urn:ioos:sensor:GOA_RUNOFF_DISCHARGE:q,58.069320239858385,-154.46915010358515,2000-11-16T00:00:00Z,7.171148871110101
urn:ioos:station:GOA_RUNOFF_DISCHARGE,urn:ioos:sensor:GOA_RUNOFF_DISCHARGE:q,58.069320239858385,-154.46915010358515,2000-11-17T00:00:00Z,8.160016797295714
urn:ioos:station:GOA_RUNOFF_DISCHARGE,urn:ioos:sensor:GOA_RUNOFF_DISCHARGE:q,58.069320239858385,-154.46915010358515,2000-11-18T00:00:00Z,6.939022179448088
urn:ioos:station:GOA_RUNOFF_DISCHARGE,urn:ioos:sensor:GOA_RUNOFF_DISCHARGE:q,58.069320239858385,-154.46915010358515,2000-11-19T00:00:00Z,4.744087715043125
urn:ioos:station:GOA_RUNOFF_DISCHARGE,urn:ioos:sensor:GOA_RUNOFF_DISCHARGE:q,58.069320239858385,-154.46915010358515,2000-11-20T00:00:00Z,4.229719387580656
urn:ioos:station:GOA_RUNOFF_DISCHARGE,urn:ioos:sensor:GOA_RUNOFF_DISCHARGE:q,58.069320239858385,-154.46915010358515,2000-11-21T00:00:00Z,6.3389763154445085
urn:ioos:station:GOA_RUNOFF_DISCHARGE,urn:ioos:sensor:GOA_RUNOFF_DISCHARGE:q,58.069320239858385,-154.46915010358515,2000-11-22T00:00:00Z,5.575770877235286
urn:ioos:station:GOA_RUNOFF_DISCHARGE,urn:ioos:sensor:GOA_RUNOFF_DISCHARGE:q,58.069320239858385,-154.46915010358515,2000-11-23T00:00:00Z,4.0962067963888895
urn:ioos:station:GOA_RUNOFF_DISCHARGE,urn:ioos:sensor:GOA_RUNOFF_DISCHARGE:q,58.069320239858385,-154.46915010358515,2000-11-24T00:00:00Z,4.530010696648521
urn:ioos:station:GOA_RUNOFF_DISCHARGE,urn:ioos:sensor:GOA_RUNOFF_DISCHARGE:q,58.069320239858385,-154.46915010358515,2000-11-25T00:00:00Z,3.3051209277360147
urn:ioos:station:GOA_RUNOFF_DISCHARGE,urn:ioos:sensor:GOA_RUNOFF_DISCHARGE:q,58.069320239858385,-154.46915010358515,2000-11-26T00:00:00Z,2.1400355675063465
urn:ioos:station:GOA_RUNOFF_DISCHARGE,urn:ioos:sensor:GOA_RUNOFF_DISCHARGE:q,58.069320239858385,-154.46915010358515,2000-11-27T00:00:00Z,1.6810669759084502
urn:ioos:station:GOA_RUNOFF_DISCHARGE,urn:ioos:sensor:GOA_RUNOFF_DISCHARGE:q,58.069320239858385,-154.46915010358515,2000-11-28T00:00:00Z,3.4419692879902333
urn:ioos:station:GOA_RUNOFF_DISCHARGE,urn:ioos:sensor:GOA_RUNOFF_DISCHARGE:q,58.069320239858385,-154.46915010358515,2000-11-29T00:00:00Z,2.3234191954441505
urn:ioos:station:GOA_RUNOFF_DISCHARGE,urn:ioos:sensor:GOA_RUNOFF_DISCHARGE:q,58.069320239858385,-154.46915010358515,2000-11-30T00:00:00Z,1.513373802646916
urn:ioos:station:GOA_RUNOFF_DISCHARGE,urn:ioos:sensor:GOA_RUNOFF_DISCHARGE:q,58.069320239858385,-154.46915010358515,2000-12-01T00:00:00Z,0.982776424572633
urn:ioos:station:GOA_RUNOFF_DISCHARGE,urn:ioos:sensor:GOA_RUNOFF_DISCHARGE:q,58.069320239858385,-154.46915010358515,2000-12-02T00:00:00Z,0.63804345205134
urn:ioos:station:GOA_RUNOFF_DISCHARGE,urn:ioos:sensor:GOA_RUNOFF_DISCHARGE:q,58.069320239858385,-154.46915010358515,2000-12-03T00:00:00Z,2.6684873761832666
urn:ioos:station:GOA_RUNOFF_DISCHARGE,urn:ioos:sensor:GOA_RUNOFF_DISCHARGE:q,58.069320239858385,-154.46915010358515,2000-12-04T00:00:00Z,2.1047443779896144
urn:ioos:station:GOA_RUNOFF_DISCHARGE,urn:ioos:sensor:GOA_RUNOFF_DISCHARGE:q,58.069320239858385,-154.46915010358515,2000-12-05T00:00:00Z,6.232323269386226
urn:ioos:station:GOA_RUNOFF_DISCHARGE,urn:ioos:sensor:GOA_RUNOFF_DISCHARGE:q,58.069320239858385,-154.46915010358515,2000-12-06T00:00:00Z,5.314769444411288
urn:ioos:station:GOA_RUNOFF_DISCHARGE,urn:ioos:sensor:GOA_RUNOFF_DISCHARGE:q,58.069320239858385,-154.46915010358515,2000-12-07T00:00:00Z,4.696151887435305
urn:ioos:station:GOA_RUNOFF_DISCHARGE,urn:ioos:sensor:GOA_RUNOFF_DISCHARGE:q,58.069320239858385,-154.46915010358515,2000-12-08T00:00:00Z,3.083521458048186
urn:ioos:station:GOA_RUNOFF_DISCHARGE,urn:ioos:sensor:GOA_RUNOFF_DISCHARGE:q,58.069320239858385,-154.46915010358515,2000-12-09T00:00:00Z,2.4473270450476727
urn:ioos:station:GOA_RUNOFF_DISCHARGE,urn:ioos:sensor:GOA_RUNOFF_DISCHARGE:q,58.069320239858385,-154.46915010358515,2000-12-10T00:00:00Z,4.235672359266883
urn:ioos:station:GOA_RUNOFF_DISCHARGE,urn:ioos:sensor:GOA_RUNOFF_DISCHARGE:q,58.069320239858385,-154.46915010358515,2000-12-11T00:00:00Z,4.811766096352793
urn:ioos:station:GOA_RUNOFF_DISCHARGE,urn:ioos:sensor:GOA_RUNOFF_DISCHARGE:q,58.069320239858385,-154.46915010358515,2000-12-12T00:00:00Z,3.8310386780566894
urn:ioos:station:GOA_RUNOFF_DISCHARGE,urn:ioos:sensor:GOA_RUNOFF_DISCHARGE:q,58.069320239858385,-154.46915010358515,2000-12-13T00:00:00Z,6.908044625038973
urn:ioos:station:GOA_RUNOFF_DISCHARGE,urn:ioos:sensor:GOA_RUNOFF_DISCHARGE:q,58.069320239858385,-154.46915010358515,2000-12-14T00:00:00Z,8.909829167448702
urn:ioos:station:GOA_RUNOFF_DISCHARGE,urn:ioos:sensor:GOA_RUNOFF_DISCHARGE:q,58.069320239858385,-154.46915010358515,2000-12-15T00:00:00Z,5.909692990059621
urn:ioos:station:GOA_RUNOFF_DISCHARGE,urn:ioos:sensor:GOA_RUNOFF_DISCHARGE:q,58.069320239858385,-154.46915010358515,2000-12-16T00:00:00Z,3.843663977212133
urn:ioos:station:GOA_RUNOFF_DISCHARGE,urn:ioos:sensor:GOA_RUNOFF_DISCHARGE:q,58.069320239858385,-154.46915010358515,2000-12-17T00:00:00Z,2.4957377948165362
urn:ioos:station:GOA_RUNOFF_DISCHARGE,urn:ioos:sensor:GOA_RUNOFF_DISCHARGE:q,58.069320239858385,-154.46915010358515,2000-12-18T00:00:00Z,3.1417805936829266
urn:ioos:station:GOA_RUNOFF_DISCHARGE,urn:ioos:sensor:GOA_RUNOFF_DISCHARGE:q,58.069320239858385,-154.46915010358515,2000-12-19T00:00:00Z,11.271587342355547
urn:ioos:station:GOA_RUNOFF_DISCHARGE,urn:ioos:sensor:GOA_RUNOFF_DISCHARGE:q,58.069320239858385,-154.46915010358515,2000-12-20T00:00:00Z,16.815833386458742
urn:ioos:station:GOA_RUNOFF_DISCHARGE,urn:ioos:sensor:GOA_RUNOFF_DISCHARGE:q,58.069320239858385,-154.46915010358515,2000-12-21T00:00:00Z,12.012546952934843
urn:ioos:station:GOA_RUNOFF_DISCHARGE,urn:ioos:sensor:GOA_RUNOFF_DISCHARGE:q,58.069320239858385,-154.46915010358515,2000-12-22T00:00:00Z,8.621882150961214
urn:ioos:station:GOA_RUNOFF_DISCHARGE,urn:ioos:sensor:GOA_RUNOFF_DISCHARGE:q,58.069320239858385,-154.46915010358515,2000-12-23T00:00:00Z,7.106539986714976
urn:ioos:station:GOA_RUNOFF_DISCHARGE,urn:ioos:sensor:GOA_RUNOFF_DISCHARGE:q,58.069320239858385,-154.46915010358515,2000-12-24T00:00:00Z,7.40869099098188
urn:ioos:station:GOA_RUNOFF_DISCHARGE,urn:ioos:sensor:GOA_RUNOFF_DISCHARGE:q,58.069320239858385,-154.46915010358515,2000-12-25T00:00:00Z,7.184289348986501
urn:ioos:station:GOA_RUNOFF_DISCHARGE,urn:ioos:sensor:GOA_RUNOFF_DISCHARGE:q,58.069320239858385,-154.46915010358515,2000-12-26T00:00:00Z,6.295498178281244
urn:ioos:station:GOA_RUNOFF_DISCHARGE,urn:ioos:sensor:GOA_RUNOFF_DISCHARGE:q,58.069320239858385,-154.46915010358515,2000-12-27T00:00:00Z,5.351370813928531
urn:ioos:station:GOA_RUNOFF_DISCHARGE,urn:ioos:sensor:GOA_RUNOFF_DISCHARGE:q,58.069320239858385,-154.46915010358515,2000-12-28T00:00:00Z,6.255159526561519
urn:ioos:station:GOA_RUNOFF_DISCHARGE,urn:ioos:sensor:GOA_RUNOFF_DISCHARGE:q,58.069320239858385,-154.46915010358515,2000-12-29T00:00:00Z,7.261188850548788
urn:ioos:station:GOA_RUNOFF_DISCHARGE,urn:ioos:sensor:GOA_RUNOFF_DISCHARGE:q,58.069320239858385,-154.46915010358515,2000-12-30T00:00:00Z,5.429601150000827
urn:ioos:station:GOA_RUNOFF_DISCHARGE,urn:ioos:sensor:GOA_RUNOFF_DISCHARGE:q,58.069320239858385,-154.46915010358515,2000-12-31T00:00:00Z,4.430205475611487
urn:ioos:station:GOA_RUNOFF_DISCHARGE,urn:ioos:sensor:GOA_RUNOFF_DISCHARGE:q,58.069320239858385,-154.46915010358515,2001-01-01T00:00:00Z,2.960805781470533
urn:ioos:station:GOA_RUNOFF_DISCHARGE,urn:ioos:sensor:GOA_RUNOFF_DISCHARGE:q,58.069320239858385,-154.46915010358515,2001-01-02T00:00:00Z,1.9252222224260456
urn:ioos:station:GOA_RUNOFF_DISCHARGE,urn:ioos:sensor:GOA_RUNOFF_DISCHARGE:q,58.069320239858385,-154.46915010358515,2001-01-03T00:00:00Z,1.2500428832008625
urn:ioos:station:GOA_RUNOFF_DISCHARGE,urn:ioos:sensor:GOA_RUNOFF_DISCHARGE:q,58.069320239858385,-154.46915010358515,2001-01-04T00:00:00Z,0.8115491594902602
urn:ioos:station:GOA_RUNOFF_DISCHARGE,urn:ioos:sensor:GOA_RUNOFF_DISCHARGE:q,58.069320239858385,-154.46915010358515,2001-01-05T00:00:00Z,0.5268658515074088
urn:ioos:station:GOA_RUNOFF_DISCHARGE,urn:ioos:sensor:GOA_RUNOFF_DISCHARGE:q,58.069320239858385,-154.46915010358515,2001-01-06T00:00:00Z,2.480652109440633
urn:ioos:station:GOA_RUNOFF_DISCHARGE,urn:ioos:sensor:GOA_RUNOFF_DISCHARGE:q,58.069320239858385,-154.46915010358515,2001-01-07T00:00:00Z,2.0427675622028056
urn:ioos:station:GOA_RUNOFF_DISCHARGE,urn:ioos:sensor:GOA_RUNOFF_DISCHARGE:q,58.069320239858385,-154.46915010358515,2001-01-08T00:00:00Z,1.3396504335139658
urn:ioos:station:GOA_RUNOFF_DISCHARGE,urn:ioos:sensor:GOA_RUNOFF_DISCHARGE:q,58.069320239858385,-154.46915010358515,2001-01-09T00:00:00Z,0.8704695025436743
urn:ioos:station:GOA_RUNOFF_DISCHARGE,urn:ioos:sensor:GOA_RUNOFF_DISCHARGE:q,58.069320239858385,-154.46915010358515,2001-01-10T00:00:00Z,0.5651594765615107
urn:ioos:station:GOA_RUNOFF_DISCHARGE,urn:ioos:sensor:GOA_RUNOFF_DISCHARGE:q,58.069320239858385,-154.46915010358515,2001-01-11T00:00:00Z,0.36690917340503343
urn:ioos:station:GOA_RUNOFF_DISCHARGE,urn:ioos:sensor:GOA_RUNOFF_DISCHARGE:q,58.069320239858385,-154.46915010358515,2001-01-12T00:00:00Z,0.3648487874146723
urn:ioos:station:GOA_RUNOFF_DISCHARGE,urn:ioos:sensor:GOA_RUNOFF_DISCHARGE:q,58.069320239858385,-154.46915010358515,2001-01-13T00:00:00Z,0.5335317655540904
urn:ioos:station:GOA_RUNOFF_DISCHARGE,urn:ioos:sensor:GOA_RUNOFF_DISCHARGE:q,58.069320239858385,-154.46915010358515,2001-01-14T00:00:00Z,4.134897823414731
urn:ioos:station:GOA_RUNOFF_DISCHARGE,urn:ioos:sensor:GOA_RUNOFF_DISCHARGE:q,58.069320239858385,-154.46915010358515,2001-01-15T00:00:00Z,5.304335365065918
urn:ioos:station:GOA_RUNOFF_DISCHARGE,urn:ioos:sensor:GOA_RUNOFF_DISCHARGE:q,58.069320239858385,-154.46915010358515,2001-01-16T00:00:00Z,3.6048236490619088
urn:ioos:station:GOA_RUNOFF_DISCHARGE,urn:ioos:sensor:GOA_RUNOFF_DISCHARGE:q,58.069320239858385,-154.46915010358515,2001-01-17T00:00:00Z,13.864649712151317
urn:ioos:station:GOA_RUNOFF_DISCHARGE,urn:ioos:sensor:GOA_RUNOFF_DISCHARGE:q,58.069320239858385,-154.46915010358515,2001-01-18T00:00:00Z,12.798746517181755
urn:ioos:station:GOA_RUNOFF_DISCHARGE,urn:ioos:sensor:GOA_RUNOFF_DISCHARGE:q,58.069320239858385,-154.46915010358515,2001-01-19T00:00:00Z,9.471539209366835
urn:ioos:station:GOA_RUNOFF_DISCHARGE,urn:ioos:sensor:GOA_RUNOFF_DISCHARGE:q,58.069320239858385,-154.46915010358515,2001-01-20T00:00:00Z,10.935682396619505
urn:ioos:station:GOA_RUNOFF_DISCHARGE,urn:ioos:sensor:GOA_RUNOFF_DISCHARGE:q,58.069320239858385,-154.46915010358515,2001-01-21T00:00:00Z,9.455300818180662
urn:ioos:station:GOA_RUNOFF_DISCHARGE,urn:ioos:sensor:GOA_RUNOFF_DISCHARGE:q,58.069320239858385,-154.46915010358515,2001-01-22T00:00:00Z,6.436223534681167
urn:ioos:station:GOA_RUNOFF_DISCHARGE,urn:ioos:sensor:GOA_RUNOFF_DISCHARGE:q,58.069320239858385,-154.46915010358515,2001-01-23T00:00:00Z,4.187972282493577
urn:ioos:station:GOA_RUNOFF_DISCHARGE,urn:ioos:sensor:GOA_RUNOFF_DISCHARGE:q,58.069320239858385,-154.46915010358515,2001-01-24T00:00:00Z,4.372237608027869
urn:ioos:station:GOA_RUNOFF_DISCHARGE,urn:ioos:sensor:GOA_RUNOFF_DISCHARGE:q,58.069320239858385,-154.46915010358515,2001-01-25T00:00:00Z,4.7383970687832475
urn:ioos:station:GOA_RUNOFF_DISCHARGE,urn:ioos:sensor:GOA_RUNOFF_DISCHARGE:q,58.069320239858385,-154.46915010358515,2001-01-26T00:00:00Z,10.838200479007416
urn:ioos:station:GOA_RUNOFF_DISCHARGE,urn:ioos:sensor:GOA_RUNOFF_DISCHARGE:q,58.069320239858385,-154.46915010358515,2001-01-27T00:00:00Z,8.095009030908265
urn:ioos:station:GOA_RUNOFF_DISCHARGE,urn:ioos:sensor:GOA_RUNOFF_DISCHARGE:q,58.069320239858385,-154.46915010358515,2001-01-28T00:00:00Z,5.253729448765421
urn:ioos:station:GOA_RUNOFF_DISCHARGE,urn:ioos:sensor:GOA_RUNOFF_DISCHARGE:q,58.069320239858385,-154.46915010358515,2001-01-29T00:00:00Z,4.447275309472952
urn:ioos:station:GOA_RUNOFF_DISCHARGE,urn:ioos:sensor:GOA_RUNOFF_DISCHARGE:q,58.069320239858385,-154.46915010358515,2001-01-30T00:00:00Z,2.915461897468505
urn:ioos:station:GOA_RUNOFF_DISCHARGE,urn:ioos:sensor:GOA_RUNOFF_DISCHARGE:q,58.069320239858385,-154.46915010358515,2001-01-31T00:00:00Z,1.8943311012190935
urn:ioos:station:GOA_RUNOFF_DISCHARGE,urn:ioos:sensor:GOA_RUNOFF_DISCHARGE:q,58.069320239858385,-154.46915010358515,2001-02-01T00:00:00Z,1.2299065782447178
urn:ioos:station:GOA_RUNOFF_DISCHARGE,urn:ioos:sensor:GOA_RUNOFF_DISCHARGE:q,58.069320239858385,-154.46915010358515,2001-02-02T00:00:00Z,0.7984718291588196
urn:ioos:station:GOA_RUNOFF_DISCHARGE,urn:ioos:sensor:GOA_RUNOFF_DISCHARGE:q,58.069320239858385,-154.46915010358515,2001-02-03T00:00:00Z,0.5183757298663815
urn:ioos:station:GOA_RUNOFF_DISCHARGE,urn:ioos:sensor:GOA_RUNOFF_DISCHARGE:q,58.069320239858385,-154.46915010358515,2001-02-04T00:00:00Z,0.3365343820461591
urn:ioos:station:GOA_RUNOFF_DISCHARGE,urn:ioos:sensor:GOA_RUNOFF_DISCHARGE:q,58.069320239858385,-154.46915010358515,2001-02-05T00:00:00Z,0.21848129654071394
urn:ioos:station:GOA_RUNOFF_DISCHARGE,urn:ioos:sensor:GOA_RUNOFF_DISCHARGE:q,58.069320239858385,-154.46915010358515,2001-02-06T00:00:00Z,0.14184010790452448
urn:ioos:station:GOA_RUNOFF_DISCHARGE,urn:ioos:sensor:GOA_RUNOFF_DISCHARGE:q,58.069320239858385,-154.46915010358515,2001-02-07T00:00:00Z,0.09208392897821747
urn:ioos:station:GOA_RUNOFF_DISCHARGE,urn:ioos:sensor:GOA_RUNOFF_DISCHARGE:q,58.069320239858385,-154.46915010358515,2001-02-08T00:00:00Z,3.1508717352388382
urn:ioos:station:GOA_RUNOFF_DISCHARGE,urn:ioos:sensor:GOA_RUNOFF_DISCHARGE:q,58.069320239858385,-154.46915010358515,2001-02-09T00:00:00Z,2.129828819322828
urn:ioos:station:GOA_RUNOFF_DISCHARGE,urn:ioos:sensor:GOA_RUNOFF_DISCHARGE:q,58.069320239858385,-154.46915010358515,2001-02-10T00:00:00Z,1.7969612704993065
urn:ioos:station:GOA_RUNOFF_DISCHARGE,urn:ioos:sensor:GOA_RUNOFF_DISCHARGE:q,58.069320239858385,-154.46915010358515,2001-02-11T00:00:00Z,4.101397261469738
urn:ioos:station:GOA_RUNOFF_DISCHARGE,urn:ioos:sensor:GOA_RUNOFF_DISCHARGE:q,58.069320239858385,-154.46915010358515,2001-02-12T00:00:00Z,2.9143920728109936
urn:ioos:station:GOA_RUNOFF_DISCHARGE,urn:ioos:sensor:GOA_RUNOFF_DISCHARGE:q,58.069320239858385,-154.46915010358515,2001-02-13T00:00:00Z,2.245612737267392
urn:ioos:station:GOA_RUNOFF_DISCHARGE,urn:ioos:sensor:GOA_RUNOFF_DISCHARGE:q,58.069320239858385,-154.46915010358515,2001-02-14T00:00:00Z,2.4752385230342635
urn:ioos:station:GOA_RUNOFF_DISCHARGE,urn:ioos:sensor:GOA_RUNOFF_DISCHARGE:q,58.069320239858385,-154.46915010358515,2001-02-15T00:00:00Z,2.4108075042241053
urn:ioos:station:GOA_RUNOFF_DISCHARGE,urn:ioos:sensor:GOA_RUNOFF_DISCHARGE:q,58.069320239858385,-154.46915010358515,2001-02-16T00:00:00Z,5.0786770869258575
urn:ioos:station:GOA_RUNOFF_DISCHARGE,urn:ioos:sensor:GOA_RUNOFF_DISCHARGE:q,58.069320239858385,-154.46915010358515,2001-02-17T00:00:00Z,13.65009435110365
urn:ioos:station:GOA_RUNOFF_DISCHARGE,urn:ioos:sensor:GOA_RUNOFF_DISCHARGE:q,58.069320239858385,-154.46915010358515,2001-02-18T00:00:00Z,12.513912148431197
urn:ioos:station:GOA_RUNOFF_DISCHARGE,urn:ioos:sensor:GOA_RUNOFF_DISCHARGE:q,58.069320239858385,-154.46915010358515,2001-02-19T00:00:00Z,14.376756305045175
urn:ioos:station:GOA_RUNOFF_DISCHARGE,urn:ioos:sensor:GOA_RUNOFF_DISCHARGE:q,58.069320239858385,-154.46915010358515,2001-02-20T00:00:00Z,10.239958529871494
urn:ioos:station:GOA_RUNOFF_DISCHARGE,urn:ioos:sensor:GOA_RUNOFF_DISCHARGE:q,58.069320239858385,-154.46915010358515,2001-02-21T00:00:00Z,7.413977492954019
urn:ioos:station:GOA_RUNOFF_DISCHARGE,urn:ioos:sensor:GOA_RUNOFF_DISCHARGE:q,58.069320239858385,-154.46915010358515,2001-02-22T00:00:00Z,5.259435355681997
urn:ioos:station:GOA_RUNOFF_DISCHARGE,urn:ioos:sensor:GOA_RUNOFF_DISCHARGE:q,58.069320239858385,-154.46915010358515,2001-02-23T00:00:00Z,3.394257634167018
urn:ioos:station:GOA_RUNOFF_DISCHARGE,urn:ioos:sensor:GOA_RUNOFF_DISCHARGE:q,58.069320239858385,-154.46915010358515,2001-02-24T00:00:00Z,2.416248454566624
urn:ioos:station:GOA_RUNOFF_DISCHARGE,urn:ioos:sensor:GOA_RUNOFF_DISCHARGE:q,58.069320239858385,-154.46915010358515,2001-02-25T00:00:00Z,3.178602716492755
urn:ioos:station:GOA_RUNOFF_DISCHARGE,urn:ioos:sensor:GOA_RUNOFF_DISCHARGE:q,58.069320239858385,-154.46915010358515,2001-02-26T00:00:00Z,4.169611607567244
urn:ioos:station:GOA_RUNOFF_DISCHARGE,urn:ioos:sensor:GOA_RUNOFF_DISCHARGE:q,58.069320239858385,-154.46915010358515,2001-02-27T00:00:00Z,6.664334568713338
urn:ioos:station:GOA_RUNOFF_DISCHARGE,urn:ioos:sensor:GOA_RUNOFF_DISCHARGE:q,58.069320239858385,-154.46915010358515,2001-02-28T00:00:00Z,4.472922684857997
urn:ioos:station:GOA_RUNOFF_DISCHARGE,urn:ioos:sensor:GOA_RUNOFF_DISCHARGE:q,58.069320239858385,-154.46915010358515,2001-03-01T00:00:00Z,2.912079820206416
urn:ioos:station:GOA_RUNOFF_DISCHARGE,urn:ioos:sensor:GOA_RUNOFF_DISCHARGE:q,58.069320239858385,-154.46915010358515,2001-03-02T00:00:00Z,2.3535329440611816
urn:ioos:station:GOA_RUNOFF_DISCHARGE,urn:ioos:sensor:GOA_RUNOFF_DISCHARGE:q,58.069320239858385,-154.46915010358515,2001-03-03T00:00:00Z,2.6480241511245746
urn:ioos:station:GOA_RUNOFF_DISCHARGE,urn:ioos:sensor:GOA_RUNOFF_DISCHARGE:q,58.069320239858385,-154.46915010358515,2001-03-04T00:00:00Z,4.511629498770077
urn:ioos:station:GOA_RUNOFF_DISCHARGE,urn:ioos:sensor:GOA_RUNOFF_DISCHARGE:q,58.069320239858385,-154.46915010358515,2001-03-05T00:00:00Z,5.264276141232635
urn:ioos:station:GOA_RUNOFF_DISCHARGE,urn:ioos:sensor:GOA_RUNOFF_DISCHARGE:q,58.069320239858385,-154.46915010358515,2001-03-06T00:00:00Z,4.097264780881722
urn:ioos:station:GOA_RUNOFF_DISCHARGE,urn:ioos:sensor:GOA_RUNOFF_DISCHARGE:q,58.069320239858385,-154.46915010358515,2001-03-07T00:00:00Z,2.923087226637059
urn:ioos:station:GOA_RUNOFF_DISCHARGE,urn:ioos:sensor:GOA_RUNOFF_DISCHARGE:q,58.069320239858385,-154.46915010358515,2001-03-08T00:00:00Z,2.8688861101102376
urn:ioos:station:GOA_RUNOFF_DISCHARGE,urn:ioos:sensor:GOA_RUNOFF_DISCHARGE:q,58.069320239858385,-154.46915010358515,2001-03-09T00:00:00Z,3.4473328825901772
urn:ioos:station:GOA_RUNOFF_DISCHARGE,urn:ioos:sensor:GOA_RUNOFF_DISCHARGE:q,58.069320239858385,-154.46915010358515,2001-03-10T00:00:00Z,4.492988343498219
urn:ioos:station:GOA_RUNOFF_DISCHARGE,urn:ioos:sensor:GOA_RUNOFF_DISCHARGE:q,58.069320239858385,-154.46915010358515,2001-03-11T00:00:00Z,7.145976681000872
urn:ioos:station:GOA_RUNOFF_DISCHARGE,urn:ioos:sensor:GOA_RUNOFF_DISCHARGE:q,58.069320239858385,-154.46915010358515,2001-03-12T00:00:00Z,5.503302228410947
urn:ioos:station:GOA_RUNOFF_DISCHARGE,urn:ioos:sensor:GOA_RUNOFF_DISCHARGE:q,58.069320239858385,-154.46915010358515,2001-03-13T00:00:00Z,3.926420939798896
urn:ioos:station:GOA_RUNOFF_DISCHARGE,urn:ioos:sensor:GOA_RUNOFF_DISCHARGE:q,58.069320239858385,-154.46915010358515,2001-03-14T00:00:00Z,6.436465600270176
urn:ioos:station:GOA_RUNOFF_DISCHARGE,urn:ioos:sensor:GOA_RUNOFF_DISCHARGE:q,58.069320239858385,-154.46915010358515,2001-03-15T00:00:00Z,4.879862303918271
urn:ioos:station:GOA_RUNOFF_DISCHARGE,urn:ioos:sensor:GOA_RUNOFF_DISCHARGE:q,58.069320239858385,-154.46915010358515,2001-03-16T00:00:00Z,3.364249657687793
urn:ioos:station:GOA_RUNOFF_DISCHARGE,urn:ioos:sensor:GOA_RUNOFF_DISCHARGE:q,58.069320239858385,-154.46915010358515,2001-03-17T00:00:00Z,2.358453453387331
urn:ioos:station:GOA_RUNOFF_DISCHARGE,urn:ioos:sensor:GOA_RUNOFF_DISCHARGE:q,58.069320239858385,-154.46915010358515,2001-03-18T00:00:00Z,1.536039035221278
urn:ioos:station:GOA_RUNOFF_DISCHARGE,urn:ioos:sensor:GOA_RUNOFF_DISCHARGE:q,58.069320239858385,-154.46915010358515,2001-03-19T00:00:00Z,1.0942810438871506
urn:ioos:station:GOA_RUNOFF_DISCHARGE,urn:ioos:sensor:GOA_RUNOFF_DISCHARGE:q,58.069320239858385,-154.46915010358515,2001-03-20T00:00:00Z,0.7752341904008825
urn:ioos:station:GOA_RUNOFF_DISCHARGE,urn:ioos:sensor:GOA_RUNOFF_DISCHARGE:q,58.069320239858385,-154.46915010358515,2001-03-21T00:00:00Z,0.5487779509400974
urn:ioos:station:GOA_RUNOFF_DISCHARGE,urn:ioos:sensor:GOA_RUNOFF_DISCHARGE:q,58.069320239858385,-154.46915010358515,2001-03-22T00:00:00Z,0.35392745240338225
urn:ioos:station:GOA_RUNOFF_DISCHARGE,urn:ioos:sensor:GOA_RUNOFF_DISCHARGE:q,58.069320239858385,-154.46915010358515,2001-03-23T00:00:00Z,0.2296414246510529
urn:ioos:station:GOA_RUNOFF_DISCHARGE,urn:ioos:sensor:GOA_RUNOFF_DISCHARGE:q,58.069320239858385,-154.46915010358515,2001-03-24T00:00:00Z,2.149757000495379
urn:ioos:station:GOA_RUNOFF_DISCHARGE,urn:ioos:sensor:GOA_RUNOFF_DISCHARGE:q,58.069320239858385,-154.46915010358515,2001-03-25T00:00:00Z,5.891588062690372
urn:ioos:station:GOA_RUNOFF_DISCHARGE,urn:ioos:sensor:GOA_RUNOFF_DISCHARGE:q,58.069320239858385,-154.46915010358515,2001-03-26T00:00:00Z,6.840780386378327
urn:ioos:station:GOA_RUNOFF_DISCHARGE,urn:ioos:sensor:GOA_RUNOFF_DISCHARGE:q,58.069320239858385,-154.46915010358515,2001-03-27T00:00:00Z,4.9792602232903205
urn:ioos:station:GOA_RUNOFF_DISCHARGE,urn:ioos:sensor:GOA_RUNOFF_DISCHARGE:q,58.069320239858385,-154.46915010358515,2001-03-28T00:00:00Z,3.538017493216985
urn:ioos:station:GOA_RUNOFF_DISCHARGE,urn:ioos:sensor:GOA_RUNOFF_DISCHARGE:q,58.069320239858385,-154.46915010358515,2001-03-29T00:00:00Z,2.2830829117573606
urn:ioos:station:GOA_RUNOFF_DISCHARGE,urn:ioos:sensor:GOA_RUNOFF_DISCHARGE:q,58.069320239858385,-154.46915010358515,2001-03-30T00:00:00Z,1.4814224604715815
urn:ioos:station:GOA_RUNOFF_DISCHARGE,urn:ioos:sensor:GOA_RUNOFF_DISCHARGE:q,58.069320239858385,-154.46915010358515,2001-03-31T00:00:00Z,1.0550524733848479
urn:ioos:station:GOA_RUNOFF_DISCHARGE,urn:ioos:sensor:GOA_RUNOFF_DISCHARGE:q,58.069320239858385,-154.46915010358515,2001-04-01T00:00:00Z,0.6810592307838584
urn:ioos:station:GOA_RUNOFF_DISCHARGE,urn:ioos:sensor:GOA_RUNOFF_DISCHARGE:q,58.069320239858385,-154.46915010358515,2001-04-02T00:00:00Z,1.270650952940804
urn:ioos:station:GOA_RUNOFF_DISCHARGE,urn:ioos:sensor:GOA_RUNOFF_DISCHARGE:q,58.069320239858385,-154.46915010358515,2001-04-03T00:00:00Z,5.704261923028969
urn:ioos:station:GOA_RUNOFF_DISCHARGE,urn:ioos:sensor:GOA_RUNOFF_DISCHARGE:q,58.069320239858385,-154.46915010358515,2001-04-04T00:00:00Z,4.239075748825395
urn:ioos:station:GOA_RUNOFF_DISCHARGE,urn:ioos:sensor:GOA_RUNOFF_DISCHARGE:q,58.069320239858385,-154.46915010358515,2001-04-05T00:00:00Z,3.059855336886226
urn:ioos:station:GOA_RUNOFF_DISCHARGE,urn:ioos:sensor:GOA_RUNOFF_DISCHARGE:q,58.069320239858385,-154.46915010358515,2001-04-06T00:00:00Z,2.32573644722937
urn:ioos:station:GOA_RUNOFF_DISCHARGE,urn:ioos:sensor:GOA_RUNOFF_DISCHARGE:q,58.069320239858385,-154.46915010358515,2001-04-07T00:00:00Z,1.6822669108200539
urn:ioos:station:GOA_RUNOFF_DISCHARGE,urn:ioos:sensor:GOA_RUNOFF_DISCHARGE:q,58.069320239858385,-154.46915010358515,2001-04-08T00:00:00Z,1.1928210775494568
urn:ioos:station:GOA_RUNOFF_DISCHARGE,urn:ioos:sensor:GOA_RUNOFF_DISCHARGE:q,58.069320239858385,-154.46915010358515,2001-04-09T00:00:00Z,0.8444852086947969
urn:ioos:station:GOA_RUNOFF_DISCHARGE,urn:ioos:sensor:GOA_RUNOFF_DISCHARGE:q,58.069320239858385,-154.46915010358515,2001-04-10T00:00:00Z,3.989119347844245
urn:ioos:station:GOA_RUNOFF_DISCHARGE,urn:ioos:sensor:GOA_RUNOFF_DISCHARGE:q,58.069320239858385,-154.46915010358515,2001-04-11T00:00:00Z,5.7481152618551965
urn:ioos:station:GOA_RUNOFF_DISCHARGE,urn:ioos:sensor:GOA_RUNOFF_DISCHARGE:q,58.069320239858385,-154.46915010358515,2001-04-12T00:00:00Z,3.821810190590492
urn:ioos:station:GOA_RUNOFF_DISCHARGE,urn:ioos:sensor:GOA_RUNOFF_DISCHARGE:q,58.069320239858385,-154.46915010358515,2001-04-13T00:00:00Z,3.3738304558319068
urn:ioos:station:GOA_RUNOFF_DISCHARGE,urn:ioos:sensor:GOA_RUNOFF_DISCHARGE:q,58.069320239858385,-154.46915010358515,2001-04-14T00:00:00Z,2.428180183186602
urn:ioos:station:GOA_RUNOFF_DISCHARGE,urn:ioos:sensor:GOA_RUNOFF_DISCHARGE:q,58.069320239858385,-154.46915010358515,2001-04-15T00:00:00Z,1.816163781134372
urn:ioos:station:GOA_RUNOFF_DISCHARGE,urn:ioos:sensor:GOA_RUNOFF_DISCHARGE:q,58.069320239858385,-154.46915010358515,2001-04-16T00:00:00Z,1.290296417292279
urn:ioos:station:GOA_RUNOFF_DISCHARGE,urn:ioos:sensor:GOA_RUNOFF_DISCHARGE:q,58.069320239858385,-154.46915010358515,2001-04-17T00:00:00Z,0.9137476724812352
urn:ioos:station:GOA_RUNOFF_DISCHARGE,urn:ioos:sensor:GOA_RUNOFF_DISCHARGE:q,58.069320239858385,-154.46915010358515,2001-04-18T00:00:00Z,0.6467947151022494
urn:ioos:station:GOA_RUNOFF_DISCHARGE,urn:ioos:sensor:GOA_RUNOFF_DISCHARGE:q,58.069320239858385,-154.46915010358515,2001-04-19T00:00:00Z,0.4578032233892883
urn:ioos:station:GOA_RUNOFF_DISCHARGE,urn:ioos:sensor:GOA_RUNOFF_DISCHARGE:q,58.069320239858385,-154.46915010358515,2001-04-20T00:00:00Z,0.3960990273942317
urn:ioos:station:GOA_RUNOFF_DISCHARGE,urn:ioos:sensor:GOA_RUNOFF_DISCHARGE:q,58.069320239858385,-154.46915010358515,2001-04-21T00:00:00Z,0.9498466243438994
urn:ioos:station:GOA_RUNOFF_DISCHARGE,urn:ioos:sensor:GOA_RUNOFF_DISCHARGE:q,58.069320239858385,-154.46915010358515,2001-04-22T00:00:00Z,0.7041468941225183
urn:ioos:station:GOA_RUNOFF_DISCHARGE,urn:ioos:sensor:GOA_RUNOFF_DISCHARGE:q,58.069320239858385,-154.46915010358515,2001-04-23T00:00:00Z,0.5015724970462898
urn:ioos:station:GOA_RUNOFF_DISCHARGE,urn:ioos:sensor:GOA_RUNOFF_DISCHARGE:q,58.069320239858385,-154.46915010358515,2001-04-24T00:00:00Z,0.7640590483039427
urn:ioos:station:GOA_RUNOFF_DISCHARGE,urn:ioos:sensor:GOA_RUNOFF_DISCHARGE:q,58.069320239858385,-154.46915010358515,2001-04-25T00:00:00Z,0.5601644399765715
urn:ioos:station:GOA_RUNOFF_DISCHARGE,urn:ioos:sensor:GOA_RUNOFF_DISCHARGE:q,58.069320239858385,-154.46915010358515,2001-04-26T00:00:00Z,1.139920011104476
urn:ioos:station:GOA_RUNOFF_DISCHARGE,urn:ioos:sensor:GOA_RUNOFF_DISCHARGE:q,58.069320239858385,-154.46915010358515,2001-04-27T00:00:00Z,0.8421005995282876
urn:ioos:station:GOA_RUNOFF_DISCHARGE,urn:ioos:sensor:GOA_RUNOFF_DISCHARGE:q,58.069320239858385,-154.46915010358515,2001-04-28T00:00:00Z,0.599557062538382
urn:ioos:station:GOA_RUNOFF_DISCHARGE,urn:ioos:sensor:GOA_RUNOFF_DISCHARGE:q,58.069320239858385,-154.46915010358515,2001-04-29T00:00:00Z,0.4247155214088112
urn:ioos:station:GOA_RUNOFF_DISCHARGE,urn:ioos:sensor:GOA_RUNOFF_DISCHARGE:q,58.069320239858385,-154.46915010358515,2001-04-30T00:00:00Z,0.30064690868041444
urn:ioos:station:GOA_RUNOFF_DISCHARGE,urn:ioos:sensor:GOA_RUNOFF_DISCHARGE:q,58.069320239858385,-154.46915010358515,2001-05-01T00:00:00Z,0.21363411401221358
urn:ioos:station:GOA_RUNOFF_DISCHARGE,urn:ioos:sensor:GOA_RUNOFF_DISCHARGE:q,58.069320239858385,-154.46915010358515,2001-05-02T00:00:00Z,0.15263529582795532
urn:ioos:station:GOA_RUNOFF_DISCHARGE,urn:ioos:sensor:GOA_RUNOFF_DISCHARGE:q,58.069320239858385,-154.46915010358515,2001-05-03T00:00:00Z,0.09857624483261829
urn:ioos:station:GOA_RUNOFF_DISCHARGE,urn:ioos:sensor:GOA_RUNOFF_DISCHARGE:q,58.069320239858385,-154.46915010358515,2001-05-04T00:00:00Z,0.07104449901644876
urn:ioos:station:GOA_RUNOFF_DISCHARGE,urn:ioos:sensor:GOA_RUNOFF_DISCHARGE:q,58.069320239858385,-154.46915010358515,2001-05-05T00:00:00Z,0.09674990765309757
urn:ioos:station:GOA_RUNOFF_DISCHARGE,urn:ioos:sensor:GOA_RUNOFF_DISCHARGE:q,58.069320239858385,-154.46915010358515,2001-05-06T00:00:00Z,0.070337649407402
urn:ioos:station:GOA_RUNOFF_DISCHARGE,urn:ioos:sensor:GOA_RUNOFF_DISCHARGE:q,58.069320239858385,-154.46915010358515,2001-05-07T00:00:00Z,0.04997026390392342
urn:ioos:station:GOA_RUNOFF_DISCHARGE,urn:ioos:sensor:GOA_RUNOFF_DISCHARGE:q,58.069320239858385,-154.46915010358515,2001-05-08T00:00:00Z,0.03538726751970651
urn:ioos:station:GOA_RUNOFF_DISCHARGE,urn:ioos:sensor:GOA_RUNOFF_DISCHARGE:q,58.069320239858385,-154.46915010358515,2001-05-09T00:00:00Z,0.02504879955970947
urn:ioos:station:GOA_RUNOFF_DISCHARGE,urn:ioos:sensor:GOA_RUNOFF_DISCHARGE:q,58.069320239858385,-154.46915010358515,2001-05-10T00:00:00Z,0.01772961264915713
urn:ioos:station:GOA_RUNOFF_DISCHARGE,urn:ioos:sensor:GOA_RUNOFF_DISCHARGE:q,58.069320239858385,-154.46915010358515,2001-05-11T00:00:00Z,0.012548961954812856
urn:ioos:station:GOA_RUNOFF_DISCHARGE,urn:ioos:sensor:GOA_RUNOFF_DISCHARGE:q,58.069320239858385,-154.46915010358515,2001-05-12T00:00:00Z,0.008882100981789223
urn:ioos:station:GOA_RUNOFF_DISCHARGE,urn:ioos:sensor:GOA_RUNOFF_DISCHARGE:q,58.069320239858385,-154.46915010358515,2001-05-13T00:00:00Z,0.006286711703073918
urn:ioos:station:GOA_RUNOFF_DISCHARGE,urn:ioos:sensor:GOA_RUNOFF_DISCHARGE:q,58.069320239858385,-154.46915010358515,2001-05-14T00:00:00Z,0.004449706555732561
urn:ioos:station:GOA_RUNOFF_DISCHARGE,urn:ioos:sensor:GOA_RUNOFF_DISCHARGE:q,58.069320239858385,-154.46915010358515,2001-05-15T00:00:00Z,0.0031494825200835052
urn:ioos:station:GOA_RUNOFF_DISCHARGE,urn:ioos:sensor:GOA_RUNOFF_DISCHARGE:q,58.069320239858385,-154.46915010358515,2001-05-16T00:00:00Z,0.0022291897895698565
urn:ioos:station:GOA_RUNOFF_DISCHARGE,urn:ioos:sensor:GOA_RUNOFF_DISCHARGE:q,58.069320239858385,-154.46915010358515,2001-05-17T00:00:00Z,0.0015778106325934542
urn:ioos:station:GOA_RUNOFF_DISCHARGE,urn:ioos:sensor:GOA_RUNOFF_DISCHARGE:q,58.069320239858385,-154.46915010358515,2001-05-18T00:00:00Z,0.001116767390279017
urn:ioos:station:GOA_RUNOFF_DISCHARGE,urn:ioos:sensor:GOA_RUNOFF_DISCHARGE:q,58.069320239858385,-154.46915010358515,2001-05-19T00:00:00Z,7.904429574747875E-4
urn:ioos:station:GOA_RUNOFF_DISCHARGE,urn:ioos:sensor:GOA_RUNOFF_DISCHARGE:q,58.069320239858385,-154.46915010358515,2001-05-20T00:00:00Z,5.594720627077032E-4
urn:ioos:station:GOA_RUNOFF_DISCHARGE,urn:ioos:sensor:GOA_RUNOFF_DISCHARGE:q,58.069320239858385,-154.46915010358515,2001-05-21T00:00:00Z,3.95991808896031E-4
urn:ioos:station:GOA_RUNOFF_DISCHARGE,urn:ioos:sensor:GOA_RUNOFF_DISCHARGE:q,58.069320239858385,-154.46915010358515,2001-05-22T00:00:00Z,2.8028124293002186E-4
urn:ioos:station:GOA_RUNOFF_DISCHARGE,urn:ioos:sensor:GOA_RUNOFF_DISCHARGE:q,58.069320239858385,-154.46915010358515,2001-05-23T00:00:00Z,1.9838182431213764E-4
urn:ioos:station:GOA_RUNOFF_DISCHARGE,urn:ioos:sensor:GOA_RUNOFF_DISCHARGE:q,58.069320239858385,-154.46915010358515,2001-05-24T00:00:00Z,1.4041377326763478E-4
urn:ioos:station:GOA_RUNOFF_DISCHARGE,urn:ioos:sensor:GOA_RUNOFF_DISCHARGE:q,58.069320239858385,-154.46915010358515,2001-05-25T00:00:00Z,9.938424948053167E-5
urn:ioos:station:GOA_RUNOFF_DISCHARGE,urn:ioos:sensor:GOA_RUNOFF_DISCHARGE:q,58.069320239858385,-154.46915010358515,2001-05-26T00:00:00Z,7.03437275127731E-5
urn:ioos:station:GOA_RUNOFF_DISCHARGE,urn:ioos:sensor:GOA_RUNOFF_DISCHARGE:q,58.069320239858385,-154.46915010358515,2001-05-27T00:00:00Z,4.978897808388536E-5
urn:ioos:station:GOA_RUNOFF_DISCHARGE,urn:ioos:sensor:GOA_RUNOFF_DISCHARGE:q,58.069320239858385,-154.46915010358515,2001-05-28T00:00:00Z,3.524041668468631E-5
urn:ioos:station:GOA_RUNOFF_DISCHARGE,urn:ioos:sensor:GOA_RUNOFF_DISCHARGE:q,58.069320239858385,-154.46915010358515,2001-05-29T00:00:00Z,2.4943010061852882E-5
urn:ioos:station:GOA_RUNOFF_DISCHARGE,urn:ioos:sensor:GOA_RUNOFF_DISCHARGE:q,58.069320239858385,-154.46915010358515,2001-05-30T00:00:00Z,1.765455105090398E-5
urn:ioos:station:GOA_RUNOFF_DISCHARGE,urn:ioos:sensor:GOA_RUNOFF_DISCHARGE:q,58.069320239858385,-154.46915010358515,2001-05-31T00:00:00Z,1.2495812714931763E-5
urn:ioos:station:GOA_RUNOFF_DISCHARGE,urn:ioos:sensor:GOA_RUNOFF_DISCHARGE:q,58.069320239858385,-154.46915010358515,2001-06-01T00:00:00Z,8.84448000193788E-6
urn:ioos:station:GOA_RUNOFF_DISCHARGE,urn:ioos:sensor:GOA_RUNOFF_DISCHARGE:q,58.069320239858385,-154.46915010358515,2001-06-02T00:00:00Z,6.260083786493653E-6
urn:ioos:station:GOA_RUNOFF_DISCHARGE,urn:ioos:sensor:GOA_RUNOFF_DISCHARGE:q,58.069320239858385,-154.46915010358515,2001-06-03T00:00:00Z,4.430859804017817E-6
urn:ioos:station:GOA_RUNOFF_DISCHARGE,urn:ioos:sensor:GOA_RUNOFF_DISCHARGE:q,58.069320239858385,-154.46915010358515,2001-06-04T00:00:00Z,3.1361429031248656E-6
urn:ioos:station:GOA_RUNOFF_DISCHARGE,urn:ioos:sensor:GOA_RUNOFF_DISCHARGE:q,58.069320239858385,-154.46915010358515,2001-06-05T00:00:00Z,2.2197480840847156E-6
urn:ioos:station:GOA_RUNOFF_DISCHARGE,urn:ioos:sensor:GOA_RUNOFF_DISCHARGE:q,58.069320239858385,-154.46915010358515,2001-06-06T00:00:00Z,1.5711278532577301E-6
urn:ioos:station:GOA_RUNOFF_DISCHARGE,urn:ioos:sensor:GOA_RUNOFF_DISCHARGE:q,58.069320239858385,-154.46915010358515,2001-06-07T00:00:00Z,1.1120372733559456E-6
urn:ioos:station:GOA_RUNOFF_DISCHARGE,urn:ioos:sensor:GOA_RUNOFF_DISCHARGE:q,58.069320239858385,-154.46915010358515,2001-06-08T00:00:00Z,7.870950758546524E-7
urn:ioos:station:GOA_RUNOFF_DISCHARGE,urn:ioos:sensor:GOA_RUNOFF_DISCHARGE:q,58.069320239858385,-154.46915010358515,2001-06-09T00:00:00Z,5.571024479355084E-7
urn:ioos:station:GOA_RUNOFF_DISCHARGE,urn:ioos:sensor:GOA_RUNOFF_DISCHARGE:q,58.069320239858385,-154.46915010358515,2001-06-10T00:00:00Z,3.943146180950142E-7
urn:ioos:station:GOA_RUNOFF_DISCHARGE,urn:ioos:sensor:GOA_RUNOFF_DISCHARGE:q,58.069320239858385,-154.46915010358515,2001-06-11T00:00:00Z,2.7909413329971817E-7
urn:ioos:station:GOA_RUNOFF_DISCHARGE,urn:ioos:sensor:GOA_RUNOFF_DISCHARGE:q,58.069320239858385,-154.46915010358515,2001-06-12T00:00:00Z,1.9754157054302336E-7
urn:ioos:station:GOA_RUNOFF_DISCHARGE,urn:ioos:sensor:GOA_RUNOFF_DISCHARGE:q,58.069320239858385,-154.46915010358515,2001-06-13T00:00:00Z,1.3981905453316407E-7
urn:ioos:station:GOA_RUNOFF_DISCHARGE,urn:ioos:sensor:GOA_RUNOFF_DISCHARGE:q,58.069320239858385,-154.46915010358515,2001-06-14T00:00:00Z,9.896330024939959E-8
urn:ioos:station:GOA_RUNOFF_DISCHARGE,urn:ioos:sensor:GOA_RUNOFF_DISCHARGE:q,58.069320239858385,-154.46915010358515,2001-06-15T00:00:00Z,7.0045787816896E-8
urn:ioos:station:GOA_RUNOFF_DISCHARGE,urn:ioos:sensor:GOA_RUNOFF_DISCHARGE:q,58.069320239858385,-154.46915010358515,2001-06-16T00:00:00Z,4.957809580799304E-8
urn:ioos:station:GOA_RUNOFF_DISCHARGE,urn:ioos:sensor:GOA_RUNOFF_DISCHARGE:q,58.069320239858385,-154.46915010358515,2001-06-17T00:00:00Z,3.509115748793573E-8
urn:ioos:station:GOA_RUNOFF_DISCHARGE,urn:ioos:sensor:GOA_RUNOFF_DISCHARGE:q,58.069320239858385,-154.46915010358515,2001-06-18T00:00:00Z,2.4837364842817787E-8
urn:ioos:station:GOA_RUNOFF_DISCHARGE,urn:ioos:sensor:GOA_RUNOFF_DISCHARGE:q,58.069320239858385,-154.46915010358515,2001-06-19T00:00:00Z,1.7579777185877103E-8
urn:ioos:station:GOA_RUNOFF_DISCHARGE,urn:ioos:sensor:GOA_RUNOFF_DISCHARGE:q,58.069320239858385,-154.46915010358515,2001-06-20T00:00:00Z,1.2442887939406846E-8
urn:ioos:station:GOA_RUNOFF_DISCHARGE,urn:ioos:sensor:GOA_RUNOFF_DISCHARGE:q,58.069320239858385,-154.46915010358515,2001-06-21T00:00:00Z,8.807021139975856E-9
urn:ioos:station:GOA_RUNOFF_DISCHARGE,urn:ioos:sensor:GOA_RUNOFF_DISCHARGE:q,58.069320239858385,-154.46915010358515,2001-06-22T00:00:00Z,6.233570743085512E-9
urn:ioos:station:GOA_RUNOFF_DISCHARGE,urn:ioos:sensor:GOA_RUNOFF_DISCHARGE:q,58.069320239858385,-154.46915010358515,2001-06-23T00:00:00Z,4.412093506547924E-9
urn:ioos:station:GOA_RUNOFF_DISCHARGE,urn:ioos:sensor:GOA_RUNOFF_DISCHARGE:q,58.069320239858385,-154.46915010358515,2001-06-24T00:00:00Z,3.122860520380631E-9
urn:ioos:station:GOA_RUNOFF_DISCHARGE,urn:ioos:sensor:GOA_RUNOFF_DISCHARGE:q,58.069320239858385,-154.46915010358515,2001-06-25T00:00:00Z,2.210346553074631E-9
urn:ioos:station:GOA_RUNOFF_DISCHARGE,urn:ioos:sensor:GOA_RUNOFF_DISCHARGE:q,58.069320239858385,-154.46915010358515,2001-06-26T00:00:00Z,1.564473715682668E-9
urn:ioos:station:GOA_RUNOFF_DISCHARGE,urn:ioos:sensor:GOA_RUNOFF_DISCHARGE:q,58.069320239858385,-154.46915010358515,2001-06-27T00:00:00Z,1.1073275872427115E-9
urn:ioos:station:GOA_RUNOFF_DISCHARGE,urn:ioos:sensor:GOA_RUNOFF_DISCHARGE:q,58.069320239858385,-154.46915010358515,2001-06-28T00:00:00Z,7.837615261242179E-10
urn:ioos:station:GOA_RUNOFF_DISCHARGE,urn:ioos:sensor:GOA_RUNOFF_DISCHARGE:q,58.069320239858385,-154.46915010358515,2001-06-29T00:00:00Z,5.547429093318587E-10
urn:ioos:station:GOA_RUNOFF_DISCHARGE,urn:ioos:sensor:GOA_RUNOFF_DISCHARGE:q,58.069320239858385,-154.46915010358515,2001-06-30T00:00:00Z,3.926445674719047E-10
urn:ioos:station:GOA_RUNOFF_DISCHARGE,urn:ioos:sensor:GOA_RUNOFF_DISCHARGE:q,58.069320239858385,-154.46915010358515,2001-07-01T00:00:00Z,2.7791208459185555E-10
urn:ioos:station:GOA_RUNOFF_DISCHARGE,urn:ioos:sensor:GOA_RUNOFF_DISCHARGE:q,58.069320239858385,-154.46915010358515,2001-07-02T00:00:00Z,1.9670493639032245E-10
urn:ioos:station:GOA_RUNOFF_DISCHARGE,urn:ioos:sensor:GOA_RUNOFF_DISCHARGE:q,58.069320239858385,-154.46915010358515,2001-07-03T00:00:00Z,1.1329406286978971
urn:ioos:station:GOA_RUNOFF_DISCHARGE,urn:ioos:sensor:GOA_RUNOFF_DISCHARGE:q,58.069320239858385,-154.46915010358515,2001-07-04T00:00:00Z,0.8554844585675493
urn:ioos:station:GOA_RUNOFF_DISCHARGE,urn:ioos:sensor:GOA_RUNOFF_DISCHARGE:q,58.069320239858385,-154.46915010358515,2001-07-05T00:00:00Z,0.6108599468564783
urn:ioos:station:GOA_RUNOFF_DISCHARGE,urn:ioos:sensor:GOA_RUNOFF_DISCHARGE:q,58.069320239858385,-154.46915010358515,2001-07-06T00:00:00Z,0.43289839077639797
urn:ioos:station:GOA_RUNOFF_DISCHARGE,urn:ioos:sensor:GOA_RUNOFF_DISCHARGE:q,58.069320239858385,-154.46915010358515,2001-07-07T00:00:00Z,0.3064569432674791
urn:ioos:station:GOA_RUNOFF_DISCHARGE,urn:ioos:sensor:GOA_RUNOFF_DISCHARGE:q,58.069320239858385,-154.46915010358515,2001-07-08T00:00:00Z,0.21691418496665132
urn:ioos:station:GOA_RUNOFF_DISCHARGE,urn:ioos:sensor:GOA_RUNOFF_DISCHARGE:q,58.069320239858385,-154.46915010358515,2001-07-09T00:00:00Z,0.15353141540281043
urn:ioos:station:GOA_RUNOFF_DISCHARGE,urn:ioos:sensor:GOA_RUNOFF_DISCHARGE:q,58.069320239858385,-154.46915010358515,2001-07-10T00:00:00Z,0.39610442124703027
urn:ioos:station:GOA_RUNOFF_DISCHARGE,urn:ioos:sensor:GOA_RUNOFF_DISCHARGE:q,58.069320239858385,-154.46915010358515,2001-07-11T00:00:00Z,0.3137767632979483
urn:ioos:station:GOA_RUNOFF_DISCHARGE,urn:ioos:sensor:GOA_RUNOFF_DISCHARGE:q,58.069320239858385,-154.46915010358515,2001-07-12T00:00:00Z,0.23237288486398733
urn:ioos:station:GOA_RUNOFF_DISCHARGE,urn:ioos:sensor:GOA_RUNOFF_DISCHARGE:q,58.069320239858385,-154.46915010358515,2001-07-13T00:00:00Z,0.16507957202118312
urn:ioos:station:GOA_RUNOFF_DISCHARGE,urn:ioos:sensor:GOA_RUNOFF_DISCHARGE:q,58.069320239858385,-154.46915010358515,2001-07-14T00:00:00Z,0.11690319995662315
urn:ioos:station:GOA_RUNOFF_DISCHARGE,urn:ioos:sensor:GOA_RUNOFF_DISCHARGE:q,58.069320239858385,-154.46915010358515,2001-07-15T00:00:00Z,2.466484957729111
urn:ioos:station:GOA_RUNOFF_DISCHARGE,urn:ioos:sensor:GOA_RUNOFF_DISCHARGE:q,58.069320239858385,-154.46915010358515,2001-07-16T00:00:00Z,1.8585310477359014
urn:ioos:station:GOA_RUNOFF_DISCHARGE,urn:ioos:sensor:GOA_RUNOFF_DISCHARGE:q,58.069320239858385,-154.46915010358515,2001-07-17T00:00:00Z,1.3267204474540961
urn:ioos:station:GOA_RUNOFF_DISCHARGE,urn:ioos:sensor:GOA_RUNOFF_DISCHARGE:q,58.069320239858385,-154.46915010358515,2001-07-18T00:00:00Z,0.9401713022184254
urn:ioos:station:GOA_RUNOFF_DISCHARGE,urn:ioos:sensor:GOA_RUNOFF_DISCHARGE:q,58.069320239858385,-154.46915010358515,2001-07-19T00:00:00Z,2.9005738112853687
urn:ioos:station:GOA_RUNOFF_DISCHARGE,urn:ioos:sensor:GOA_RUNOFF_DISCHARGE:q,58.069320239858385,-154.46915010358515,2001-07-20T00:00:00Z,2.158752631389541
urn:ioos:station:GOA_RUNOFF_DISCHARGE,urn:ioos:sensor:GOA_RUNOFF_DISCHARGE:q,58.069320239858385,-154.46915010358515,2001-07-21T00:00:00Z,1.603735703007507
urn:ioos:station:GOA_RUNOFF_DISCHARGE,urn:ioos:sensor:GOA_RUNOFF_DISCHARGE:q,58.069320239858385,-154.46915010358515,2001-07-22T00:00:00Z,2.327336711264536
urn:ioos:station:GOA_RUNOFF_DISCHARGE,urn:ioos:sensor:GOA_RUNOFF_DISCHARGE:q,58.069320239858385,-154.46915010358515,2001-07-23T00:00:00Z,1.703894681853696
urn:ioos:station:GOA_RUNOFF_DISCHARGE,urn:ioos:sensor:GOA_RUNOFF_DISCHARGE:q,58.069320239858385,-154.46915010358515,2001-07-24T00:00:00Z,1.2116627262765594
urn:ioos:station:GOA_RUNOFF_DISCHARGE,urn:ioos:sensor:GOA_RUNOFF_DISCHARGE:q,58.069320239858385,-154.46915010358515,2001-07-25T00:00:00Z,0.8581739519745631
urn:ioos:station:GOA_RUNOFF_DISCHARGE,urn:ioos:sensor:GOA_RUNOFF_DISCHARGE:q,58.069320239858385,-154.46915010358515,2001-07-26T00:00:00Z,0.6074681343478749
urn:ioos:station:GOA_RUNOFF_DISCHARGE,urn:ioos:sensor:GOA_RUNOFF_DISCHARGE:q,58.069320239858385,-154.46915010358515,2001-07-27T00:00:00Z,0.42996887091984776
urn:ioos:station:GOA_RUNOFF_DISCHARGE,urn:ioos:sensor:GOA_RUNOFF_DISCHARGE:q,58.069320239858385,-154.46915010358515,2001-07-28T00:00:00Z,0.3043306141377208
urn:ioos:station:GOA_RUNOFF_DISCHARGE,urn:ioos:sensor:GOA_RUNOFF_DISCHARGE:q,58.069320239858385,-154.46915010358515,2001-07-29T00:00:00Z,0.21540392262772487
urn:ioos:station:GOA_RUNOFF_DISCHARGE,urn:ioos:sensor:GOA_RUNOFF_DISCHARGE:q,58.069320239858385,-154.46915010358515,2001-07-30T00:00:00Z,0.15246193608343542
urn:ioos:station:GOA_RUNOFF_DISCHARGE,urn:ioos:sensor:GOA_RUNOFF_DISCHARGE:q,58.069320239858385,-154.46915010358515,2001-07-31T00:00:00Z,0.10791188578916776
urn:ioos:station:GOA_RUNOFF_DISCHARGE,urn:ioos:sensor:GOA_RUNOFF_DISCHARGE:q,58.069320239858385,-154.46915010358515,2001-08-01T00:00:00Z,0.07637955388611246
urn:ioos:station:GOA_RUNOFF_DISCHARGE,urn:ioos:sensor:GOA_RUNOFF_DISCHARGE:q,58.069320239858385,-154.46915010358515,2001-08-02T00:00:00Z,0.05406111069065112
urn:ioos:station:GOA_RUNOFF_DISCHARGE,urn:ioos:sensor:GOA_RUNOFF_DISCHARGE:q,58.069320239858385,-154.46915010358515,2001-08-03T00:00:00Z,0.31650634881814177
urn:ioos:station:GOA_RUNOFF_DISCHARGE,urn:ioos:sensor:GOA_RUNOFF_DISCHARGE:q,58.069320239858385,-154.46915010358515,2001-08-04T00:00:00Z,0.23718415222629233
urn:ioos:station:GOA_RUNOFF_DISCHARGE,urn:ioos:sensor:GOA_RUNOFF_DISCHARGE:q,58.069320239858385,-154.46915010358515,2001-08-05T00:00:00Z,0.16919226966738063
urn:ioos:station:GOA_RUNOFF_DISCHARGE,urn:ioos:sensor:GOA_RUNOFF_DISCHARGE:q,58.069320239858385,-154.46915010358515,2001-08-06T00:00:00Z,0.1198847754260815
urn:ioos:station:GOA_RUNOFF_DISCHARGE,urn:ioos:sensor:GOA_RUNOFF_DISCHARGE:q,58.069320239858385,-154.46915010358515,2001-08-07T00:00:00Z,0.08486701971242339
urn:ioos:station:GOA_RUNOFF_DISCHARGE,urn:ioos:sensor:GOA_RUNOFF_DISCHARGE:q,58.069320239858385,-154.46915010358515,2001-08-08T00:00:00Z,0.06006981337423868
urn:ioos:station:GOA_RUNOFF_DISCHARGE,urn:ioos:sensor:GOA_RUNOFF_DISCHARGE:q,58.069320239858385,-154.46915010358515,2001-08-09T00:00:00Z,0.0425172749101529
urn:ioos:station:GOA_RUNOFF_DISCHARGE,urn:ioos:sensor:GOA_RUNOFF_DISCHARGE:q,58.069320239858385,-154.46915010358515,2001-08-10T00:00:00Z,0.030093552502798916
urn:ioos:station:GOA_RUNOFF_DISCHARGE,urn:ioos:sensor:GOA_RUNOFF_DISCHARGE:q,58.069320239858385,-154.46915010358515,2001-08-11T00:00:00Z,0.021300084198208145
urn:ioos:station:GOA_RUNOFF_DISCHARGE,urn:ioos:sensor:GOA_RUNOFF_DISCHARGE:q,58.069320239858385,-154.46915010358515,2001-08-12T00:00:00Z,0.015076106353783755
urn:ioos:station:GOA_RUNOFF_DISCHARGE,urn:ioos:sensor:GOA_RUNOFF_DISCHARGE:q,58.069320239858385,-154.46915010358515,2001-08-13T00:00:00Z,0.010670800415600399
urn:ioos:station:GOA_RUNOFF_DISCHARGE,urn:ioos:sensor:GOA_RUNOFF_DISCHARGE:q,58.069320239858385,-154.46915010358515,2001-08-14T00:00:00Z,0.007552745978469995
urn:ioos:station:GOA_RUNOFF_DISCHARGE,urn:ioos:sensor:GOA_RUNOFF_DISCHARGE:q,58.069320239858385,-154.46915010358515,2001-08-15T00:00:00Z,0.005345799921889821
urn:ioos:station:GOA_RUNOFF_DISCHARGE,urn:ioos:sensor:GOA_RUNOFF_DISCHARGE:q,58.069320239858385,-154.46915010358515,2001-08-16T00:00:00Z,0.31759847245246686
urn:ioos:station:GOA_RUNOFF_DISCHARGE,urn:ioos:sensor:GOA_RUNOFF_DISCHARGE:q,58.069320239858385,-154.46915010358515,2001-08-17T00:00:00Z,2.214813048443245
urn:ioos:station:GOA_RUNOFF_DISCHARGE,urn:ioos:sensor:GOA_RUNOFF_DISCHARGE:q,58.069320239858385,-154.46915010358515,2001-08-18T00:00:00Z,1.6625535628577484
urn:ioos:station:GOA_RUNOFF_DISCHARGE,urn:ioos:sensor:GOA_RUNOFF_DISCHARGE:q,58.069320239858385,-154.46915010358515,2001-08-19T00:00:00Z,1.6489590804445717
urn:ioos:station:GOA_RUNOFF_DISCHARGE,urn:ioos:sensor:GOA_RUNOFF_DISCHARGE:q,58.069320239858385,-154.46915010358515,2001-08-20T00:00:00Z,3.249429529148164
urn:ioos:station:GOA_RUNOFF_DISCHARGE,urn:ioos:sensor:GOA_RUNOFF_DISCHARGE:q,58.069320239858385,-154.46915010358515,2001-08-21T00:00:00Z,2.39963617729134
urn:ioos:station:GOA_RUNOFF_DISCHARGE,urn:ioos:sensor:GOA_RUNOFF_DISCHARGE:q,58.069320239858385,-154.46915010358515,2001-08-22T00:00:00Z,1.708408152629631
urn:ioos:station:GOA_RUNOFF_DISCHARGE,urn:ioos:sensor:GOA_RUNOFF_DISCHARGE:q,58.069320239858385,-154.46915010358515,2001-08-23T00:00:00Z,1.2101979663482842
urn:ioos:station:GOA_RUNOFF_DISCHARGE,urn:ioos:sensor:GOA_RUNOFF_DISCHARGE:q,58.069320239858385,-154.46915010358515,2001-08-24T00:00:00Z,0.8566720270849321
urn:ioos:station:GOA_RUNOFF_DISCHARGE,urn:ioos:sensor:GOA_RUNOFF_DISCHARGE:q,58.069320239858385,-154.46915010358515,2001-08-25T00:00:00Z,1.427771385372829
urn:ioos:station:GOA_RUNOFF_DISCHARGE,urn:ioos:sensor:GOA_RUNOFF_DISCHARGE:q,58.069320239858385,-154.46915010358515,2001-08-26T00:00:00Z,1.049428526719334
urn:ioos:station:GOA_RUNOFF_DISCHARGE,urn:ioos:sensor:GOA_RUNOFF_DISCHARGE:q,58.069320239858385,-154.46915010358515,2001-08-27T00:00:00Z,1.6713451482472617
urn:ioos:station:GOA_RUNOFF_DISCHARGE,urn:ioos:sensor:GOA_RUNOFF_DISCHARGE:q,58.069320239858385,-154.46915010358515,2001-08-28T00:00:00Z,1.6955617055094465
urn:ioos:station:GOA_RUNOFF_DISCHARGE,urn:ioos:sensor:GOA_RUNOFF_DISCHARGE:q,58.069320239858385,-154.46915010358515,2001-08-29T00:00:00Z,1.2266785546808516
urn:ioos:station:GOA_RUNOFF_DISCHARGE,urn:ioos:sensor:GOA_RUNOFF_DISCHARGE:q,58.069320239858385,-154.46915010358515,2001-08-30T00:00:00Z,0.8708906177341187
urn:ioos:station:GOA_RUNOFF_DISCHARGE,urn:ioos:sensor:GOA_RUNOFF_DISCHARGE:q,58.069320239858385,-154.46915010358515,2001-08-31T00:00:00Z,0.616677414435814
urn:ioos:station:GOA_RUNOFF_DISCHARGE,urn:ioos:sensor:GOA_RUNOFF_DISCHARGE:q,58.069320239858385,-154.46915010358515,2001-09-01T00:00:00Z,0.36429460192896557
urn:ioos:station:GOA_RUNOFF_DISCHARGE,urn:ioos:sensor:GOA_RUNOFF_DISCHARGE:q,58.069320239858385,-154.46915010358515,2001-09-02T00:00:00Z,0.2578868446156332
urn:ioos:station:GOA_RUNOFF_DISCHARGE,urn:ioos:sensor:GOA_RUNOFF_DISCHARGE:q,58.069320239858385,-154.46915010358515,2001-09-03T00:00:00Z,0.1825352308044775
urn:ioos:station:GOA_RUNOFF_DISCHARGE,urn:ioos:sensor:GOA_RUNOFF_DISCHARGE:q,58.069320239858385,-154.46915010358515,2001-09-04T00:00:00Z,1.1830905671008363
urn:ioos:station:GOA_RUNOFF_DISCHARGE,urn:ioos:sensor:GOA_RUNOFF_DISCHARGE:q,58.069320239858385,-154.46915010358515,2001-09-05T00:00:00Z,0.8872410958125939
urn:ioos:station:GOA_RUNOFF_DISCHARGE,urn:ioos:sensor:GOA_RUNOFF_DISCHARGE:q,58.069320239858385,-154.46915010358515,2001-09-06T00:00:00Z,0.6329637582889404
urn:ioos:station:GOA_RUNOFF_DISCHARGE,urn:ioos:sensor:GOA_RUNOFF_DISCHARGE:q,58.069320239858385,-154.46915010358515,2001-09-07T00:00:00Z,0.44850606296794815
urn:ioos:station:GOA_RUNOFF_DISCHARGE,urn:ioos:sensor:GOA_RUNOFF_DISCHARGE:q,58.069320239858385,-154.46915010358515,2001-09-08T00:00:00Z,0.31750023197497096
urn:ioos:station:GOA_RUNOFF_DISCHARGE,urn:ioos:sensor:GOA_RUNOFF_DISCHARGE:q,58.069320239858385,-154.46915010358515,2001-09-09T00:00:00Z,0.22473022300991585
urn:ioos:station:GOA_RUNOFF_DISCHARGE,urn:ioos:sensor:GOA_RUNOFF_DISCHARGE:q,58.069320239858385,-154.46915010358515,2001-09-10T00:00:00Z,0.15906355145803652
urn:ioos:station:GOA_RUNOFF_DISCHARGE,urn:ioos:sensor:GOA_RUNOFF_DISCHARGE:q,58.069320239858385,-154.46915010358515,2001-09-11T00:00:00Z,0.1841884631319124
urn:ioos:station:GOA_RUNOFF_DISCHARGE,urn:ioos:sensor:GOA_RUNOFF_DISCHARGE:q,58.069320239858385,-154.46915010358515,2001-09-12T00:00:00Z,0.8411649634038137
urn:ioos:station:GOA_RUNOFF_DISCHARGE,urn:ioos:sensor:GOA_RUNOFF_DISCHARGE:q,58.069320239858385,-154.46915010358515,2001-09-13T00:00:00Z,0.6291753660422569
urn:ioos:station:GOA_RUNOFF_DISCHARGE,urn:ioos:sensor:GOA_RUNOFF_DISCHARGE:q,58.069320239858385,-154.46915010358515,2001-09-14T00:00:00Z,0.44870303726313493
urn:ioos:station:GOA_RUNOFF_DISCHARGE,urn:ioos:sensor:GOA_RUNOFF_DISCHARGE:q,58.069320239858385,-154.46915010358515,2001-09-15T00:00:00Z,0.31792710280102365
urn:ioos:station:GOA_RUNOFF_DISCHARGE,urn:ioos:sensor:GOA_RUNOFF_DISCHARGE:q,58.069320239858385,-154.46915010358515,2001-09-16T00:00:00Z,0.24158477965495984
urn:ioos:station:GOA_RUNOFF_DISCHARGE,urn:ioos:sensor:GOA_RUNOFF_DISCHARGE:q,58.069320239858385,-154.46915010358515,2001-09-17T00:00:00Z,0.31930118680145936
urn:ioos:station:GOA_RUNOFF_DISCHARGE,urn:ioos:sensor:GOA_RUNOFF_DISCHARGE:q,58.069320239858385,-154.46915010358515,2001-09-18T00:00:00Z,0.2330569832677084
urn:ioos:station:GOA_RUNOFF_DISCHARGE,urn:ioos:sensor:GOA_RUNOFF_DISCHARGE:q,58.069320239858385,-154.46915010358515,2001-09-19T00:00:00Z,0.1656614174471557
urn:ioos:station:GOA_RUNOFF_DISCHARGE,urn:ioos:sensor:GOA_RUNOFF_DISCHARGE:q,58.069320239858385,-154.46915010358515,2001-09-20T00:00:00Z,0.9801087696915841
urn:ioos:station:GOA_RUNOFF_DISCHARGE,urn:ioos:sensor:GOA_RUNOFF_DISCHARGE:q,58.069320239858385,-154.46915010358515,2001-09-21T00:00:00Z,7.971901313322326
urn:ioos:station:GOA_RUNOFF_DISCHARGE,urn:ioos:sensor:GOA_RUNOFF_DISCHARGE:q,58.069320239858385,-154.46915010358515,2001-09-22T00:00:00Z,6.42426075851825
urn:ioos:station:GOA_RUNOFF_DISCHARGE,urn:ioos:sensor:GOA_RUNOFF_DISCHARGE:q,58.069320239858385,-154.46915010358515,2001-09-23T00:00:00Z,5.964371396780423
urn:ioos:station:GOA_RUNOFF_DISCHARGE,urn:ioos:sensor:GOA_RUNOFF_DISCHARGE:q,58.069320239858385,-154.46915010358515,2001-09-24T00:00:00Z,5.154312585129884
urn:ioos:station:GOA_RUNOFF_DISCHARGE,urn:ioos:sensor:GOA_RUNOFF_DISCHARGE:q,58.069320239858385,-154.46915010358515,2001-09-25T00:00:00Z,3.6960000211950836
urn:ioos:station:GOA_RUNOFF_DISCHARGE,urn:ioos:sensor:GOA_RUNOFF_DISCHARGE:q,58.069320239858385,-154.46915010358515,2001-09-26T00:00:00Z,2.9193733616491655
urn:ioos:station:GOA_RUNOFF_DISCHARGE,urn:ioos:sensor:GOA_RUNOFF_DISCHARGE:q,58.069320239858385,-154.46915010358515,2001-09-27T00:00:00Z,2.33006494832153
urn:ioos:station:GOA_RUNOFF_DISCHARGE,urn:ioos:sensor:GOA_RUNOFF_DISCHARGE:q,58.069320239858385,-154.46915010358515,2001-09-28T00:00:00Z,1.662453579244897
urn:ioos:station:GOA_RUNOFF_DISCHARGE,urn:ioos:sensor:GOA_RUNOFF_DISCHARGE:q,58.069320239858385,-154.46915010358515,2001-09-29T00:00:00Z,1.1779998225180688
urn:ioos:station:GOA_RUNOFF_DISCHARGE,urn:ioos:sensor:GOA_RUNOFF_DISCHARGE:q,58.069320239858385,-154.46915010358515,2001-09-30T00:00:00Z,0.8339150332343016
urn:ioos:station:GOA_RUNOFF_DISCHARGE,urn:ioos:sensor:GOA_RUNOFF_DISCHARGE:q,58.069320239858385,-154.46915010358515,2001-10-01T00:00:00Z,2.7504344715059323
urn:ioos:station:GOA_RUNOFF_DISCHARGE,urn:ioos:sensor:GOA_RUNOFF_DISCHARGE:q,58.069320239858385,-154.46915010358515,2001-10-02T00:00:00Z,2.0489344461975807
urn:ioos:station:GOA_RUNOFF_DISCHARGE,urn:ioos:sensor:GOA_RUNOFF_DISCHARGE:q,58.069320239858385,-154.46915010358515,2001-10-03T00:00:00Z,6.172015785261882
urn:ioos:station:GOA_RUNOFF_DISCHARGE,urn:ioos:sensor:GOA_RUNOFF_DISCHARGE:q,58.069320239858385,-154.46915010358515,2001-10-04T00:00:00Z,16.223116847506724
urn:ioos:station:GOA_RUNOFF_DISCHARGE,urn:ioos:sensor:GOA_RUNOFF_DISCHARGE:q,58.069320239858385,-154.46915010358515,2001-10-05T00:00:00Z,13.381276304672827
urn:ioos:station:GOA_RUNOFF_DISCHARGE,urn:ioos:sensor:GOA_RUNOFF_DISCHARGE:q,58.069320239858385,-154.46915010358515,2001-10-06T00:00:00Z,9.591112243123701
urn:ioos:station:GOA_RUNOFF_DISCHARGE,urn:ioos:sensor:GOA_RUNOFF_DISCHARGE:q,58.069320239858385,-154.46915010358515,2001-10-07T00:00:00Z,6.800520142860259
urn:ioos:station:GOA_RUNOFF_DISCHARGE,urn:ioos:sensor:GOA_RUNOFF_DISCHARGE:q,58.069320239858385,-154.46915010358515,2001-10-08T00:00:00Z,6.293632694557251
urn:ioos:station:GOA_RUNOFF_DISCHARGE,urn:ioos:sensor:GOA_RUNOFF_DISCHARGE:q,58.069320239858385,-154.46915010358515,2001-10-09T00:00:00Z,5.539698368407073
urn:ioos:station:GOA_RUNOFF_DISCHARGE,urn:ioos:sensor:GOA_RUNOFF_DISCHARGE:q,58.069320239858385,-154.46915010358515,2001-10-10T00:00:00Z,3.68649473699015
urn:ioos:station:GOA_RUNOFF_DISCHARGE,urn:ioos:sensor:GOA_RUNOFF_DISCHARGE:q,58.069320239858385,-154.46915010358515,2001-10-11T00:00:00Z,2.6290083204192936
urn:ioos:station:GOA_RUNOFF_DISCHARGE,urn:ioos:sensor:GOA_RUNOFF_DISCHARGE:q,58.069320239858385,-154.46915010358515,2001-10-12T00:00:00Z,1.959968632810122
urn:ioos:station:GOA_RUNOFF_DISCHARGE,urn:ioos:sensor:GOA_RUNOFF_DISCHARGE:q,58.069320239858385,-154.46915010358515,2001-10-13T00:00:00Z,1.5589193641206562
urn:ioos:station:GOA_RUNOFF_DISCHARGE,urn:ioos:sensor:GOA_RUNOFF_DISCHARGE:q,58.069320239858385,-154.46915010358515,2001-10-14T00:00:00Z,2.2997054505087005
urn:ioos:station:GOA_RUNOFF_DISCHARGE,urn:ioos:sensor:GOA_RUNOFF_DISCHARGE:q,58.069320239858385,-154.46915010358515,2001-10-15T00:00:00Z,1.7543996936396435
urn:ioos:station:GOA_RUNOFF_DISCHARGE,urn:ioos:sensor:GOA_RUNOFF_DISCHARGE:q,58.069320239858385,-154.46915010358515,2001-10-16T00:00:00Z,1.2582273312570733
urn:ioos:station:GOA_RUNOFF_DISCHARGE,urn:ioos:sensor:GOA_RUNOFF_DISCHARGE:q,58.069320239858385,-154.46915010358515,2001-10-17T00:00:00Z,6.578696499387826
urn:ioos:station:GOA_RUNOFF_DISCHARGE,urn:ioos:sensor:GOA_RUNOFF_DISCHARGE:q,58.069320239858385,-154.46915010358515,2001-10-18T00:00:00Z,5.469390944308951
urn:ioos:station:GOA_RUNOFF_DISCHARGE,urn:ioos:sensor:GOA_RUNOFF_DISCHARGE:q,58.069320239858385,-154.46915010358515,2001-10-19T00:00:00Z,3.936065148602739
urn:ioos:station:GOA_RUNOFF_DISCHARGE,urn:ioos:sensor:GOA_RUNOFF_DISCHARGE:q,58.069320239858385,-154.46915010358515,2001-10-20T00:00:00Z,4.293145044852115
urn:ioos:station:GOA_RUNOFF_DISCHARGE,urn:ioos:sensor:GOA_RUNOFF_DISCHARGE:q,58.069320239858385,-154.46915010358515,2001-10-21T00:00:00Z,2.834211530058552
urn:ioos:station:GOA_RUNOFF_DISCHARGE,urn:ioos:sensor:GOA_RUNOFF_DISCHARGE:q,58.069320239858385,-154.46915010358515,2001-10-22T00:00:00Z,2.442368120965007
urn:ioos:station:GOA_RUNOFF_DISCHARGE,urn:ioos:sensor:GOA_RUNOFF_DISCHARGE:q,58.069320239858385,-154.46915010358515,2001-10-23T00:00:00Z,1.6021032074129349
urn:ioos:station:GOA_RUNOFF_DISCHARGE,urn:ioos:sensor:GOA_RUNOFF_DISCHARGE:q,58.069320239858385,-154.46915010358515,2001-10-24T00:00:00Z,1.041026416969093
urn:ioos:station:GOA_RUNOFF_DISCHARGE,urn:ioos:sensor:GOA_RUNOFF_DISCHARGE:q,58.069320239858385,-154.46915010358515,2001-10-25T00:00:00Z,0.6758960638604662
urn:ioos:station:GOA_RUNOFF_DISCHARGE,urn:ioos:sensor:GOA_RUNOFF_DISCHARGE:q,58.069320239858385,-154.46915010358515,2001-10-26T00:00:00Z,0.43880100887338924
urn:ioos:station:GOA_RUNOFF_DISCHARGE,urn:ioos:sensor:GOA_RUNOFF_DISCHARGE:q,58.069320239858385,-154.46915010358515,2001-10-27T00:00:00Z,0.28487386885550325
urn:ioos:station:GOA_RUNOFF_DISCHARGE,urn:ioos:sensor:GOA_RUNOFF_DISCHARGE:q,58.069320239858385,-154.46915010358515,2001-10-28T00:00:00Z,0.18494281317940023
urn:ioos:station:GOA_RUNOFF_DISCHARGE,urn:ioos:sensor:GOA_RUNOFF_DISCHARGE:q,58.069320239858385,-154.46915010358515,2001-10-29T00:00:00Z,0.12006660417728209
urn:ioos:station:GOA_RUNOFF_DISCHARGE,urn:ioos:sensor:GOA_RUNOFF_DISCHARGE:q,58.069320239858385,-154.46915010358515,2001-10-30T00:00:00Z,0.07794836748384779
urn:ioos:station:GOA_RUNOFF_DISCHARGE,urn:ioos:sensor:GOA_RUNOFF_DISCHARGE:q,58.069320239858385,-154.46915010358515,2001-10-31T00:00:00Z,1.3055333936613127
urn:ioos:station:GOA_RUNOFF_DISCHARGE,urn:ioos:sensor:GOA_RUNOFF_DISCHARGE:q,58.069320239858385,-154.46915010358515,2001-11-01T00:00:00Z,1.404128812982843
urn:ioos:station:GOA_RUNOFF_DISCHARGE,urn:ioos:sensor:GOA_RUNOFF_DISCHARGE:q,58.069320239858385,-154.46915010358515,2001-11-02T00:00:00Z,0.9277316963123767
urn:ioos:station:GOA_RUNOFF_DISCHARGE,urn:ioos:sensor:GOA_RUNOFF_DISCHARGE:q,58.069320239858385,-154.46915010358515,2001-11-03T00:00:00Z,0.6031990971938848
urn:ioos:station:GOA_RUNOFF_DISCHARGE,urn:ioos:sensor:GOA_RUNOFF_DISCHARGE:q,58.069320239858385,-154.46915010358515,2001-11-04T00:00:00Z,0.39165347311847365
urn:ioos:station:GOA_RUNOFF_DISCHARGE,urn:ioos:sensor:GOA_RUNOFF_DISCHARGE:q,58.069320239858385,-154.46915010358515,2001-11-05T00:00:00Z,0.25426798050462185
urn:ioos:station:GOA_RUNOFF_DISCHARGE,urn:ioos:sensor:GOA_RUNOFF_DISCHARGE:q,58.069320239858385,-154.46915010358515,2001-11-06T00:00:00Z,0.16507330660070674
urn:ioos:station:GOA_RUNOFF_DISCHARGE,urn:ioos:sensor:GOA_RUNOFF_DISCHARGE:q,58.069320239858385,-154.46915010358515,2001-11-07T00:00:00Z,0.1071671394308091
urn:ioos:station:GOA_RUNOFF_DISCHARGE,urn:ioos:sensor:GOA_RUNOFF_DISCHARGE:q,58.069320239858385,-154.46915010358515,2001-11-08T00:00:00Z,0.06957391767387276
urn:ioos:station:GOA_RUNOFF_DISCHARGE,urn:ioos:sensor:GOA_RUNOFF_DISCHARGE:q,58.069320239858385,-154.46915010358515,2001-11-09T00:00:00Z,2.425241454313079
urn:ioos:station:GOA_RUNOFF_DISCHARGE,urn:ioos:sensor:GOA_RUNOFF_DISCHARGE:q,58.069320239858385,-154.46915010358515,2001-11-10T00:00:00Z,2.5252655868393035
urn:ioos:station:GOA_RUNOFF_DISCHARGE,urn:ioos:sensor:GOA_RUNOFF_DISCHARGE:q,58.069320239858385,-154.46915010358515,2001-11-11T00:00:00Z,1.828236802386196
urn:ioos:station:GOA_RUNOFF_DISCHARGE,urn:ioos:sensor:GOA_RUNOFF_DISCHARGE:q,58.069320239858385,-154.46915010358515,2001-11-12T00:00:00Z,2.2512370786050617
urn:ioos:station:GOA_RUNOFF_DISCHARGE,urn:ioos:sensor:GOA_RUNOFF_DISCHARGE:q,58.069320239858385,-154.46915010358515,2001-11-13T00:00:00Z,1.7954740142581398
urn:ioos:station:GOA_RUNOFF_DISCHARGE,urn:ioos:sensor:GOA_RUNOFF_DISCHARGE:q,58.069320239858385,-154.46915010358515,2001-11-14T00:00:00Z,1.1757349305722107
urn:ioos:station:GOA_RUNOFF_DISCHARGE,urn:ioos:sensor:GOA_RUNOFF_DISCHARGE:q,58.069320239858385,-154.46915010358515,2001-11-15T00:00:00Z,0.7638648696031941
urn:ioos:station:GOA_RUNOFF_DISCHARGE,urn:ioos:sensor:GOA_RUNOFF_DISCHARGE:q,58.069320239858385,-154.46915010358515,2001-11-16T00:00:00Z,0.495940064929422
urn:ioos:station:GOA_RUNOFF_DISCHARGE,urn:ioos:sensor:GOA_RUNOFF_DISCHARGE:q,58.069320239858385,-154.46915010358515,2001-11-17T00:00:00Z,3.6277675201784017
urn:ioos:station:GOA_RUNOFF_DISCHARGE,urn:ioos:sensor:GOA_RUNOFF_DISCHARGE:q,58.069320239858385,-154.46915010358515,2001-11-18T00:00:00Z,5.3568004503359115
urn:ioos:station:GOA_RUNOFF_DISCHARGE,urn:ioos:sensor:GOA_RUNOFF_DISCHARGE:q,58.069320239858385,-154.46915010358515,2001-11-19T00:00:00Z,6.718471485236118
urn:ioos:station:GOA_RUNOFF_DISCHARGE,urn:ioos:sensor:GOA_RUNOFF_DISCHARGE:q,58.069320239858385,-154.46915010358515,2001-11-20T00:00:00Z,7.282695325673155
urn:ioos:station:GOA_RUNOFF_DISCHARGE,urn:ioos:sensor:GOA_RUNOFF_DISCHARGE:q,58.069320239858385,-154.46915010358515,2001-11-21T00:00:00Z,6.146383670533536
urn:ioos:station:GOA_RUNOFF_DISCHARGE,urn:ioos:sensor:GOA_RUNOFF_DISCHARGE:q,58.069320239858385,-154.46915010358515,2001-11-22T00:00:00Z,4.093473560151254
urn:ioos:station:GOA_RUNOFF_DISCHARGE,urn:ioos:sensor:GOA_RUNOFF_DISCHARGE:q,58.069320239858385,-154.46915010358515,2001-11-23T00:00:00Z,2.6618292569116657
urn:ioos:station:GOA_RUNOFF_DISCHARGE,urn:ioos:sensor:GOA_RUNOFF_DISCHARGE:q,58.069320239858385,-154.46915010358515,2001-11-24T00:00:00Z,1.740895064920648
urn:ioos:station:GOA_RUNOFF_DISCHARGE,urn:ioos:sensor:GOA_RUNOFF_DISCHARGE:q,58.069320239858385,-154.46915010358515,2001-11-25T00:00:00Z,1.149486206378818
urn:ioos:station:GOA_RUNOFF_DISCHARGE,urn:ioos:sensor:GOA_RUNOFF_DISCHARGE:q,58.069320239858385,-154.46915010358515,2001-11-26T00:00:00Z,0.831713749284251
urn:ioos:station:GOA_RUNOFF_DISCHARGE,urn:ioos:sensor:GOA_RUNOFF_DISCHARGE:q,58.069320239858385,-154.46915010358515,2001-11-27T00:00:00Z,0.6819263912892676
urn:ioos:station:GOA_RUNOFF_DISCHARGE,urn:ioos:sensor:GOA_RUNOFF_DISCHARGE:q,58.069320239858385,-154.46915010358515,2001-11-28T00:00:00Z,1.4301237629799322
urn:ioos:station:GOA_RUNOFF_DISCHARGE,urn:ioos:sensor:GOA_RUNOFF_DISCHARGE:q,58.069320239858385,-154.46915010358515,2001-11-29T00:00:00Z,1.0883801031468223
urn:ioos:station:GOA_RUNOFF_DISCHARGE,urn:ioos:sensor:GOA_RUNOFF_DISCHARGE:q,58.069320239858385,-154.46915010358515,2001-11-30T00:00:00Z,0.7507587939830588
urn:ioos:station:GOA_RUNOFF_DISCHARGE,urn:ioos:sensor:GOA_RUNOFF_DISCHARGE:q,58.069320239858385,-154.46915010358515,2001-12-01T00:00:00Z,0.4887608139651789
urn:ioos:station:GOA_RUNOFF_DISCHARGE,urn:ioos:sensor:GOA_RUNOFF_DISCHARGE:q,58.069320239858385,-154.46915010358515,2001-12-02T00:00:00Z,0.31738452725457234
urn:ioos:station:GOA_RUNOFF_DISCHARGE,urn:ioos:sensor:GOA_RUNOFF_DISCHARGE:q,58.069320239858385,-154.46915010358515,2001-12-03T00:00:00Z,0.20605328412924767
urn:ioos:station:GOA_RUNOFF_DISCHARGE,urn:ioos:sensor:GOA_RUNOFF_DISCHARGE:q,58.069320239858385,-154.46915010358515,2001-12-04T00:00:00Z,0.13377197302161947
urn:ioos:station:GOA_RUNOFF_DISCHARGE,urn:ioos:sensor:GOA_RUNOFF_DISCHARGE:q,58.069320239858385,-154.46915010358515,2001-12-05T00:00:00Z,0.08684602923762069
urn:ioos:station:GOA_RUNOFF_DISCHARGE,urn:ioos:sensor:GOA_RUNOFF_DISCHARGE:q,58.069320239858385,-154.46915010358515,2001-12-06T00:00:00Z,0.05638126084951653
urn:ioos:station:GOA_RUNOFF_DISCHARGE,urn:ioos:sensor:GOA_RUNOFF_DISCHARGE:q,58.069320239858385,-154.46915010358515,2001-12-07T00:00:00Z,0.036603240098815853
urn:ioos:station:GOA_RUNOFF_DISCHARGE,urn:ioos:sensor:GOA_RUNOFF_DISCHARGE:q,58.069320239858385,-154.46915010358515,2001-12-08T00:00:00Z,0.023763169400651513
urn:ioos:station:GOA_RUNOFF_DISCHARGE,urn:ioos:sensor:GOA_RUNOFF_DISCHARGE:q,58.069320239858385,-154.46915010358515,2001-12-09T00:00:00Z,0.015427273099122977
urn:ioos:station:GOA_RUNOFF_DISCHARGE,urn:ioos:sensor:GOA_RUNOFF_DISCHARGE:q,58.069320239858385,-154.46915010358515,2001-12-10T00:00:00Z,0.010015529523939967
urn:ioos:station:GOA_RUNOFF_DISCHARGE,urn:ioos:sensor:GOA_RUNOFF_DISCHARGE:q,58.069320239858385,-154.46915010358515,2001-12-11T00:00:00Z,0.006502175463756127
urn:ioos:station:GOA_RUNOFF_DISCHARGE,urn:ioos:sensor:GOA_RUNOFF_DISCHARGE:q,58.069320239858385,-154.46915010358515,2001-12-12T00:00:00Z,0.004221273343830467
urn:ioos:station:GOA_RUNOFF_DISCHARGE,urn:ioos:sensor:GOA_RUNOFF_DISCHARGE:q,58.069320239858385,-154.46915010358515,2001-12-13T00:00:00Z,0.0027404903940869
urn:ioos:station:GOA_RUNOFF_DISCHARGE,urn:ioos:sensor:GOA_RUNOFF_DISCHARGE:q,58.069320239858385,-154.46915010358515,2001-12-14T00:00:00Z,0.0017791520162980048
urn:ioos:station:GOA_RUNOFF_DISCHARGE,urn:ioos:sensor:GOA_RUNOFF_DISCHARGE:q,58.069320239858385,-154.46915010358515,2001-12-15T00:00:00Z,0.00115504211012573
urn:ioos:station:GOA_RUNOFF_DISCHARGE,urn:ioos:sensor:GOA_RUNOFF_DISCHARGE:q,58.069320239858385,-154.46915010358515,2001-12-16T00:00:00Z,7.498641847486548E-4
urn:ioos:station:GOA_RUNOFF_DISCHARGE,urn:ioos:sensor:GOA_RUNOFF_DISCHARGE:q,58.069320239858385,-154.46915010358515,2001-12-17T00:00:00Z,4.868188864071277E-4
urn:ioos:station:GOA_RUNOFF_DISCHARGE,urn:ioos:sensor:GOA_RUNOFF_DISCHARGE:q,58.069320239858385,-154.46915010358515,2001-12-18T00:00:00Z,3.1604741139331066E-4
urn:ioos:station:GOA_RUNOFF_DISCHARGE,urn:ioos:sensor:GOA_RUNOFF_DISCHARGE:q,58.069320239858385,-154.46915010358515,2001-12-19T00:00:00Z,2.0518094188162902E-4
urn:ioos:station:GOA_RUNOFF_DISCHARGE,urn:ioos:sensor:GOA_RUNOFF_DISCHARGE:q,58.069320239858385,-154.46915010358515,2001-12-20T00:00:00Z,1.332053856828651E-4
urn:ioos:station:GOA_RUNOFF_DISCHARGE,urn:ioos:sensor:GOA_RUNOFF_DISCHARGE:q,58.069320239858385,-154.46915010358515,2001-12-21T00:00:00Z,8.647818412489252E-5
urn:ioos:station:GOA_RUNOFF_DISCHARGE,urn:ioos:sensor:GOA_RUNOFF_DISCHARGE:q,58.069320239858385,-154.46915010358515,2001-12-22T00:00:00Z,5.6142455449081266E-5
urn:ioos:station:GOA_RUNOFF_DISCHARGE,urn:ioos:sensor:GOA_RUNOFF_DISCHARGE:q,58.069320239858385,-154.46915010358515,2001-12-23T00:00:00Z,3.6448204859163664E-5
urn:ioos:station:GOA_RUNOFF_DISCHARGE,urn:ioos:sensor:GOA_RUNOFF_DISCHARGE:q,58.069320239858385,-154.46915010358515,2001-12-24T00:00:00Z,2.366251764265633E-5
urn:ioos:station:GOA_RUNOFF_DISCHARGE,urn:ioos:sensor:GOA_RUNOFF_DISCHARGE:q,58.069320239858385,-154.46915010358515,2001-12-25T00:00:00Z,1.5361928343482515E-5
urn:ioos:station:GOA_RUNOFF_DISCHARGE,urn:ioos:sensor:GOA_RUNOFF_DISCHARGE:q,58.069320239858385,-154.46915010358515,2001-12-26T00:00:00Z,9.973109116441337E-6
urn:ioos:station:GOA_RUNOFF_DISCHARGE,urn:ioos:sensor:GOA_RUNOFF_DISCHARGE:q,58.069320239858385,-154.46915010358515,2001-12-27T00:00:00Z,6.474635381711165E-6
urn:ioos:station:GOA_RUNOFF_DISCHARGE,urn:ioos:sensor:GOA_RUNOFF_DISCHARGE:q,58.069320239858385,-154.46915010358515,2001-12-28T00:00:00Z,4.203394312552329E-6
urn:ioos:station:GOA_RUNOFF_DISCHARGE,urn:ioos:sensor:GOA_RUNOFF_DISCHARGE:q,58.069320239858385,-154.46915010358515,2001-12-29T00:00:00Z,4.582980436048644
urn:ioos:station:GOA_RUNOFF_DISCHARGE,urn:ioos:sensor:GOA_RUNOFF_DISCHARGE:q,58.069320239858385,-154.46915010358515,2001-12-30T00:00:00Z,13.78937573364218
urn:ioos:station:GOA_RUNOFF_DISCHARGE,urn:ioos:sensor:GOA_RUNOFF_DISCHARGE:q,58.069320239858385,-154.46915010358515,2001-12-31T00:00:00Z,22.954023136804324
urn:ioos:station:GOA_RUNOFF_DISCHARGE,urn:ioos:sensor:GOA_RUNOFF_DISCHARGE:q,58.069320239858385,-154.46915010358515,2002-01-01T00:00:00Z,19.86589559158093
urn:ioos:station:GOA_RUNOFF_DISCHARGE,urn:ioos:sensor:GOA_RUNOFF_DISCHARGE:q,58.069320239858385,-154.46915010358515,2002-01-02T00:00:00Z,13.839478048271628
urn:ioos:station:GOA_RUNOFF_DISCHARGE,urn:ioos:sensor:GOA_RUNOFF_DISCHARGE:q,58.069320239858385,-154.46915010358515,2002-01-03T00:00:00Z,9.014637252735103
urn:ioos:station:GOA_RUNOFF_DISCHARGE,urn:ioos:sensor:GOA_RUNOFF_DISCHARGE:q,58.069320239858385,-154.46915010358515,2002-01-04T00:00:00Z,7.023016307686504
urn:ioos:station:GOA_RUNOFF_DISCHARGE,urn:ioos:sensor:GOA_RUNOFF_DISCHARGE:q,58.069320239858385,-154.46915010358515,2002-01-05T00:00:00Z,9.204937641764069
urn:ioos:station:GOA_RUNOFF_DISCHARGE,urn:ioos:sensor:GOA_RUNOFF_DISCHARGE:q,58.069320239858385,-154.46915010358515,2002-01-06T00:00:00Z,8.597239874000097
urn:ioos:station:GOA_RUNOFF_DISCHARGE,urn:ioos:sensor:GOA_RUNOFF_DISCHARGE:q,58.069320239858385,-154.46915010358515,2002-01-07T00:00:00Z,5.77089205509232
urn:ioos:station:GOA_RUNOFF_DISCHARGE,urn:ioos:sensor:GOA_RUNOFF_DISCHARGE:q,58.069320239858385,-154.46915010358515,2002-01-08T00:00:00Z,3.7536721477764776
urn:ioos:station:GOA_RUNOFF_DISCHARGE,urn:ioos:sensor:GOA_RUNOFF_DISCHARGE:q,58.069320239858385,-154.46915010358515,2002-01-09T00:00:00Z,3.030210458790514
urn:ioos:station:GOA_RUNOFF_DISCHARGE,urn:ioos:sensor:GOA_RUNOFF_DISCHARGE:q,58.069320239858385,-154.46915010358515,2002-01-10T00:00:00Z,1.983423999040782
urn:ioos:station:GOA_RUNOFF_DISCHARGE,urn:ioos:sensor:GOA_RUNOFF_DISCHARGE:q,58.069320239858385,-154.46915010358515,2002-01-11T00:00:00Z,1.2885659114456354
urn:ioos:station:GOA_RUNOFF_DISCHARGE,urn:ioos:sensor:GOA_RUNOFF_DISCHARGE:q,58.069320239858385,-154.46915010358515,2002-01-12T00:00:00Z,0.8365999879115215
urn:ioos:station:GOA_RUNOFF_DISCHARGE,urn:ioos:sensor:GOA_RUNOFF_DISCHARGE:q,58.069320239858385,-154.46915010358515,2002-01-13T00:00:00Z,0.5431314092936529
urn:ioos:station:GOA_RUNOFF_DISCHARGE,urn:ioos:sensor:GOA_RUNOFF_DISCHARGE:q,58.069320239858385,-154.46915010358515,2002-01-14T00:00:00Z,9.822238572427658
urn:ioos:station:GOA_RUNOFF_DISCHARGE,urn:ioos:sensor:GOA_RUNOFF_DISCHARGE:q,58.069320239858385,-154.46915010358515,2002-01-15T00:00:00Z,7.449140150905283
urn:ioos:station:GOA_RUNOFF_DISCHARGE,urn:ioos:sensor:GOA_RUNOFF_DISCHARGE:q,58.069320239858385,-154.46915010358515,2002-01-16T00:00:00Z,10.258110291669922
urn:ioos:station:GOA_RUNOFF_DISCHARGE,urn:ioos:sensor:GOA_RUNOFF_DISCHARGE:q,58.069320239858385,-154.46915010358515,2002-01-17T00:00:00Z,13.855594354204214
urn:ioos:station:GOA_RUNOFF_DISCHARGE,urn:ioos:sensor:GOA_RUNOFF_DISCHARGE:q,58.069320239858385,-154.46915010358515,2002-01-18T00:00:00Z,9.860886974860652
urn:ioos:station:GOA_RUNOFF_DISCHARGE,urn:ioos:sensor:GOA_RUNOFF_DISCHARGE:q,58.069320239858385,-154.46915010358515,2002-01-19T00:00:00Z,6.431164363870879
urn:ioos:station:GOA_RUNOFF_DISCHARGE,urn:ioos:sensor:GOA_RUNOFF_DISCHARGE:q,58.069320239858385,-154.46915010358515,2002-01-20T00:00:00Z,4.176821741627694
urn:ioos:station:GOA_RUNOFF_DISCHARGE,urn:ioos:sensor:GOA_RUNOFF_DISCHARGE:q,58.069320239858385,-154.46915010358515,2002-01-21T00:00:00Z,2.711724763331375
urn:ioos:station:GOA_RUNOFF_DISCHARGE,urn:ioos:sensor:GOA_RUNOFF_DISCHARGE:q,58.069320239858385,-154.46915010358515,2002-01-22T00:00:00Z,1.760482512465192
urn:ioos:station:GOA_RUNOFF_DISCHARGE,urn:ioos:sensor:GOA_RUNOFF_DISCHARGE:q,58.069320239858385,-154.46915010358515,2002-01-23T00:00:00Z,1.1429218875229583
urn:ioos:station:GOA_RUNOFF_DISCHARGE,urn:ioos:sensor:GOA_RUNOFF_DISCHARGE:q,58.069320239858385,-154.46915010358515,2002-01-24T00:00:00Z,0.7419956249887771
urn:ioos:station:GOA_RUNOFF_DISCHARGE,urn:ioos:sensor:GOA_RUNOFF_DISCHARGE:q,58.069320239858385,-154.46915010358515,2002-01-25T00:00:00Z,0.48171048923856014
urn:ioos:station:GOA_RUNOFF_DISCHARGE,urn:ioos:sensor:GOA_RUNOFF_DISCHARGE:q,58.069320239858385,-154.46915010358515,2002-01-26T00:00:00Z,0.312730980752606
urn:ioos:station:GOA_RUNOFF_DISCHARGE,urn:ioos:sensor:GOA_RUNOFF_DISCHARGE:q,58.069320239858385,-154.46915010358515,2002-01-27T00:00:00Z,0.20302787538346434
urn:ioos:station:GOA_RUNOFF_DISCHARGE,urn:ioos:sensor:GOA_RUNOFF_DISCHARGE:q,58.069320239858385,-154.46915010358515,2002-01-28T00:00:00Z,0.13180759103320366
urn:ioos:station:GOA_RUNOFF_DISCHARGE,urn:ioos:sensor:GOA_RUNOFF_DISCHARGE:q,58.069320239858385,-154.46915010358515,2002-01-29T00:00:00Z,0.08557072838889536
urn:ioos:station:GOA_RUNOFF_DISCHARGE,urn:ioos:sensor:GOA_RUNOFF_DISCHARGE:q,58.069320239858385,-154.46915010358515,2002-01-30T00:00:00Z,0.0555533167784409
urn:ioos:station:GOA_RUNOFF_DISCHARGE,urn:ioos:sensor:GOA_RUNOFF_DISCHARGE:q,58.069320239858385,-154.46915010358515,2002-01-31T00:00:00Z,0.036065737734036395
urn:ioos:station:GOA_RUNOFF_DISCHARGE,urn:ioos:sensor:GOA_RUNOFF_DISCHARGE:q,58.069320239858385,-154.46915010358515,2002-02-01T00:00:00Z,0.02341421549164524
urn:ioos:station:GOA_RUNOFF_DISCHARGE,urn:ioos:sensor:GOA_RUNOFF_DISCHARGE:q,58.069320239858385,-154.46915010358515,2002-02-02T00:00:00Z,0.015200727170414742
urn:ioos:station:GOA_RUNOFF_DISCHARGE,urn:ioos:sensor:GOA_RUNOFF_DISCHARGE:q,58.069320239858385,-154.46915010358515,2002-02-03T00:00:00Z,3.885873901180806
urn:ioos:station:GOA_RUNOFF_DISCHARGE,urn:ioos:sensor:GOA_RUNOFF_DISCHARGE:q,58.069320239858385,-154.46915010358515,2002-02-04T00:00:00Z,4.874514233089797
urn:ioos:station:GOA_RUNOFF_DISCHARGE,urn:ioos:sensor:GOA_RUNOFF_DISCHARGE:q,58.069320239858385,-154.46915010358515,2002-02-05T00:00:00Z,3.231732955902982
urn:ioos:station:GOA_RUNOFF_DISCHARGE,urn:ioos:sensor:GOA_RUNOFF_DISCHARGE:q,58.069320239858385,-154.46915010358515,2002-02-06T00:00:00Z,2.1018410380527452
urn:ioos:station:GOA_RUNOFF_DISCHARGE,urn:ioos:sensor:GOA_RUNOFF_DISCHARGE:q,58.069320239858385,-154.46915010358515,2002-02-07T00:00:00Z,1.3647465834544736
urn:ioos:station:GOA_RUNOFF_DISCHARGE,urn:ioos:sensor:GOA_RUNOFF_DISCHARGE:q,58.069320239858385,-154.46915010358515,2002-02-08T00:00:00Z,0.8860182041372499
urn:ioos:station:GOA_RUNOFF_DISCHARGE,urn:ioos:sensor:GOA_RUNOFF_DISCHARGE:q,58.069320239858385,-154.46915010358515,2002-02-09T00:00:00Z,0.5752119737107286
urn:ioos:station:GOA_RUNOFF_DISCHARGE,urn:ioos:sensor:GOA_RUNOFF_DISCHARGE:q,58.069320239858385,-154.46915010358515,2002-02-10T00:00:00Z,0.3734330054755576
urn:ioos:station:GOA_RUNOFF_DISCHARGE,urn:ioos:sensor:GOA_RUNOFF_DISCHARGE:q,58.069320239858385,-154.46915010358515,2002-02-11T00:00:00Z,0.2424362354974951
urn:ioos:station:GOA_RUNOFF_DISCHARGE,urn:ioos:sensor:GOA_RUNOFF_DISCHARGE:q,58.069320239858385,-154.46915010358515,2002-02-12T00:00:00Z,0.15739186820730897
urn:ioos:station:GOA_RUNOFF_DISCHARGE,urn:ioos:sensor:GOA_RUNOFF_DISCHARGE:q,58.069320239858385,-154.46915010358515,2002-02-13T00:00:00Z,0.10218028407077016
urn:ioos:station:GOA_RUNOFF_DISCHARGE,urn:ioos:sensor:GOA_RUNOFF_DISCHARGE:q,58.069320239858385,-154.46915010358515,2002-02-14T00:00:00Z,0.0663363932000847
urn:ioos:station:GOA_RUNOFF_DISCHARGE,urn:ioos:sensor:GOA_RUNOFF_DISCHARGE:q,58.069320239858385,-154.46915010358515,2002-02-15T00:00:00Z,0.043066206322782984
urn:ioos:station:GOA_RUNOFF_DISCHARGE,urn:ioos:sensor:GOA_RUNOFF_DISCHARGE:q,58.069320239858385,-154.46915010358515,2002-02-16T00:00:00Z,0.02795898459178431
urn:ioos:station:GOA_RUNOFF_DISCHARGE,urn:ioos:sensor:GOA_RUNOFF_DISCHARGE:q,58.069320239858385,-154.46915010358515,2002-02-17T00:00:00Z,0.0181512355688856
urn:ioos:station:GOA_RUNOFF_DISCHARGE,urn:ioos:sensor:GOA_RUNOFF_DISCHARGE:q,58.069320239858385,-154.46915010358515,2002-02-18T00:00:00Z,0.011783952675737005
urn:ioos:station:GOA_RUNOFF_DISCHARGE,urn:ioos:sensor:GOA_RUNOFF_DISCHARGE:q,58.069320239858385,-154.46915010358515,2002-02-19T00:00:00Z,0.00765025158463378
urn:ioos:station:GOA_RUNOFF_DISCHARGE,urn:ioos:sensor:GOA_RUNOFF_DISCHARGE:q,58.069320239858385,-154.46915010358515,2002-02-20T00:00:00Z,0.004966615050747356
urn:ioos:station:GOA_RUNOFF_DISCHARGE,urn:ioos:sensor:GOA_RUNOFF_DISCHARGE:q,58.069320239858385,-154.46915010358515,2002-02-21T00:00:00Z,0.0032243733603192918
urn:ioos:station:GOA_RUNOFF_DISCHARGE,urn:ioos:sensor:GOA_RUNOFF_DISCHARGE:q,58.069320239858385,-154.46915010358515,2002-02-22T00:00:00Z,0.0020932935800031392
urn:ioos:station:GOA_RUNOFF_DISCHARGE,urn:ioos:sensor:GOA_RUNOFF_DISCHARGE:q,58.069320239858385,-154.46915010358515,2002-02-23T00:00:00Z,0.0013589857348848496
urn:ioos:station:GOA_RUNOFF_DISCHARGE,urn:ioos:sensor:GOA_RUNOFF_DISCHARGE:q,58.069320239858385,-154.46915010358515,2002-02-24T00:00:00Z,8.822662866895454E-4
urn:ioos:station:GOA_RUNOFF_DISCHARGE,urn:ioos:sensor:GOA_RUNOFF_DISCHARGE:q,58.069320239858385,-154.46915010358515,2002-02-25T00:00:00Z,0.5376000132487192
urn:ioos:station:GOA_RUNOFF_DISCHARGE,urn:ioos:sensor:GOA_RUNOFF_DISCHARGE:q,58.069320239858385,-154.46915010358515,2002-02-26T00:00:00Z,9.022939049979028
urn:ioos:station:GOA_RUNOFF_DISCHARGE,urn:ioos:sensor:GOA_RUNOFF_DISCHARGE:q,58.069320239858385,-154.46915010358515,2002-02-27T00:00:00Z,7.736992446075333
urn:ioos:station:GOA_RUNOFF_DISCHARGE,urn:ioos:sensor:GOA_RUNOFF_DISCHARGE:q,58.069320239858385,-154.46915010358515,2002-02-28T00:00:00Z,9.471138222456347
urn:ioos:station:GOA_RUNOFF_DISCHARGE,urn:ioos:sensor:GOA_RUNOFF_DISCHARGE:q,58.069320239858385,-154.46915010358515,2002-03-01T00:00:00Z,7.603219634375382
urn:ioos:station:GOA_RUNOFF_DISCHARGE,urn:ioos:sensor:GOA_RUNOFF_DISCHARGE:q,58.069320239858385,-154.46915010358515,2002-03-02T00:00:00Z,4.9792760101765605
urn:ioos:station:GOA_RUNOFF_DISCHARGE,urn:ioos:sensor:GOA_RUNOFF_DISCHARGE:q,58.069320239858385,-154.46915010358515,2002-03-03T00:00:00Z,3.235017154470385
urn:ioos:station:GOA_RUNOFF_DISCHARGE,urn:ioos:sensor:GOA_RUNOFF_DISCHARGE:q,58.069320239858385,-154.46915010358515,2002-03-04T00:00:00Z,2.9981204551310405
urn:ioos:station:GOA_RUNOFF_DISCHARGE,urn:ioos:sensor:GOA_RUNOFF_DISCHARGE:q,58.069320239858385,-154.46915010358515,2002-03-05T00:00:00Z,2.7462451581274525
urn:ioos:station:GOA_RUNOFF_DISCHARGE,urn:ioos:sensor:GOA_RUNOFF_DISCHARGE:q,58.069320239858385,-154.46915010358515,2002-03-06T00:00:00Z,2.7363199427485423
urn:ioos:station:GOA_RUNOFF_DISCHARGE,urn:ioos:sensor:GOA_RUNOFF_DISCHARGE:q,58.069320239858385,-154.46915010358515,2002-03-07T00:00:00Z,1.8030821094092155
urn:ioos:station:GOA_RUNOFF_DISCHARGE,urn:ioos:sensor:GOA_RUNOFF_DISCHARGE:q,58.069320239858385,-154.46915010358515,2002-03-08T00:00:00Z,1.6306565538825555
urn:ioos:station:GOA_RUNOFF_DISCHARGE,urn:ioos:sensor:GOA_RUNOFF_DISCHARGE:q,58.069320239858385,-154.46915010358515,2002-03-09T00:00:00Z,1.595493501259136
urn:ioos:station:GOA_RUNOFF_DISCHARGE,urn:ioos:sensor:GOA_RUNOFF_DISCHARGE:q,58.069320239858385,-154.46915010358515,2002-03-10T00:00:00Z,1.0508056694289787
urn:ioos:station:GOA_RUNOFF_DISCHARGE,urn:ioos:sensor:GOA_RUNOFF_DISCHARGE:q,58.069320239858385,-154.46915010358515,2002-03-11T00:00:00Z,0.683034762260681
urn:ioos:station:GOA_RUNOFF_DISCHARGE,urn:ioos:sensor:GOA_RUNOFF_DISCHARGE:q,58.069320239858385,-154.46915010358515,2002-03-12T00:00:00Z,0.44347981439333917
urn:ioos:station:GOA_RUNOFF_DISCHARGE,urn:ioos:sensor:GOA_RUNOFF_DISCHARGE:q,58.069320239858385,-154.46915010358515,2002-03-13T00:00:00Z,0.2879138969157315
urn:ioos:station:GOA_RUNOFF_DISCHARGE,urn:ioos:sensor:GOA_RUNOFF_DISCHARGE:q,58.069320239858385,-154.46915010358515,2002-03-14T00:00:00Z,0.1869165686315209
urn:ioos:station:GOA_RUNOFF_DISCHARGE,urn:ioos:sensor:GOA_RUNOFF_DISCHARGE:q,58.069320239858385,-154.46915010358515,2002-03-15T00:00:00Z,4.270664781961528
urn:ioos:station:GOA_RUNOFF_DISCHARGE,urn:ioos:sensor:GOA_RUNOFF_DISCHARGE:q,58.069320239858385,-154.46915010358515,2002-03-16T00:00:00Z,13.736537025397846
urn:ioos:station:GOA_RUNOFF_DISCHARGE,urn:ioos:sensor:GOA_RUNOFF_DISCHARGE:q,58.069320239858385,-154.46915010358515,2002-03-17T00:00:00Z,14.35984539250519
urn:ioos:station:GOA_RUNOFF_DISCHARGE,urn:ioos:sensor:GOA_RUNOFF_DISCHARGE:q,58.069320239858385,-154.46915010358515,2002-03-18T00:00:00Z,14.012524423099666
urn:ioos:station:GOA_RUNOFF_DISCHARGE,urn:ioos:sensor:GOA_RUNOFF_DISCHARGE:q,58.069320239858385,-154.46915010358515,2002-03-19T00:00:00Z,11.19454838996481
urn:ioos:station:GOA_RUNOFF_DISCHARGE,urn:ioos:sensor:GOA_RUNOFF_DISCHARGE:q,58.069320239858385,-154.46915010358515,2002-03-20T00:00:00Z,9.073808607279728
urn:ioos:station:GOA_RUNOFF_DISCHARGE,urn:ioos:sensor:GOA_RUNOFF_DISCHARGE:q,58.069320239858385,-154.46915010358515,2002-03-21T00:00:00Z,8.060593618905681
urn:ioos:station:GOA_RUNOFF_DISCHARGE,urn:ioos:sensor:GOA_RUNOFF_DISCHARGE:q,58.069320239858385,-154.46915010358515,2002-03-22T00:00:00Z,7.248741416978312
urn:ioos:station:GOA_RUNOFF_DISCHARGE,urn:ioos:sensor:GOA_RUNOFF_DISCHARGE:q,58.069320239858385,-154.46915010358515,2002-03-23T00:00:00Z,6.879614547839408
urn:ioos:station:GOA_RUNOFF_DISCHARGE,urn:ioos:sensor:GOA_RUNOFF_DISCHARGE:q,58.069320239858385,-154.46915010358515,2002-03-24T00:00:00Z,5.388040593286147
urn:ioos:station:GOA_RUNOFF_DISCHARGE,urn:ioos:sensor:GOA_RUNOFF_DISCHARGE:q,58.069320239858385,-154.46915010358515,2002-03-25T00:00:00Z,6.550953151739688
urn:ioos:station:GOA_RUNOFF_DISCHARGE,urn:ioos:sensor:GOA_RUNOFF_DISCHARGE:q,58.069320239858385,-154.46915010358515,2002-03-26T00:00:00Z,6.375150386574196
urn:ioos:station:GOA_RUNOFF_DISCHARGE,urn:ioos:sensor:GOA_RUNOFF_DISCHARGE:q,58.069320239858385,-154.46915010358515,2002-03-27T00:00:00Z,6.258148510356238
urn:ioos:station:GOA_RUNOFF_DISCHARGE,urn:ioos:sensor:GOA_RUNOFF_DISCHARGE:q,58.069320239858385,-154.46915010358515,2002-03-28T00:00:00Z,5.749521873419155
urn:ioos:station:GOA_RUNOFF_DISCHARGE,urn:ioos:sensor:GOA_RUNOFF_DISCHARGE:q,58.069320239858385,-154.46915010358515,2002-03-29T00:00:00Z,3.780335409291048
urn:ioos:station:GOA_RUNOFF_DISCHARGE,urn:ioos:sensor:GOA_RUNOFF_DISCHARGE:q,58.069320239858385,-154.46915010358515,2002-03-30T00:00:00Z,2.4569062645031625
urn:ioos:station:GOA_RUNOFF_DISCHARGE,urn:ioos:sensor:GOA_RUNOFF_DISCHARGE:q,58.069320239858385,-154.46915010358515,2002-03-31T00:00:00Z,3.1945819396298263
urn:ioos:station:GOA_RUNOFF_DISCHARGE,urn:ioos:sensor:GOA_RUNOFF_DISCHARGE:q,58.069320239858385,-154.46915010358515,2002-04-01T00:00:00Z,3.8641537768626617
urn:ioos:station:GOA_RUNOFF_DISCHARGE,urn:ioos:sensor:GOA_RUNOFF_DISCHARGE:q,58.069320239858385,-154.46915010358515,2002-04-02T00:00:00Z,2.803806513390398
urn:ioos:station:GOA_RUNOFF_DISCHARGE,urn:ioos:sensor:GOA_RUNOFF_DISCHARGE:q,58.069320239858385,-154.46915010358515,2002-04-03T00:00:00Z,1.991389535607802
urn:ioos:station:GOA_RUNOFF_DISCHARGE,urn:ioos:sensor:GOA_RUNOFF_DISCHARGE:q,58.069320239858385,-154.46915010358515,2002-04-04T00:00:00Z,1.4101825576262332
urn:ioos:station:GOA_RUNOFF_DISCHARGE,urn:ioos:sensor:GOA_RUNOFF_DISCHARGE:q,58.069320239858385,-154.46915010358515,2002-04-05T00:00:00Z,0.9981894905019323
urn:ioos:station:GOA_RUNOFF_DISCHARGE,urn:ioos:sensor:GOA_RUNOFF_DISCHARGE:q,58.069320239858385,-154.46915010358515,2002-04-06T00:00:00Z,0.7065208471408158
urn:ioos:station:GOA_RUNOFF_DISCHARGE,urn:ioos:sensor:GOA_RUNOFF_DISCHARGE:q,58.069320239858385,-154.46915010358515,2002-04-07T00:00:00Z,0.5000730388576337
urn:ioos:station:GOA_RUNOFF_DISCHARGE,urn:ioos:sensor:GOA_RUNOFF_DISCHARGE:q,58.069320239858385,-154.46915010358515,2002-04-08T00:00:00Z,0.3539495211547715
urn:ioos:station:GOA_RUNOFF_DISCHARGE,urn:ioos:sensor:GOA_RUNOFF_DISCHARGE:q,58.069320239858385,-154.46915010358515,2002-04-09T00:00:00Z,0.25052390665212176
urn:ioos:station:GOA_RUNOFF_DISCHARGE,urn:ioos:sensor:GOA_RUNOFF_DISCHARGE:q,58.069320239858385,-154.46915010358515,2002-04-10T00:00:00Z,0.1773197040417236
urn:ioos:station:GOA_RUNOFF_DISCHARGE,urn:ioos:sensor:GOA_RUNOFF_DISCHARGE:q,58.069320239858385,-154.46915010358515,2002-04-11T00:00:00Z,0.11435791811094181
urn:ioos:station:GOA_RUNOFF_DISCHARGE,urn:ioos:sensor:GOA_RUNOFF_DISCHARGE:q,58.069320239858385,-154.46915010358515,2002-04-12T00:00:00Z,0.08140386198928783
urn:ioos:station:GOA_RUNOFF_DISCHARGE,urn:ioos:sensor:GOA_RUNOFF_DISCHARGE:q,58.069320239858385,-154.46915010358515,2002-04-13T00:00:00Z,0.11263111231576058
urn:ioos:station:GOA_RUNOFF_DISCHARGE,urn:ioos:sensor:GOA_RUNOFF_DISCHARGE:q,58.069320239858385,-154.46915010358515,2002-04-14T00:00:00Z,0.29545999564897
urn:ioos:station:GOA_RUNOFF_DISCHARGE,urn:ioos:sensor:GOA_RUNOFF_DISCHARGE:q,58.069320239858385,-154.46915010358515,2002-04-15T00:00:00Z,0.2167379474043273
urn:ioos:station:GOA_RUNOFF_DISCHARGE,urn:ioos:sensor:GOA_RUNOFF_DISCHARGE:q,58.069320239858385,-154.46915010358515,2002-04-16T00:00:00Z,0.15416634423376407
urn:ioos:station:GOA_RUNOFF_DISCHARGE,urn:ioos:sensor:GOA_RUNOFF_DISCHARGE:q,58.069320239858385,-154.46915010358515,2002-04-17T00:00:00Z,1.5115755447468269
urn:ioos:station:GOA_RUNOFF_DISCHARGE,urn:ioos:sensor:GOA_RUNOFF_DISCHARGE:q,58.069320239858385,-154.46915010358515,2002-04-18T00:00:00Z,2.2034038657578012
urn:ioos:station:GOA_RUNOFF_DISCHARGE,urn:ioos:sensor:GOA_RUNOFF_DISCHARGE:q,58.069320239858385,-154.46915010358515,2002-04-19T00:00:00Z,1.6166675308707714
urn:ioos:station:GOA_RUNOFF_DISCHARGE,urn:ioos:sensor:GOA_RUNOFF_DISCHARGE:q,58.069320239858385,-154.46915010358515,2002-04-20T00:00:00Z,1.1499729687045428
urn:ioos:station:GOA_RUNOFF_DISCHARGE,urn:ioos:sensor:GOA_RUNOFF_DISCHARGE:q,58.069320239858385,-154.46915010358515,2002-04-21T00:00:00Z,1.0507977102071662
urn:ioos:station:GOA_RUNOFF_DISCHARGE,urn:ioos:sensor:GOA_RUNOFF_DISCHARGE:q,58.069320239858385,-154.46915010358515,2002-04-22T00:00:00Z,0.756829641086542
urn:ioos:station:GOA_RUNOFF_DISCHARGE,urn:ioos:sensor:GOA_RUNOFF_DISCHARGE:q,58.069320239858385,-154.46915010358515,2002-04-23T00:00:00Z,0.5369868242756916
urn:ioos:station:GOA_RUNOFF_DISCHARGE,urn:ioos:sensor:GOA_RUNOFF_DISCHARGE:q,58.069320239858385,-154.46915010358515,2002-04-24T00:00:00Z,0.38020728991840563
urn:ioos:station:GOA_RUNOFF_DISCHARGE,urn:ioos:sensor:GOA_RUNOFF_DISCHARGE:q,58.069320239858385,-154.46915010358515,2002-04-25T00:00:00Z,0.269122075548323
urn:ioos:station:GOA_RUNOFF_DISCHARGE,urn:ioos:sensor:GOA_RUNOFF_DISCHARGE:q,58.069320239858385,-154.46915010358515,2002-04-26T00:00:00Z,0.190484700925814
urn:ioos:station:GOA_RUNOFF_DISCHARGE,urn:ioos:sensor:GOA_RUNOFF_DISCHARGE:q,58.069320239858385,-154.46915010358515,2002-04-27T00:00:00Z,0.13482435810323803
urn:ioos:station:GOA_RUNOFF_DISCHARGE,urn:ioos:sensor:GOA_RUNOFF_DISCHARGE:q,58.069320239858385,-154.46915010358515,2002-04-28T00:00:00Z,0.7456729170235485
urn:ioos:station:GOA_RUNOFF_DISCHARGE,urn:ioos:sensor:GOA_RUNOFF_DISCHARGE:q,58.069320239858385,-154.46915010358515,2002-04-29T00:00:00Z,0.5585440476614498
urn:ioos:station:GOA_RUNOFF_DISCHARGE,urn:ioos:sensor:GOA_RUNOFF_DISCHARGE:q,58.069320239858385,-154.46915010358515,2002-04-30T00:00:00Z,0.4658639088352489
urn:ioos:station:GOA_RUNOFF_DISCHARGE,urn:ioos:sensor:GOA_RUNOFF_DISCHARGE:q,58.069320239858385,-154.46915010358515,2002-05-01T00:00:00Z,0.42873331684616556
urn:ioos:station:GOA_RUNOFF_DISCHARGE,urn:ioos:sensor:GOA_RUNOFF_DISCHARGE:q,58.069320239858385,-154.46915010358515,2002-05-02T00:00:00Z,0.30894778502264314
urn:ioos:station:GOA_RUNOFF_DISCHARGE,urn:ioos:sensor:GOA_RUNOFF_DISCHARGE:q,58.069320239858385,-154.46915010358515,2002-05-03T00:00:00Z,0.21922030370813753
urn:ioos:station:GOA_RUNOFF_DISCHARGE,urn:ioos:sensor:GOA_RUNOFF_DISCHARGE:q,58.069320239858385,-154.46915010358515,2002-05-04T00:00:00Z,0.15521793174873408
urn:ioos:station:GOA_RUNOFF_DISCHARGE,urn:ioos:sensor:GOA_RUNOFF_DISCHARGE:q,58.069320239858385,-154.46915010358515,2002-05-05T00:00:00Z,0.8946708649278535
urn:ioos:station:GOA_RUNOFF_DISCHARGE,urn:ioos:sensor:GOA_RUNOFF_DISCHARGE:q,58.069320239858385,-154.46915010358515,2002-05-06T00:00:00Z,1.2461390493485511
urn:ioos:station:GOA_RUNOFF_DISCHARGE,urn:ioos:sensor:GOA_RUNOFF_DISCHARGE:q,58.069320239858385,-154.46915010358515,2002-05-07T00:00:00Z,0.9129559601363134
urn:ioos:station:GOA_RUNOFF_DISCHARGE,urn:ioos:sensor:GOA_RUNOFF_DISCHARGE:q,58.069320239858385,-154.46915010358515,2002-05-08T00:00:00Z,0.6492762820617476
urn:ioos:station:GOA_RUNOFF_DISCHARGE,urn:ioos:sensor:GOA_RUNOFF_DISCHARGE:q,58.069320239858385,-154.46915010358515,2002-05-09T00:00:00Z,0.4598634120435714
urn:ioos:station:GOA_RUNOFF_DISCHARGE,urn:ioos:sensor:GOA_RUNOFF_DISCHARGE:q,58.069320239858385,-154.46915010358515,2002-05-10T00:00:00Z,0.32552010174213264
urn:ioos:station:GOA_RUNOFF_DISCHARGE,urn:ioos:sensor:GOA_RUNOFF_DISCHARGE:q,58.069320239858385,-154.46915010358515,2002-05-11T00:00:00Z,0.23040475349008957
urn:ioos:station:GOA_RUNOFF_DISCHARGE,urn:ioos:sensor:GOA_RUNOFF_DISCHARGE:q,58.069320239858385,-154.46915010358515,2002-05-12T00:00:00Z,0.16307976820676695
urn:ioos:station:GOA_RUNOFF_DISCHARGE,urn:ioos:sensor:GOA_RUNOFF_DISCHARGE:q,58.069320239858385,-154.46915010358515,2002-05-13T00:00:00Z,0.11542717542722909
urn:ioos:station:GOA_RUNOFF_DISCHARGE,urn:ioos:sensor:GOA_RUNOFF_DISCHARGE:q,58.069320239858385,-154.46915010358515,2002-05-14T00:00:00Z,0.08169883831420963
urn:ioos:station:GOA_RUNOFF_DISCHARGE,urn:ioos:sensor:GOA_RUNOFF_DISCHARGE:q,58.069320239858385,-154.46915010358515,2002-05-15T00:00:00Z,0.05782607338924082
urn:ioos:station:GOA_RUNOFF_DISCHARGE,urn:ioos:sensor:GOA_RUNOFF_DISCHARGE:q,58.069320239858385,-154.46915010358515,2002-05-16T00:00:00Z,0.04092904015340809
urn:ioos:station:GOA_RUNOFF_DISCHARGE,urn:ioos:sensor:GOA_RUNOFF_DISCHARGE:q,58.069320239858385,-154.46915010358515,2002-05-17T00:00:00Z,0.02896939258956157
urn:ioos:station:GOA_RUNOFF_DISCHARGE,urn:ioos:sensor:GOA_RUNOFF_DISCHARGE:q,58.069320239858385,-154.46915010358515,2002-05-18T00:00:00Z,0.02050440663146908
urn:ioos:station:GOA_RUNOFF_DISCHARGE,urn:ioos:sensor:GOA_RUNOFF_DISCHARGE:q,58.069320239858385,-154.46915010358515,2002-05-19T00:00:00Z,0.014512927687439154
urn:ioos:station:GOA_RUNOFF_DISCHARGE,urn:ioos:sensor:GOA_RUNOFF_DISCHARGE:q,58.069320239858385,-154.46915010358515,2002-05-20T00:00:00Z,0.010272186677007902
urn:ioos:station:GOA_RUNOFF_DISCHARGE,urn:ioos:sensor:GOA_RUNOFF_DISCHARGE:q,58.069320239858385,-154.46915010358515,2002-05-21T00:00:00Z,0.007270607290434729
urn:ioos:station:GOA_RUNOFF_DISCHARGE,urn:ioos:sensor:GOA_RUNOFF_DISCHARGE:q,58.069320239858385,-154.46915010358515,2002-05-22T00:00:00Z,0.00514610403329398
urn:ioos:station:GOA_RUNOFF_DISCHARGE,urn:ioos:sensor:GOA_RUNOFF_DISCHARGE:q,58.069320239858385,-154.46915010358515,2002-05-23T00:00:00Z,0.0036423895007159438
urn:ioos:station:GOA_RUNOFF_DISCHARGE,urn:ioos:sensor:GOA_RUNOFF_DISCHARGE:q,58.069320239858385,-154.46915010358515,2002-05-24T00:00:00Z,0.0025780671280666973
urn:ioos:station:GOA_RUNOFF_DISCHARGE,urn:ioos:sensor:GOA_RUNOFF_DISCHARGE:q,58.069320239858385,-154.46915010358515,2002-05-25T00:00:00Z,0.0018247446157037533
urn:ioos:station:GOA_RUNOFF_DISCHARGE,urn:ioos:sensor:GOA_RUNOFF_DISCHARGE:q,58.069320239858385,-154.46915010358515,2002-05-26T00:00:00Z,0.0012915460017555484
urn:ioos:station:GOA_RUNOFF_DISCHARGE,urn:ioos:sensor:GOA_RUNOFF_DISCHARGE:q,58.069320239858385,-154.46915010358515,2002-05-27T00:00:00Z,9.141505808490043E-4
urn:ioos:station:GOA_RUNOFF_DISCHARGE,urn:ioos:sensor:GOA_RUNOFF_DISCHARGE:q,58.069320239858385,-154.46915010358515,2002-05-28T00:00:00Z,6.470316607450472E-4
urn:ioos:station:GOA_RUNOFF_DISCHARGE,urn:ioos:sensor:GOA_RUNOFF_DISCHARGE:q,58.069320239858385,-154.46915010358515,2002-05-29T00:00:00Z,4.57966161322189E-4
urn:ioos:station:GOA_RUNOFF_DISCHARGE,urn:ioos:sensor:GOA_RUNOFF_DISCHARGE:q,58.069320239858385,-154.46915010358515,2002-05-30T00:00:00Z,3.2414641292774894E-4
urn:ioos:station:GOA_RUNOFF_DISCHARGE,urn:ioos:sensor:GOA_RUNOFF_DISCHARGE:q,58.069320239858385,-154.46915010358515,2002-05-31T00:00:00Z,2.2942939936875057E-4
urn:ioos:station:GOA_RUNOFF_DISCHARGE,urn:ioos:sensor:GOA_RUNOFF_DISCHARGE:q,58.069320239858385,-154.46915010358515,2002-06-01T00:00:00Z,1.6238910799303046E-4
urn:ioos:station:GOA_RUNOFF_DISCHARGE,urn:ioos:sensor:GOA_RUNOFF_DISCHARGE:q,58.069320239858385,-154.46915010358515,2002-06-02T00:00:00Z,1.1493829263798408E-4
urn:ioos:station:GOA_RUNOFF_DISCHARGE,urn:ioos:sensor:GOA_RUNOFF_DISCHARGE:q,58.069320239858385,-154.46915010358515,2002-06-03T00:00:00Z,8.135280988686485E-5
urn:ioos:station:GOA_RUNOFF_DISCHARGE,urn:ioos:sensor:GOA_RUNOFF_DISCHARGE:q,58.069320239858385,-154.46915010358515,2002-06-04T00:00:00Z,1.6700537809528526
urn:ioos:station:GOA_RUNOFF_DISCHARGE,urn:ioos:sensor:GOA_RUNOFF_DISCHARGE:q,58.069320239858385,-154.46915010358515,2002-06-05T00:00:00Z,1.261056472828616
urn:ioos:station:GOA_RUNOFF_DISCHARGE,urn:ioos:sensor:GOA_RUNOFF_DISCHARGE:q,58.069320239858385,-154.46915010358515,2002-06-06T00:00:00Z,0.9004589294315679
urn:ioos:station:GOA_RUNOFF_DISCHARGE,urn:ioos:sensor:GOA_RUNOFF_DISCHARGE:q,58.069320239858385,-154.46915010358515,2002-06-07T00:00:00Z,0.6381285696796493
urn:ioos:station:GOA_RUNOFF_DISCHARGE,urn:ioos:sensor:GOA_RUNOFF_DISCHARGE:q,58.069320239858385,-154.46915010358515,2002-06-08T00:00:00Z,2.756932616996971
urn:ioos:station:GOA_RUNOFF_DISCHARGE,urn:ioos:sensor:GOA_RUNOFF_DISCHARGE:q,58.069320239858385,-154.46915010358515,2002-06-09T00:00:00Z,4.4658322680181985
urn:ioos:station:GOA_RUNOFF_DISCHARGE,urn:ioos:sensor:GOA_RUNOFF_DISCHARGE:q,58.069320239858385,-154.46915010358515,2002-06-10T00:00:00Z,3.2855762363417034
urn:ioos:station:GOA_RUNOFF_DISCHARGE,urn:ioos:sensor:GOA_RUNOFF_DISCHARGE:q,58.069320239858385,-154.46915010358515,2002-06-11T00:00:00Z,2.337966547999279
urn:ioos:station:GOA_RUNOFF_DISCHARGE,urn:ioos:sensor:GOA_RUNOFF_DISCHARGE:q,58.069320239858385,-154.46915010358515,2002-06-12T00:00:00Z,1.6560456821201957
urn:ioos:station:GOA_RUNOFF_DISCHARGE,urn:ioos:sensor:GOA_RUNOFF_DISCHARGE:q,58.069320239858385,-154.46915010358515,2002-06-13T00:00:00Z,1.172265893878418
urn:ioos:station:GOA_RUNOFF_DISCHARGE,urn:ioos:sensor:GOA_RUNOFF_DISCHARGE:q,58.069320239858385,-154.46915010358515,2002-06-14T00:00:00Z,0.8297370337909604
urn:ioos:station:GOA_RUNOFF_DISCHARGE,urn:ioos:sensor:GOA_RUNOFF_DISCHARGE:q,58.069320239858385,-154.46915010358515,2002-06-15T00:00:00Z,0.5872853896347084
urn:ioos:station:GOA_RUNOFF_DISCHARGE,urn:ioos:sensor:GOA_RUNOFF_DISCHARGE:q,58.069320239858385,-154.46915010358515,2002-06-16T00:00:00Z,0.41567812104480706
urn:ioos:station:GOA_RUNOFF_DISCHARGE,urn:ioos:sensor:GOA_RUNOFF_DISCHARGE:q,58.069320239858385,-154.46915010358515,2002-06-17T00:00:00Z,0.29421513389027565
urn:ioos:station:GOA_RUNOFF_DISCHARGE,urn:ioos:sensor:GOA_RUNOFF_DISCHARGE:q,58.069320239858385,-154.46915010358515,2002-06-18T00:00:00Z,0.2082441750458571
urn:ioos:station:GOA_RUNOFF_DISCHARGE,urn:ioos:sensor:GOA_RUNOFF_DISCHARGE:q,58.069320239858385,-154.46915010358515,2002-06-19T00:00:00Z,0.1473942962664667
urn:ioos:station:GOA_RUNOFF_DISCHARGE,urn:ioos:sensor:GOA_RUNOFF_DISCHARGE:q,58.069320239858385,-154.46915010358515,2002-06-20T00:00:00Z,0.10432502301213817
urn:ioos:station:GOA_RUNOFF_DISCHARGE,urn:ioos:sensor:GOA_RUNOFF_DISCHARGE:q,58.069320239858385,-154.46915010358515,2002-06-21T00:00:00Z,0.0738407923533416
urn:ioos:station:GOA_RUNOFF_DISCHARGE,urn:ioos:sensor:GOA_RUNOFF_DISCHARGE:q,58.069320239858385,-154.46915010358515,2002-06-22T00:00:00Z,0.05226418480908847
urn:ioos:station:GOA_RUNOFF_DISCHARGE,urn:ioos:sensor:GOA_RUNOFF_DISCHARGE:q,58.069320239858385,-154.46915010358515,2002-06-23T00:00:00Z,0.036992358066446844
urn:ioos:station:GOA_RUNOFF_DISCHARGE,urn:ioos:sensor:GOA_RUNOFF_DISCHARGE:q,58.069320239858385,-154.46915010358515,2002-06-24T00:00:00Z,0.026183027724092926
urn:ioos:station:GOA_RUNOFF_DISCHARGE,urn:ioos:sensor:GOA_RUNOFF_DISCHARGE:q,58.069320239858385,-154.46915010358515,2002-06-25T00:00:00Z,0.018532229867972403
urn:ioos:station:GOA_RUNOFF_DISCHARGE,urn:ioos:sensor:GOA_RUNOFF_DISCHARGE:q,58.069320239858385,-154.46915010358515,2002-06-26T00:00:00Z,0.013117029828048236
urn:ioos:station:GOA_RUNOFF_DISCHARGE,urn:ioos:sensor:GOA_RUNOFF_DISCHARGE:q,58.069320239858385,-154.46915010358515,2002-06-27T00:00:00Z,0.009284175296291169
urn:ioos:station:GOA_RUNOFF_DISCHARGE,urn:ioos:sensor:GOA_RUNOFF_DISCHARGE:q,58.069320239858385,-154.46915010358515,2002-06-28T00:00:00Z,0.00657129807793079
urn:ioos:station:GOA_RUNOFF_DISCHARGE,urn:ioos:sensor:GOA_RUNOFF_DISCHARGE:q,58.069320239858385,-154.46915010358515,2002-06-29T00:00:00Z,0.004651135301763308
urn:ioos:station:GOA_RUNOFF_DISCHARGE,urn:ioos:sensor:GOA_RUNOFF_DISCHARGE:q,58.069320239858385,-154.46915010358515,2002-06-30T00:00:00Z,0.0032920534683196423
urn:ioos:station:GOA_RUNOFF_DISCHARGE,urn:ioos:sensor:GOA_RUNOFF_DISCHARGE:q,58.069320239858385,-154.46915010358515,2002-07-01T00:00:00Z,0.0023301007278191716
urn:ioos:station:GOA_RUNOFF_DISCHARGE,urn:ioos:sensor:GOA_RUNOFF_DISCHARGE:q,58.069320239858385,-154.46915010358515,2002-07-02T00:00:00Z,0.001649234987115373
urn:ioos:station:GOA_RUNOFF_DISCHARGE,urn:ioos:sensor:GOA_RUNOFF_DISCHARGE:q,58.069320239858385,-154.46915010358515,2002-07-03T00:00:00Z,0.0011673211420206455
urn:ioos:station:GOA_RUNOFF_DISCHARGE,urn:ioos:sensor:GOA_RUNOFF_DISCHARGE:q,58.069320239858385,-154.46915010358515,2002-07-04T00:00:00Z,8.262247034116812E-4
urn:ioos:station:GOA_RUNOFF_DISCHARGE,urn:ioos:sensor:GOA_RUNOFF_DISCHARGE:q,58.069320239858385,-154.46915010358515,2002-07-05T00:00:00Z,5.84798208361012E-4
urn:ioos:station:GOA_RUNOFF_DISCHARGE,urn:ioos:sensor:GOA_RUNOFF_DISCHARGE:q,58.069320239858385,-154.46915010358515,2002-07-06T00:00:00Z,4.139175946764541E-4
urn:ioos:station:GOA_RUNOFF_DISCHARGE,urn:ioos:sensor:GOA_RUNOFF_DISCHARGE:q,58.069320239858385,-154.46915010358515,2002-07-07T00:00:00Z,2.9296904700343036E-4
urn:ioos:station:GOA_RUNOFF_DISCHARGE,urn:ioos:sensor:GOA_RUNOFF_DISCHARGE:q,58.069320239858385,-154.46915010358515,2002-07-08T00:00:00Z,2.073621575490862E-4
urn:ioos:station:GOA_RUNOFF_DISCHARGE,urn:ioos:sensor:GOA_RUNOFF_DISCHARGE:q,58.069320239858385,-154.46915010358515,2002-07-09T00:00:00Z,1.4677002486846496E-4
urn:ioos:station:GOA_RUNOFF_DISCHARGE,urn:ioos:sensor:GOA_RUNOFF_DISCHARGE:q,58.069320239858385,-154.46915010358515,2002-07-10T00:00:00Z,1.0388316839087672E-4
urn:ioos:station:GOA_RUNOFF_DISCHARGE,urn:ioos:sensor:GOA_RUNOFF_DISCHARGE:q,58.069320239858385,-154.46915010358515,2002-07-11T00:00:00Z,7.35280441545023E-5
urn:ioos:station:GOA_RUNOFF_DISCHARGE,urn:ioos:sensor:GOA_RUNOFF_DISCHARGE:q,58.069320239858385,-154.46915010358515,2002-07-12T00:00:00Z,5.204282171461884E-5
urn:ioos:station:GOA_RUNOFF_DISCHARGE,urn:ioos:sensor:GOA_RUNOFF_DISCHARGE:q,58.069320239858385,-154.46915010358515,2002-07-13T00:00:00Z,3.683567845583352E-5
urn:ioos:station:GOA_RUNOFF_DISCHARGE,urn:ioos:sensor:GOA_RUNOFF_DISCHARGE:q,58.069320239858385,-154.46915010358515,2002-07-14T00:00:00Z,2.607212998721928E-5
urn:ioos:station:GOA_RUNOFF_DISCHARGE,urn:ioos:sensor:GOA_RUNOFF_DISCHARGE:q,58.069320239858385,-154.46915010358515,2002-07-15T00:00:00Z,0.4959877215922581
urn:ioos:station:GOA_RUNOFF_DISCHARGE,urn:ioos:sensor:GOA_RUNOFF_DISCHARGE:q,58.069320239858385,-154.46915010358515,2002-07-16T00:00:00Z,0.37451993259316213
urn:ioos:station:GOA_RUNOFF_DISCHARGE,urn:ioos:sensor:GOA_RUNOFF_DISCHARGE:q,58.069320239858385,-154.46915010358515,2002-07-17T00:00:00Z,0.2674264488534652
urn:ioos:station:GOA_RUNOFF_DISCHARGE,urn:ioos:sensor:GOA_RUNOFF_DISCHARGE:q,58.069320239858385,-154.46915010358515,2002-07-18T00:00:00Z,0.18951719502474365
urn:ioos:station:GOA_RUNOFF_DISCHARGE,urn:ioos:sensor:GOA_RUNOFF_DISCHARGE:q,58.069320239858385,-154.46915010358515,2002-07-19T00:00:00Z,0.13416280534642805
urn:ioos:station:GOA_RUNOFF_DISCHARGE,urn:ioos:sensor:GOA_RUNOFF_DISCHARGE:q,58.069320239858385,-154.46915010358515,2002-07-20T00:00:00Z,0.09496216612149834
urn:ioos:station:GOA_RUNOFF_DISCHARGE,urn:ioos:sensor:GOA_RUNOFF_DISCHARGE:q,58.069320239858385,-154.46915010358515,2002-07-21T00:00:00Z,0.06721403307346911
urn:ioos:station:GOA_RUNOFF_DISCHARGE,urn:ioos:sensor:GOA_RUNOFF_DISCHARGE:q,58.069320239858385,-154.46915010358515,2002-07-22T00:00:00Z,0.30168881028288946
urn:ioos:station:GOA_RUNOFF_DISCHARGE,urn:ioos:sensor:GOA_RUNOFF_DISCHARGE:q,58.069320239858385,-154.46915010358515,2002-07-23T00:00:00Z,1.7853330447672868
urn:ioos:station:GOA_RUNOFF_DISCHARGE,urn:ioos:sensor:GOA_RUNOFF_DISCHARGE:q,58.069320239858385,-154.46915010358515,2002-07-24T00:00:00Z,1.3386370469747613
urn:ioos:station:GOA_RUNOFF_DISCHARGE,urn:ioos:sensor:GOA_RUNOFF_DISCHARGE:q,58.069320239858385,-154.46915010358515,2002-07-25T00:00:00Z,0.954969403149995
urn:ioos:station:GOA_RUNOFF_DISCHARGE,urn:ioos:sensor:GOA_RUNOFF_DISCHARGE:q,58.069320239858385,-154.46915010358515,2002-07-26T00:00:00Z,1.0659893650569534
urn:ioos:station:GOA_RUNOFF_DISCHARGE,urn:ioos:sensor:GOA_RUNOFF_DISCHARGE:q,58.069320239858385,-154.46915010358515,2002-07-27T00:00:00Z,0.7729940312434667
urn:ioos:station:GOA_RUNOFF_DISCHARGE,urn:ioos:sensor:GOA_RUNOFF_DISCHARGE:q,58.069320239858385,-154.46915010358515,2002-07-28T00:00:00Z,0.5489682486979787
urn:ioos:station:GOA_RUNOFF_DISCHARGE,urn:ioos:sensor:GOA_RUNOFF_DISCHARGE:q,58.069320239858385,-154.46915010358515,2002-07-29T00:00:00Z,0.3887417135089431
urn:ioos:station:GOA_RUNOFF_DISCHARGE,urn:ioos:sensor:GOA_RUNOFF_DISCHARGE:q,58.069320239858385,-154.46915010358515,2002-07-30T00:00:00Z,0.27516802541663243
urn:ioos:station:GOA_RUNOFF_DISCHARGE,urn:ioos:sensor:GOA_RUNOFF_DISCHARGE:q,58.069320239858385,-154.46915010358515,2002-07-31T00:00:00Z,0.19476455867474768
urn:ioos:station:GOA_RUNOFF_DISCHARGE,urn:ioos:sensor:GOA_RUNOFF_DISCHARGE:q,58.069320239858385,-154.46915010358515,2002-08-01T00:00:00Z,0.13785366423656178
urn:ioos:station:GOA_RUNOFF_DISCHARGE,urn:ioos:sensor:GOA_RUNOFF_DISCHARGE:q,58.069320239858385,-154.46915010358515,2002-08-02T00:00:00Z,0.0975722317571186
urn:ioos:station:GOA_RUNOFF_DISCHARGE,urn:ioos:sensor:GOA_RUNOFF_DISCHARGE:q,58.069320239858385,-154.46915010358515,2002-08-03T00:00:00Z,0.06906119743155503
urn:ioos:station:GOA_RUNOFF_DISCHARGE,urn:ioos:sensor:GOA_RUNOFF_DISCHARGE:q,58.069320239858385,-154.46915010358515,2002-08-04T00:00:00Z,0.04888120720114385
urn:ioos:station:GOA_RUNOFF_DISCHARGE,urn:ioos:sensor:GOA_RUNOFF_DISCHARGE:q,58.069320239858385,-154.46915010358515,2002-08-05T00:00:00Z,0.7011640277462163
urn:ioos:station:GOA_RUNOFF_DISCHARGE,urn:ioos:sensor:GOA_RUNOFF_DISCHARGE:q,58.069320239858385,-154.46915010358515,2002-08-06T00:00:00Z,0.5278129331244065
urn:ioos:station:GOA_RUNOFF_DISCHARGE,urn:ioos:sensor:GOA_RUNOFF_DISCHARGE:q,58.069320239858385,-154.46915010358515,2002-08-07T00:00:00Z,0.3767324318103122
urn:ioos:station:GOA_RUNOFF_DISCHARGE,urn:ioos:sensor:GOA_RUNOFF_DISCHARGE:q,58.069320239858385,-154.46915010358515,2002-08-08T00:00:00Z,0.266963942420661
urn:ioos:station:GOA_RUNOFF_DISCHARGE,urn:ioos:sensor:GOA_RUNOFF_DISCHARGE:q,58.069320239858385,-154.46915010358515,2002-08-09T00:00:00Z,0.18898729832130362
urn:ioos:station:GOA_RUNOFF_DISCHARGE,urn:ioos:sensor:GOA_RUNOFF_DISCHARGE:q,58.069320239858385,-154.46915010358515,2002-08-10T00:00:00Z,0.844782725721723
urn:ioos:station:GOA_RUNOFF_DISCHARGE,urn:ioos:sensor:GOA_RUNOFF_DISCHARGE:q,58.069320239858385,-154.46915010358515,2002-08-11T00:00:00Z,0.631568657996198
urn:ioos:station:GOA_RUNOFF_DISCHARGE,urn:ioos:sensor:GOA_RUNOFF_DISCHARGE:q,58.069320239858385,-154.46915010358515,2002-08-12T00:00:00Z,1.984606568377522
urn:ioos:station:GOA_RUNOFF_DISCHARGE,urn:ioos:sensor:GOA_RUNOFF_DISCHARGE:q,58.069320239858385,-154.46915010358515,2002-08-13T00:00:00Z,1.4776082171986804
urn:ioos:station:GOA_RUNOFF_DISCHARGE,urn:ioos:sensor:GOA_RUNOFF_DISCHARGE:q,58.069320239858385,-154.46915010358515,2002-08-14T00:00:00Z,1.0531255523619052
urn:ioos:station:GOA_RUNOFF_DISCHARGE,urn:ioos:sensor:GOA_RUNOFF_DISCHARGE:q,58.069320239858385,-154.46915010358515,2002-08-15T00:00:00Z,2.412326992024678
urn:ioos:station:GOA_RUNOFF_DISCHARGE,urn:ioos:sensor:GOA_RUNOFF_DISCHARGE:q,58.069320239858385,-154.46915010358515,2002-08-16T00:00:00Z,1.7863273554856183
urn:ioos:station:GOA_RUNOFF_DISCHARGE,urn:ioos:sensor:GOA_RUNOFF_DISCHARGE:q,58.069320239858385,-154.46915010358515,2002-08-17T00:00:00Z,1.272232798942024
urn:ioos:station:GOA_RUNOFF_DISCHARGE,urn:ioos:sensor:GOA_RUNOFF_DISCHARGE:q,58.069320239858385,-154.46915010358515,2002-08-18T00:00:00Z,0.9012674153431194
urn:ioos:station:GOA_RUNOFF_DISCHARGE,urn:ioos:sensor:GOA_RUNOFF_DISCHARGE:q,58.069320239858385,-154.46915010358515,2002-08-19T00:00:00Z,0.6379916842202124
urn:ioos:station:GOA_RUNOFF_DISCHARGE,urn:ioos:sensor:GOA_RUNOFF_DISCHARGE:q,58.069320239858385,-154.46915010358515,2002-08-20T00:00:00Z,1.7128703160252872
urn:ioos:station:GOA_RUNOFF_DISCHARGE,urn:ioos:sensor:GOA_RUNOFF_DISCHARGE:q,58.069320239858385,-154.46915010358515,2002-08-21T00:00:00Z,1.2720287534373755
urn:ioos:station:GOA_RUNOFF_DISCHARGE,urn:ioos:sensor:GOA_RUNOFF_DISCHARGE:q,58.069320239858385,-154.46915010358515,2002-08-22T00:00:00Z,0.9819881984984224
urn:ioos:station:GOA_RUNOFF_DISCHARGE,urn:ioos:sensor:GOA_RUNOFF_DISCHARGE:q,58.069320239858385,-154.46915010358515,2002-08-23T00:00:00Z,0.6992225696321944
urn:ioos:station:GOA_RUNOFF_DISCHARGE,urn:ioos:sensor:GOA_RUNOFF_DISCHARGE:q,58.069320239858385,-154.46915010358515,2002-08-24T00:00:00Z,0.49532361991110735
urn:ioos:station:GOA_RUNOFF_DISCHARGE,urn:ioos:sensor:GOA_RUNOFF_DISCHARGE:q,58.069320239858385,-154.46915010358515,2002-08-25T00:00:00Z,0.37844346716392685
urn:ioos:station:GOA_RUNOFF_DISCHARGE,urn:ioos:sensor:GOA_RUNOFF_DISCHARGE:q,58.069320239858385,-154.46915010358515,2002-08-26T00:00:00Z,0.2691805034720831
urn:ioos:station:GOA_RUNOFF_DISCHARGE,urn:ioos:sensor:GOA_RUNOFF_DISCHARGE:q,58.069320239858385,-154.46915010358515,2002-08-27T00:00:00Z,0.19065656420507573
urn:ioos:station:GOA_RUNOFF_DISCHARGE,urn:ioos:sensor:GOA_RUNOFF_DISCHARGE:q,58.069320239858385,-154.46915010358515,2002-08-28T00:00:00Z,0.13495903175413404
urn:ioos:station:GOA_RUNOFF_DISCHARGE,urn:ioos:sensor:GOA_RUNOFF_DISCHARGE:q,58.069320239858385,-154.46915010358515,2002-08-29T00:00:00Z,0.960275375615164
urn:ioos:station:GOA_RUNOFF_DISCHARGE,urn:ioos:sensor:GOA_RUNOFF_DISCHARGE:q,58.069320239858385,-154.46915010358515,2002-08-30T00:00:00Z,0.7205861734360919
urn:ioos:station:GOA_RUNOFF_DISCHARGE,urn:ioos:sensor:GOA_RUNOFF_DISCHARGE:q,58.069320239858385,-154.46915010358515,2002-08-31T00:00:00Z,0.5141126456840776
urn:ioos:station:GOA_RUNOFF_DISCHARGE,urn:ioos:sensor:GOA_RUNOFF_DISCHARGE:q,58.069320239858385,-154.46915010358515,2002-09-01T00:00:00Z,1.6119573818037665
urn:ioos:station:GOA_RUNOFF_DISCHARGE,urn:ioos:sensor:GOA_RUNOFF_DISCHARGE:q,58.069320239858385,-154.46915010358515,2002-09-02T00:00:00Z,1.1410846886368111
urn:ioos:station:GOA_RUNOFF_DISCHARGE,urn:ioos:sensor:GOA_RUNOFF_DISCHARGE:q,58.069320239858385,-154.46915010358515,2002-09-03T00:00:00Z,0.807669466418157
urn:ioos:station:GOA_RUNOFF_DISCHARGE,urn:ioos:sensor:GOA_RUNOFF_DISCHARGE:q,58.069320239858385,-154.46915010358515,2002-09-04T00:00:00Z,0.5716663706186734
urn:ioos:station:GOA_RUNOFF_DISCHARGE,urn:ioos:sensor:GOA_RUNOFF_DISCHARGE:q,58.069320239858385,-154.46915010358515,2002-09-05T00:00:00Z,0.404623057951328
urn:ioos:station:GOA_RUNOFF_DISCHARGE,urn:ioos:sensor:GOA_RUNOFF_DISCHARGE:q,58.069320239858385,-154.46915010358515,2002-09-06T00:00:00Z,0.2863904295042524
urn:ioos:station:GOA_RUNOFF_DISCHARGE,urn:ioos:sensor:GOA_RUNOFF_DISCHARGE:q,58.069320239858385,-154.46915010358515,2002-09-07T00:00:00Z,0.2027058722381936
urn:ioos:station:GOA_RUNOFF_DISCHARGE,urn:ioos:sensor:GOA_RUNOFF_DISCHARGE:q,58.069320239858385,-154.46915010358515,2002-09-08T00:00:00Z,0.14347431374510589
urn:ioos:station:GOA_RUNOFF_DISCHARGE,urn:ioos:sensor:GOA_RUNOFF_DISCHARGE:q,58.069320239858385,-154.46915010358515,2002-09-09T00:00:00Z,0.10155048597784444
urn:ioos:station:GOA_RUNOFF_DISCHARGE,urn:ioos:sensor:GOA_RUNOFF_DISCHARGE:q,58.069320239858385,-154.46915010358515,2002-09-10T00:00:00Z,0.07187697770615002
urn:ioos:station:GOA_RUNOFF_DISCHARGE,urn:ioos:sensor:GOA_RUNOFF_DISCHARGE:q,58.069320239858385,-154.46915010358515,2002-09-11T00:00:00Z,0.05087420703203745
urn:ioos:station:GOA_RUNOFF_DISCHARGE,urn:ioos:sensor:GOA_RUNOFF_DISCHARGE:q,58.069320239858385,-154.46915010358515,2002-09-12T00:00:00Z,1.8220113753549487
urn:ioos:station:GOA_RUNOFF_DISCHARGE,urn:ioos:sensor:GOA_RUNOFF_DISCHARGE:q,58.069320239858385,-154.46915010358515,2002-09-13T00:00:00Z,1.8434202348994
urn:ioos:station:GOA_RUNOFF_DISCHARGE,urn:ioos:sensor:GOA_RUNOFF_DISCHARGE:q,58.069320239858385,-154.46915010358515,2002-09-14T00:00:00Z,4.113800754873513
urn:ioos:station:GOA_RUNOFF_DISCHARGE,urn:ioos:sensor:GOA_RUNOFF_DISCHARGE:q,58.069320239858385,-154.46915010358515,2002-09-15T00:00:00Z,3.05381132748935
urn:ioos:station:GOA_RUNOFF_DISCHARGE,urn:ioos:sensor:GOA_RUNOFF_DISCHARGE:q,58.069320239858385,-154.46915010358515,2002-09-16T00:00:00Z,2.1752634779207343
urn:ioos:station:GOA_RUNOFF_DISCHARGE,urn:ioos:sensor:GOA_RUNOFF_DISCHARGE:q,58.069320239858385,-154.46915010358515,2002-09-17T00:00:00Z,1.7419827813825646
urn:ioos:station:GOA_RUNOFF_DISCHARGE,urn:ioos:sensor:GOA_RUNOFF_DISCHARGE:q,58.069320239858385,-154.46915010358515,2002-09-18T00:00:00Z,1.242611732733057
urn:ioos:station:GOA_RUNOFF_DISCHARGE,urn:ioos:sensor:GOA_RUNOFF_DISCHARGE:q,58.069320239858385,-154.46915010358515,2002-09-19T00:00:00Z,0.8804781253048843
urn:ioos:station:GOA_RUNOFF_DISCHARGE,urn:ioos:sensor:GOA_RUNOFF_DISCHARGE:q,58.069320239858385,-154.46915010358515,2002-09-20T00:00:00Z,0.6232947509179622
urn:ioos:station:GOA_RUNOFF_DISCHARGE,urn:ioos:sensor:GOA_RUNOFF_DISCHARGE:q,58.069320239858385,-154.46915010358515,2002-09-21T00:00:00Z,0.44117483033430144
urn:ioos:station:GOA_RUNOFF_DISCHARGE,urn:ioos:sensor:GOA_RUNOFF_DISCHARGE:q,58.069320239858385,-154.46915010358515,2002-09-22T00:00:00Z,2.0963237844267346
urn:ioos:station:GOA_RUNOFF_DISCHARGE,urn:ioos:sensor:GOA_RUNOFF_DISCHARGE:q,58.069320239858385,-154.46915010358515,2002-09-23T00:00:00Z,4.842742072073283
urn:ioos:station:GOA_RUNOFF_DISCHARGE,urn:ioos:sensor:GOA_RUNOFF_DISCHARGE:q,58.069320239858385,-154.46915010358515,2002-09-24T00:00:00Z,6.83537969259572
urn:ioos:station:GOA_RUNOFF_DISCHARGE,urn:ioos:sensor:GOA_RUNOFF_DISCHARGE:q,58.069320239858385,-154.46915010358515,2002-09-25T00:00:00Z,5.0078386972205395
urn:ioos:station:GOA_RUNOFF_DISCHARGE,urn:ioos:sensor:GOA_RUNOFF_DISCHARGE:q,58.069320239858385,-154.46915010358515,2002-09-26T00:00:00Z,5.565707263487008
urn:ioos:station:GOA_RUNOFF_DISCHARGE,urn:ioos:sensor:GOA_RUNOFF_DISCHARGE:q,58.069320239858385,-154.46915010358515,2002-09-27T00:00:00Z,4.035886682755554
urn:ioos:station:GOA_RUNOFF_DISCHARGE,urn:ioos:sensor:GOA_RUNOFF_DISCHARGE:q,58.069320239858385,-154.46915010358515,2002-09-28T00:00:00Z,2.9636355808290022
urn:ioos:station:GOA_RUNOFF_DISCHARGE,urn:ioos:sensor:GOA_RUNOFF_DISCHARGE:q,58.069320239858385,-154.46915010358515,2002-09-29T00:00:00Z,2.113575430594727
urn:ioos:station:GOA_RUNOFF_DISCHARGE,urn:ioos:sensor:GOA_RUNOFF_DISCHARGE:q,58.069320239858385,-154.46915010358515,2002-09-30T00:00:00Z,3.096271473604923
urn:ioos:station:GOA_RUNOFF_DISCHARGE,urn:ioos:sensor:GOA_RUNOFF_DISCHARGE:q,58.069320239858385,-154.46915010358515,2002-10-01T00:00:00Z,2.267284448467734
urn:ioos:station:GOA_RUNOFF_DISCHARGE,urn:ioos:sensor:GOA_RUNOFF_DISCHARGE:q,58.069320239858385,-154.46915010358515,2002-10-02T00:00:00Z,1.6123390297786115
urn:ioos:station:GOA_RUNOFF_DISCHARGE,urn:ioos:sensor:GOA_RUNOFF_DISCHARGE:q,58.069320239858385,-154.46915010358515,2002-10-03T00:00:00Z,1.141961913282198
urn:ioos:station:GOA_RUNOFF_DISCHARGE,urn:ioos:sensor:GOA_RUNOFF_DISCHARGE:q,58.069320239858385,-154.46915010358515,2002-10-04T00:00:00Z,2.2292475247617594
urn:ioos:station:GOA_RUNOFF_DISCHARGE,urn:ioos:sensor:GOA_RUNOFF_DISCHARGE:q,58.069320239858385,-154.46915010358515,2002-10-05T00:00:00Z,5.681322524863577
urn:ioos:station:GOA_RUNOFF_DISCHARGE,urn:ioos:sensor:GOA_RUNOFF_DISCHARGE:q,58.069320239858385,-154.46915010358515,2002-10-06T00:00:00Z,7.007278360794129
urn:ioos:station:GOA_RUNOFF_DISCHARGE,urn:ioos:sensor:GOA_RUNOFF_DISCHARGE:q,58.069320239858385,-154.46915010358515,2002-10-07T00:00:00Z,5.4485880380813345
urn:ioos:station:GOA_RUNOFF_DISCHARGE,urn:ioos:sensor:GOA_RUNOFF_DISCHARGE:q,58.069320239858385,-154.46915010358515,2002-10-08T00:00:00Z,3.887581779157173
urn:ioos:station:GOA_RUNOFF_DISCHARGE,urn:ioos:sensor:GOA_RUNOFF_DISCHARGE:q,58.069320239858385,-154.46915010358515,2002-10-09T00:00:00Z,2.75471824308708
urn:ioos:station:GOA_RUNOFF_DISCHARGE,urn:ioos:sensor:GOA_RUNOFF_DISCHARGE:q,58.069320239858385,-154.46915010358515,2002-10-10T00:00:00Z,2.006462459917328
urn:ioos:station:GOA_RUNOFF_DISCHARGE,urn:ioos:sensor:GOA_RUNOFF_DISCHARGE:q,58.069320239858385,-154.46915010358515,2002-10-11T00:00:00Z,4.15383366722973
urn:ioos:station:GOA_RUNOFF_DISCHARGE,urn:ioos:sensor:GOA_RUNOFF_DISCHARGE:q,58.069320239858385,-154.46915010358515,2002-10-12T00:00:00Z,3.0695240153637404
urn:ioos:station:GOA_RUNOFF_DISCHARGE,urn:ioos:sensor:GOA_RUNOFF_DISCHARGE:q,58.069320239858385,-154.46915010358515,2002-10-13T00:00:00Z,4.82155922811683
urn:ioos:station:GOA_RUNOFF_DISCHARGE,urn:ioos:sensor:GOA_RUNOFF_DISCHARGE:q,58.069320239858385,-154.46915010358515,2002-10-14T00:00:00Z,4.106505897856911
urn:ioos:station:GOA_RUNOFF_DISCHARGE,urn:ioos:sensor:GOA_RUNOFF_DISCHARGE:q,58.069320239858385,-154.46915010358515,2002-10-15T00:00:00Z,5.408694576553569
urn:ioos:station:GOA_RUNOFF_DISCHARGE,urn:ioos:sensor:GOA_RUNOFF_DISCHARGE:q,58.069320239858385,-154.46915010358515,2002-10-16T00:00:00Z,3.988779140445779
urn:ioos:station:GOA_RUNOFF_DISCHARGE,urn:ioos:sensor:GOA_RUNOFF_DISCHARGE:q,58.069320239858385,-154.46915010358515,2002-10-17T00:00:00Z,3.9968180860338136
urn:ioos:station:GOA_RUNOFF_DISCHARGE,urn:ioos:sensor:GOA_RUNOFF_DISCHARGE:q,58.069320239858385,-154.46915010358515,2002-10-18T00:00:00Z,4.110279489897745
urn:ioos:station:GOA_RUNOFF_DISCHARGE,urn:ioos:sensor:GOA_RUNOFF_DISCHARGE:q,58.069320239858385,-154.46915010358515,2002-10-19T00:00:00Z,4.113052982695292
urn:ioos:station:GOA_RUNOFF_DISCHARGE,urn:ioos:sensor:GOA_RUNOFF_DISCHARGE:q,58.069320239858385,-154.46915010358515,2002-10-20T00:00:00Z,3.5095811012629237
urn:ioos:station:GOA_RUNOFF_DISCHARGE,urn:ioos:sensor:GOA_RUNOFF_DISCHARGE:q,58.069320239858385,-154.46915010358515,2002-10-21T00:00:00Z,3.309574408344239
urn:ioos:station:GOA_RUNOFF_DISCHARGE,urn:ioos:sensor:GOA_RUNOFF_DISCHARGE:q,58.069320239858385,-154.46915010358515,2002-10-22T00:00:00Z,9.78470472416319
urn:ioos:station:GOA_RUNOFF_DISCHARGE,urn:ioos:sensor:GOA_RUNOFF_DISCHARGE:q,58.069320239858385,-154.46915010358515,2002-10-23T00:00:00Z,7.602473967115326
urn:ioos:station:GOA_RUNOFF_DISCHARGE,urn:ioos:sensor:GOA_RUNOFF_DISCHARGE:q,58.069320239858385,-154.46915010358515,2002-10-24T00:00:00Z,5.6453515783368395
urn:ioos:station:GOA_RUNOFF_DISCHARGE,urn:ioos:sensor:GOA_RUNOFF_DISCHARGE:q,58.069320239858385,-154.46915010358515,2002-10-25T00:00:00Z,11.41937154182279
urn:ioos:station:GOA_RUNOFF_DISCHARGE,urn:ioos:sensor:GOA_RUNOFF_DISCHARGE:q,58.069320239858385,-154.46915010358515,2002-10-26T00:00:00Z,10.148120950319646
urn:ioos:station:GOA_RUNOFF_DISCHARGE,urn:ioos:sensor:GOA_RUNOFF_DISCHARGE:q,58.069320239858385,-154.46915010358515,2002-10-27T00:00:00Z,7.299003705388324
urn:ioos:station:GOA_RUNOFF_DISCHARGE,urn:ioos:sensor:GOA_RUNOFF_DISCHARGE:q,58.069320239858385,-154.46915010358515,2002-10-28T00:00:00Z,10.026897660721188
urn:ioos:station:GOA_RUNOFF_DISCHARGE,urn:ioos:sensor:GOA_RUNOFF_DISCHARGE:q,58.069320239858385,-154.46915010358515,2002-10-29T00:00:00Z,8.685711689405638
urn:ioos:station:GOA_RUNOFF_DISCHARGE,urn:ioos:sensor:GOA_RUNOFF_DISCHARGE:q,58.069320239858385,-154.46915010358515,2002-10-30T00:00:00Z,6.82640063793211
urn:ioos:station:GOA_RUNOFF_DISCHARGE,urn:ioos:sensor:GOA_RUNOFF_DISCHARGE:q,58.069320239858385,-154.46915010358515,2002-10-31T00:00:00Z,5.300402851703605
urn:ioos:station:GOA_RUNOFF_DISCHARGE,urn:ioos:sensor:GOA_RUNOFF_DISCHARGE:q,58.069320239858385,-154.46915010358515,2002-11-01T00:00:00Z,4.552083920988894
urn:ioos:station:GOA_RUNOFF_DISCHARGE,urn:ioos:sensor:GOA_RUNOFF_DISCHARGE:q,58.069320239858385,-154.46915010358515,2002-11-02T00:00:00Z,3.9830200843455303
urn:ioos:station:GOA_RUNOFF_DISCHARGE,urn:ioos:sensor:GOA_RUNOFF_DISCHARGE:q,58.069320239858385,-154.46915010358515,2002-11-03T00:00:00Z,6.287494226957708
urn:ioos:station:GOA_RUNOFF_DISCHARGE,urn:ioos:sensor:GOA_RUNOFF_DISCHARGE:q,58.069320239858385,-154.46915010358515,2002-11-04T00:00:00Z,7.208370139027024
urn:ioos:station:GOA_RUNOFF_DISCHARGE,urn:ioos:sensor:GOA_RUNOFF_DISCHARGE:q,58.069320239858385,-154.46915010358515,2002-11-05T00:00:00Z,8.508386542177098
urn:ioos:station:GOA_RUNOFF_DISCHARGE,urn:ioos:sensor:GOA_RUNOFF_DISCHARGE:q,58.069320239858385,-154.46915010358515,2002-11-06T00:00:00Z,8.199372452232247
urn:ioos:station:GOA_RUNOFF_DISCHARGE,urn:ioos:sensor:GOA_RUNOFF_DISCHARGE:q,58.069320239858385,-154.46915010358515,2002-11-07T00:00:00Z,6.037466784988479
urn:ioos:station:GOA_RUNOFF_DISCHARGE,urn:ioos:sensor:GOA_RUNOFF_DISCHARGE:q,58.069320239858385,-154.46915010358515,2002-11-08T00:00:00Z,4.290374972546586
urn:ioos:station:GOA_RUNOFF_DISCHARGE,urn:ioos:sensor:GOA_RUNOFF_DISCHARGE:q,58.069320239858385,-154.46915010358515,2002-11-09T00:00:00Z,3.044354456402218
urn:ioos:station:GOA_RUNOFF_DISCHARGE,urn:ioos:sensor:GOA_RUNOFF_DISCHARGE:q,58.069320239858385,-154.46915010358515,2002-11-10T00:00:00Z,2.1552316295285423
urn:ioos:station:GOA_RUNOFF_DISCHARGE,urn:ioos:sensor:GOA_RUNOFF_DISCHARGE:q,58.069320239858385,-154.46915010358515,2002-11-11T00:00:00Z,2.1407670265687866
urn:ioos:station:GOA_RUNOFF_DISCHARGE,urn:ioos:sensor:GOA_RUNOFF_DISCHARGE:q,58.069320239858385,-154.46915010358515,2002-11-12T00:00:00Z,2.3547880015172393
urn:ioos:station:GOA_RUNOFF_DISCHARGE,urn:ioos:sensor:GOA_RUNOFF_DISCHARGE:q,58.069320239858385,-154.46915010358515,2002-11-13T00:00:00Z,1.79028499630853
urn:ioos:station:GOA_RUNOFF_DISCHARGE,urn:ioos:sensor:GOA_RUNOFF_DISCHARGE:q,58.069320239858385,-154.46915010358515,2002-11-14T00:00:00Z,1.2485344462206576
urn:ioos:station:GOA_RUNOFF_DISCHARGE,urn:ioos:sensor:GOA_RUNOFF_DISCHARGE:q,58.069320239858385,-154.46915010358515,2002-11-15T00:00:00Z,0.8129141989204544
urn:ioos:station:GOA_RUNOFF_DISCHARGE,urn:ioos:sensor:GOA_RUNOFF_DISCHARGE:q,58.069320239858385,-154.46915010358515,2002-11-16T00:00:00Z,2.920527383033289
urn:ioos:station:GOA_RUNOFF_DISCHARGE,urn:ioos:sensor:GOA_RUNOFF_DISCHARGE:q,58.069320239858385,-154.46915010358515,2002-11-17T00:00:00Z,2.8861140759488704
urn:ioos:station:GOA_RUNOFF_DISCHARGE,urn:ioos:sensor:GOA_RUNOFF_DISCHARGE:q,58.069320239858385,-154.46915010358515,2002-11-18T00:00:00Z,5.296258794065678
urn:ioos:station:GOA_RUNOFF_DISCHARGE,urn:ioos:sensor:GOA_RUNOFF_DISCHARGE:q,58.069320239858385,-154.46915010358515,2002-11-19T00:00:00Z,4.974295773797471
urn:ioos:station:GOA_RUNOFF_DISCHARGE,urn:ioos:sensor:GOA_RUNOFF_DISCHARGE:q,58.069320239858385,-154.46915010358515,2002-11-20T00:00:00Z,4.998544957291218
urn:ioos:station:GOA_RUNOFF_DISCHARGE,urn:ioos:sensor:GOA_RUNOFF_DISCHARGE:q,58.069320239858385,-154.46915010358515,2002-11-21T00:00:00Z,4.857756979575878
urn:ioos:station:GOA_RUNOFF_DISCHARGE,urn:ioos:sensor:GOA_RUNOFF_DISCHARGE:q,58.069320239858385,-154.46915010358515,2002-11-22T00:00:00Z,4.785008902865096
urn:ioos:station:GOA_RUNOFF_DISCHARGE,urn:ioos:sensor:GOA_RUNOFF_DISCHARGE:q,58.069320239858385,-154.46915010358515,2002-11-23T00:00:00Z,9.581950586809253
urn:ioos:station:GOA_RUNOFF_DISCHARGE,urn:ioos:sensor:GOA_RUNOFF_DISCHARGE:q,58.069320239858385,-154.46915010358515,2002-11-24T00:00:00Z,9.667612336464124
urn:ioos:station:GOA_RUNOFF_DISCHARGE,urn:ioos:sensor:GOA_RUNOFF_DISCHARGE:q,58.069320239858385,-154.46915010358515,2002-11-25T00:00:00Z,9.379321692086151
urn:ioos:station:GOA_RUNOFF_DISCHARGE,urn:ioos:sensor:GOA_RUNOFF_DISCHARGE:q,58.069320239858385,-154.46915010358515,2002-11-26T00:00:00Z,10.670577425832263
urn:ioos:station:GOA_RUNOFF_DISCHARGE,urn:ioos:sensor:GOA_RUNOFF_DISCHARGE:q,58.069320239858385,-154.46915010358515,2002-11-27T00:00:00Z,7.754675863581982
urn:ioos:station:GOA_RUNOFF_DISCHARGE,urn:ioos:sensor:GOA_RUNOFF_DISCHARGE:q,58.069320239858385,-154.46915010358515,2002-11-28T00:00:00Z,5.721825886429737
urn:ioos:station:GOA_RUNOFF_DISCHARGE,urn:ioos:sensor:GOA_RUNOFF_DISCHARGE:q,58.069320239858385,-154.46915010358515,2002-11-29T00:00:00Z,10.548345880432628
urn:ioos:station:GOA_RUNOFF_DISCHARGE,urn:ioos:sensor:GOA_RUNOFF_DISCHARGE:q,58.069320239858385,-154.46915010358515,2002-11-30T00:00:00Z,7.976570021812952
urn:ioos:station:GOA_RUNOFF_DISCHARGE,urn:ioos:sensor:GOA_RUNOFF_DISCHARGE:q,58.069320239858385,-154.46915010358515,2002-12-01T00:00:00Z,5.919217218528042
urn:ioos:station:GOA_RUNOFF_DISCHARGE,urn:ioos:sensor:GOA_RUNOFF_DISCHARGE:q,58.069320239858385,-154.46915010358515,2002-12-02T00:00:00Z,7.745132690850073
urn:ioos:station:GOA_RUNOFF_DISCHARGE,urn:ioos:sensor:GOA_RUNOFF_DISCHARGE:q,58.069320239858385,-154.46915010358515,2002-12-03T00:00:00Z,9.703917964979142
urn:ioos:station:GOA_RUNOFF_DISCHARGE,urn:ioos:sensor:GOA_RUNOFF_DISCHARGE:q,58.069320239858385,-154.46915010358515,2002-12-04T00:00:00Z,7.15654863248607
urn:ioos:station:GOA_RUNOFF_DISCHARGE,urn:ioos:sensor:GOA_RUNOFF_DISCHARGE:q,58.069320239858385,-154.46915010358515,2002-12-05T00:00:00Z,5.819009958121437
urn:ioos:station:GOA_RUNOFF_DISCHARGE,urn:ioos:sensor:GOA_RUNOFF_DISCHARGE:q,58.069320239858385,-154.46915010358515,2002-12-06T00:00:00Z,4.656140550490283
urn:ioos:station:GOA_RUNOFF_DISCHARGE,urn:ioos:sensor:GOA_RUNOFF_DISCHARGE:q,58.069320239858385,-154.46915010358515,2002-12-07T00:00:00Z,4.131712819115867
urn:ioos:station:GOA_RUNOFF_DISCHARGE,urn:ioos:sensor:GOA_RUNOFF_DISCHARGE:q,58.069320239858385,-154.46915010358515,2002-12-08T00:00:00Z,5.029120998560303
urn:ioos:station:GOA_RUNOFF_DISCHARGE,urn:ioos:sensor:GOA_RUNOFF_DISCHARGE:q,58.069320239858385,-154.46915010358515,2002-12-09T00:00:00Z,5.970056254515344
urn:ioos:station:GOA_RUNOFF_DISCHARGE,urn:ioos:sensor:GOA_RUNOFF_DISCHARGE:q,58.069320239858385,-154.46915010358515,2002-12-10T00:00:00Z,4.314002678952029
urn:ioos:station:GOA_RUNOFF_DISCHARGE,urn:ioos:sensor:GOA_RUNOFF_DISCHARGE:q,58.069320239858385,-154.46915010358515,2002-12-11T00:00:00Z,2.815466181337512
urn:ioos:station:GOA_RUNOFF_DISCHARGE,urn:ioos:sensor:GOA_RUNOFF_DISCHARGE:q,58.069320239858385,-154.46915010358515,2002-12-12T00:00:00Z,1.8286498925761352
urn:ioos:station:GOA_RUNOFF_DISCHARGE,urn:ioos:sensor:GOA_RUNOFF_DISCHARGE:q,58.069320239858385,-154.46915010358515,2002-12-13T00:00:00Z,1.1872227845740824
urn:ioos:station:GOA_RUNOFF_DISCHARGE,urn:ioos:sensor:GOA_RUNOFF_DISCHARGE:q,58.069320239858385,-154.46915010358515,2002-12-14T00:00:00Z,0.7707588712666933
urn:ioos:station:GOA_RUNOFF_DISCHARGE,urn:ioos:sensor:GOA_RUNOFF_DISCHARGE:q,58.069320239858385,-154.46915010358515,2002-12-15T00:00:00Z,0.5003840076272097
urn:ioos:station:GOA_RUNOFF_DISCHARGE,urn:ioos:sensor:GOA_RUNOFF_DISCHARGE:q,58.069320239858385,-154.46915010358515,2002-12-16T00:00:00Z,0.32485396092150925
urn:ioos:station:GOA_RUNOFF_DISCHARGE,urn:ioos:sensor:GOA_RUNOFF_DISCHARGE:q,58.069320239858385,-154.46915010358515,2002-12-17T00:00:00Z,0.21089826307154375
urn:ioos:station:GOA_RUNOFF_DISCHARGE,urn:ioos:sensor:GOA_RUNOFF_DISCHARGE:q,58.069320239858385,-154.46915010358515,2002-12-18T00:00:00Z,0.13691712365506373
urn:ioos:station:GOA_RUNOFF_DISCHARGE,urn:ioos:sensor:GOA_RUNOFF_DISCHARGE:q,58.069320239858385,-154.46915010358515,2002-12-19T00:00:00Z,0.0888878820813233
urn:ioos:station:GOA_RUNOFF_DISCHARGE,urn:ioos:sensor:GOA_RUNOFF_DISCHARGE:q,58.069320239858385,-154.46915010358515,2002-12-20T00:00:00Z,2.817758174104748
urn:ioos:station:GOA_RUNOFF_DISCHARGE,urn:ioos:sensor:GOA_RUNOFF_DISCHARGE:q,58.069320239858385,-154.46915010358515,2002-12-21T00:00:00Z,3.431857261124153
urn:ioos:station:GOA_RUNOFF_DISCHARGE,urn:ioos:sensor:GOA_RUNOFF_DISCHARGE:q,58.069320239858385,-154.46915010358515,2002-12-22T00:00:00Z,4.492614194294338
urn:ioos:station:GOA_RUNOFF_DISCHARGE,urn:ioos:sensor:GOA_RUNOFF_DISCHARGE:q,58.069320239858385,-154.46915010358515,2002-12-23T00:00:00Z,3.005894181030248
urn:ioos:station:GOA_RUNOFF_DISCHARGE,urn:ioos:sensor:GOA_RUNOFF_DISCHARGE:q,58.069320239858385,-154.46915010358515,2002-12-24T00:00:00Z,1.9561684661774514
urn:ioos:station:GOA_RUNOFF_DISCHARGE,urn:ioos:sensor:GOA_RUNOFF_DISCHARGE:q,58.069320239858385,-154.46915010358515,2002-12-25T00:00:00Z,1.2702274697174238
urn:ioos:station:GOA_RUNOFF_DISCHARGE,urn:ioos:sensor:GOA_RUNOFF_DISCHARGE:q,58.069320239858385,-154.46915010358515,2002-12-26T00:00:00Z,0.8246585240450287
urn:ioos:station:GOA_RUNOFF_DISCHARGE,urn:ioos:sensor:GOA_RUNOFF_DISCHARGE:q,58.069320239858385,-154.46915010358515,2002-12-27T00:00:00Z,0.5353768249940111
urn:ioos:station:GOA_RUNOFF_DISCHARGE,urn:ioos:sensor:GOA_RUNOFF_DISCHARGE:q,58.069320239858385,-154.46915010358515,2002-12-28T00:00:00Z,0.3475717177819647
urn:ioos:station:GOA_RUNOFF_DISCHARGE,urn:ioos:sensor:GOA_RUNOFF_DISCHARGE:q,58.069320239858385,-154.46915010358515,2002-12-29T00:00:00Z,0.22564683264753627
urn:ioos:station:GOA_RUNOFF_DISCHARGE,urn:ioos:sensor:GOA_RUNOFF_DISCHARGE:q,58.069320239858385,-154.46915010358515,2002-12-30T00:00:00Z,0.1464920428285205
urn:ioos:station:GOA_RUNOFF_DISCHARGE,urn:ioos:sensor:GOA_RUNOFF_DISCHARGE:q,58.069320239858385,-154.46915010358515,2002-12-31T00:00:00Z,0.09510400964989489
urn:ioos:station:GOA_RUNOFF_DISCHARGE,urn:ioos:sensor:GOA_RUNOFF_DISCHARGE:q,58.069320239858385,-154.46915010358515,2003-01-01T00:00:00Z,0.06174240930432698
urn:ioos:station:GOA_RUNOFF_DISCHARGE,urn:ioos:sensor:GOA_RUNOFF_DISCHARGE:q,58.069320239858385,-154.46915010358515,2003-01-02T00:00:00Z,3.017716453905631
urn:ioos:station:GOA_RUNOFF_DISCHARGE,urn:ioos:sensor:GOA_RUNOFF_DISCHARGE:q,58.069320239858385,-154.46915010358515,2003-01-03T00:00:00Z,5.811212288778099
urn:ioos:station:GOA_RUNOFF_DISCHARGE,urn:ioos:sensor:GOA_RUNOFF_DISCHARGE:q,58.069320239858385,-154.46915010358515,2003-01-04T00:00:00Z,3.923343286326463
urn:ioos:station:GOA_RUNOFF_DISCHARGE,urn:ioos:sensor:GOA_RUNOFF_DISCHARGE:q,58.069320239858385,-154.46915010358515,2003-01-05T00:00:00Z,2.555527995301759
urn:ioos:station:GOA_RUNOFF_DISCHARGE,urn:ioos:sensor:GOA_RUNOFF_DISCHARGE:q,58.069320239858385,-154.46915010358515,2003-01-06T00:00:00Z,1.6595476081603209
urn:ioos:station:GOA_RUNOFF_DISCHARGE,urn:ioos:sensor:GOA_RUNOFF_DISCHARGE:q,58.069320239858385,-154.46915010358515,2003-01-07T00:00:00Z,1.0774205178257474
urn:ioos:station:GOA_RUNOFF_DISCHARGE,urn:ioos:sensor:GOA_RUNOFF_DISCHARGE:q,58.069320239858385,-154.46915010358515,2003-01-08T00:00:00Z,6.078304828542921
urn:ioos:station:GOA_RUNOFF_DISCHARGE,urn:ioos:sensor:GOA_RUNOFF_DISCHARGE:q,58.069320239858385,-154.46915010358515,2003-01-09T00:00:00Z,12.063494392207659
urn:ioos:station:GOA_RUNOFF_DISCHARGE,urn:ioos:sensor:GOA_RUNOFF_DISCHARGE:q,58.069320239858385,-154.46915010358515,2003-01-10T00:00:00Z,14.870169119713042
urn:ioos:station:GOA_RUNOFF_DISCHARGE,urn:ioos:sensor:GOA_RUNOFF_DISCHARGE:q,58.069320239858385,-154.46915010358515,2003-01-11T00:00:00Z,11.699030969263967
urn:ioos:station:GOA_RUNOFF_DISCHARGE,urn:ioos:sensor:GOA_RUNOFF_DISCHARGE:q,58.069320239858385,-154.46915010358515,2003-01-12T00:00:00Z,8.808151621703638
urn:ioos:station:GOA_RUNOFF_DISCHARGE,urn:ioos:sensor:GOA_RUNOFF_DISCHARGE:q,58.069320239858385,-154.46915010358515,2003-01-13T00:00:00Z,7.369385327851773
urn:ioos:station:GOA_RUNOFF_DISCHARGE,urn:ioos:sensor:GOA_RUNOFF_DISCHARGE:q,58.069320239858385,-154.46915010358515,2003-01-14T00:00:00Z,6.76137655842888
urn:ioos:station:GOA_RUNOFF_DISCHARGE,urn:ioos:sensor:GOA_RUNOFF_DISCHARGE:q,58.069320239858385,-154.46915010358515,2003-01-15T00:00:00Z,7.842177837942863
urn:ioos:station:GOA_RUNOFF_DISCHARGE,urn:ioos:sensor:GOA_RUNOFF_DISCHARGE:q,58.069320239858385,-154.46915010358515,2003-01-16T00:00:00Z,7.497180171962284
urn:ioos:station:GOA_RUNOFF_DISCHARGE,urn:ioos:sensor:GOA_RUNOFF_DISCHARGE:q,58.069320239858385,-154.46915010358515,2003-01-17T00:00:00Z,7.832424173394424
urn:ioos:station:GOA_RUNOFF_DISCHARGE,urn:ioos:sensor:GOA_RUNOFF_DISCHARGE:q,58.069320239858385,-154.46915010358515,2003-01-18T00:00:00Z,6.643009116551187
urn:ioos:station:GOA_RUNOFF_DISCHARGE,urn:ioos:sensor:GOA_RUNOFF_DISCHARGE:q,58.069320239858385,-154.46915010358515,2003-01-19T00:00:00Z,6.510289290163424
urn:ioos:station:GOA_RUNOFF_DISCHARGE,urn:ioos:sensor:GOA_RUNOFF_DISCHARGE:q,58.069320239858385,-154.46915010358515,2003-01-20T00:00:00Z,4.740291495132014
urn:ioos:station:GOA_RUNOFF_DISCHARGE,urn:ioos:sensor:GOA_RUNOFF_DISCHARGE:q,58.069320239858385,-154.46915010358515,2003-01-21T00:00:00Z,3.4545124953372297
urn:ioos:station:GOA_RUNOFF_DISCHARGE,urn:ioos:sensor:GOA_RUNOFF_DISCHARGE:q,58.069320239858385,-154.46915010358515,2003-01-22T00:00:00Z,2.7278450159855208
urn:ioos:station:GOA_RUNOFF_DISCHARGE,urn:ioos:sensor:GOA_RUNOFF_DISCHARGE:q,58.069320239858385,-154.46915010358515,2003-01-23T00:00:00Z,2.3851772312991537
urn:ioos:station:GOA_RUNOFF_DISCHARGE,urn:ioos:sensor:GOA_RUNOFF_DISCHARGE:q,58.069320239858385,-154.46915010358515,2003-01-24T00:00:00Z,2.1454509957161108
urn:ioos:station:GOA_RUNOFF_DISCHARGE,urn:ioos:sensor:GOA_RUNOFF_DISCHARGE:q,58.069320239858385,-154.46915010358515,2003-01-25T00:00:00Z,3.6911692340057303
urn:ioos:station:GOA_RUNOFF_DISCHARGE,urn:ioos:sensor:GOA_RUNOFF_DISCHARGE:q,58.069320239858385,-154.46915010358515,2003-01-26T00:00:00Z,3.27104309198419
urn:ioos:station:GOA_RUNOFF_DISCHARGE,urn:ioos:sensor:GOA_RUNOFF_DISCHARGE:q,58.069320239858385,-154.46915010358515,2003-01-27T00:00:00Z,3.142307349453792
urn:ioos:station:GOA_RUNOFF_DISCHARGE,urn:ioos:sensor:GOA_RUNOFF_DISCHARGE:q,58.069320239858385,-154.46915010358515,2003-01-28T00:00:00Z,4.750821874483447
urn:ioos:station:GOA_RUNOFF_DISCHARGE,urn:ioos:sensor:GOA_RUNOFF_DISCHARGE:q,58.069320239858385,-154.46915010358515,2003-01-29T00:00:00Z,4.894856162239214
urn:ioos:station:GOA_RUNOFF_DISCHARGE,urn:ioos:sensor:GOA_RUNOFF_DISCHARGE:q,58.069320239858385,-154.46915010358515,2003-01-30T00:00:00Z,5.077460970455858
urn:ioos:station:GOA_RUNOFF_DISCHARGE,urn:ioos:sensor:GOA_RUNOFF_DISCHARGE:q,58.069320239858385,-154.46915010358515,2003-01-31T00:00:00Z,3.5787608154539887
urn:ioos:station:GOA_RUNOFF_DISCHARGE,urn:ioos:sensor:GOA_RUNOFF_DISCHARGE:q,58.069320239858385,-154.46915010358515,2003-02-01T00:00:00Z,3.0403445872973296
urn:ioos:station:GOA_RUNOFF_DISCHARGE,urn:ioos:sensor:GOA_RUNOFF_DISCHARGE:q,58.069320239858385,-154.46915010358515,2003-02-02T00:00:00Z,2.2329834913903888
urn:ioos:station:GOA_RUNOFF_DISCHARGE,urn:ioos:sensor:GOA_RUNOFF_DISCHARGE:q,58.069320239858385,-154.46915010358515,2003-02-03T00:00:00Z,3.8596684593671875
urn:ioos:station:GOA_RUNOFF_DISCHARGE,urn:ioos:sensor:GOA_RUNOFF_DISCHARGE:q,58.069320239858385,-154.46915010358515,2003-02-04T00:00:00Z,6.4567449081041755
urn:ioos:station:GOA_RUNOFF_DISCHARGE,urn:ioos:sensor:GOA_RUNOFF_DISCHARGE:q,58.069320239858385,-154.46915010358515,2003-02-05T00:00:00Z,7.111962255908777
urn:ioos:station:GOA_RUNOFF_DISCHARGE,urn:ioos:sensor:GOA_RUNOFF_DISCHARGE:q,58.069320239858385,-154.46915010358515,2003-02-06T00:00:00Z,5.90472801433723
urn:ioos:station:GOA_RUNOFF_DISCHARGE,urn:ioos:sensor:GOA_RUNOFF_DISCHARGE:q,58.069320239858385,-154.46915010358515,2003-02-07T00:00:00Z,7.2049654338946585
urn:ioos:station:GOA_RUNOFF_DISCHARGE,urn:ioos:sensor:GOA_RUNOFF_DISCHARGE:q,58.069320239858385,-154.46915010358515,2003-02-08T00:00:00Z,10.398803021838281
urn:ioos:station:GOA_RUNOFF_DISCHARGE,urn:ioos:sensor:GOA_RUNOFF_DISCHARGE:q,58.069320239858385,-154.46915010358515,2003-02-09T00:00:00Z,8.455084225706857
urn:ioos:station:GOA_RUNOFF_DISCHARGE,urn:ioos:sensor:GOA_RUNOFF_DISCHARGE:q,58.069320239858385,-154.46915010358515,2003-02-10T00:00:00Z,7.523975780206498
urn:ioos:station:GOA_RUNOFF_DISCHARGE,urn:ioos:sensor:GOA_RUNOFF_DISCHARGE:q,58.069320239858385,-154.46915010358515,2003-02-11T00:00:00Z,5.9414656773056755
urn:ioos:station:GOA_RUNOFF_DISCHARGE,urn:ioos:sensor:GOA_RUNOFF_DISCHARGE:q,58.069320239858385,-154.46915010358515,2003-02-12T00:00:00Z,4.80578286646794
urn:ioos:station:GOA_RUNOFF_DISCHARGE,urn:ioos:sensor:GOA_RUNOFF_DISCHARGE:q,58.069320239858385,-154.46915010358515,2003-02-13T00:00:00Z,3.526624623647322
urn:ioos:station:GOA_RUNOFF_DISCHARGE,urn:ioos:sensor:GOA_RUNOFF_DISCHARGE:q,58.069320239858385,-154.46915010358515,2003-02-14T00:00:00Z,2.470588232577584
urn:ioos:station:GOA_RUNOFF_DISCHARGE,urn:ioos:sensor:GOA_RUNOFF_DISCHARGE:q,58.069320239858385,-154.46915010358515,2003-02-15T00:00:00Z,1.7644623864862246
urn:ioos:station:GOA_RUNOFF_DISCHARGE,urn:ioos:sensor:GOA_RUNOFF_DISCHARGE:q,58.069320239858385,-154.46915010358515,2003-02-16T00:00:00Z,1.1458546963141418
urn:ioos:station:GOA_RUNOFF_DISCHARGE,urn:ioos:sensor:GOA_RUNOFF_DISCHARGE:q,58.069320239858385,-154.46915010358515,2003-02-17T00:00:00Z,0.7825974572578573
urn:ioos:station:GOA_RUNOFF_DISCHARGE,urn:ioos:sensor:GOA_RUNOFF_DISCHARGE:q,58.069320239858385,-154.46915010358515,2003-02-18T00:00:00Z,0.8936462302322032
urn:ioos:station:GOA_RUNOFF_DISCHARGE,urn:ioos:sensor:GOA_RUNOFF_DISCHARGE:q,58.069320239858385,-154.46915010358515,2003-02-19T00:00:00Z,0.8223423904975842
urn:ioos:station:GOA_RUNOFF_DISCHARGE,urn:ioos:sensor:GOA_RUNOFF_DISCHARGE:q,58.069320239858385,-154.46915010358515,2003-02-20T00:00:00Z,1.0697404607848955
urn:ioos:station:GOA_RUNOFF_DISCHARGE,urn:ioos:sensor:GOA_RUNOFF_DISCHARGE:q,58.069320239858385,-154.46915010358515,2003-02-21T00:00:00Z,1.4455972795277912
urn:ioos:station:GOA_RUNOFF_DISCHARGE,urn:ioos:sensor:GOA_RUNOFF_DISCHARGE:q,58.069320239858385,-154.46915010358515,2003-02-22T00:00:00Z,1.3480932602749667
urn:ioos:station:GOA_RUNOFF_DISCHARGE,urn:ioos:sensor:GOA_RUNOFF_DISCHARGE:q,58.069320239858385,-154.46915010358515,2003-02-23T00:00:00Z,4.188819248940338
urn:ioos:station:GOA_RUNOFF_DISCHARGE,urn:ioos:sensor:GOA_RUNOFF_DISCHARGE:q,58.069320239858385,-154.46915010358515,2003-02-24T00:00:00Z,4.410767608814065
urn:ioos:station:GOA_RUNOFF_DISCHARGE,urn:ioos:sensor:GOA_RUNOFF_DISCHARGE:q,58.069320239858385,-154.46915010358515,2003-02-25T00:00:00Z,3.2325170379195547
urn:ioos:station:GOA_RUNOFF_DISCHARGE,urn:ioos:sensor:GOA_RUNOFF_DISCHARGE:q,58.069320239858385,-154.46915010358515,2003-02-26T00:00:00Z,4.0115233074513394
urn:ioos:station:GOA_RUNOFF_DISCHARGE,urn:ioos:sensor:GOA_RUNOFF_DISCHARGE:q,58.069320239858385,-154.46915010358515,2003-02-27T00:00:00Z,2.9213525109540845
urn:ioos:station:GOA_RUNOFF_DISCHARGE,urn:ioos:sensor:GOA_RUNOFF_DISCHARGE:q,58.069320239858385,-154.46915010358515,2003-02-28T00:00:00Z,3.3208830811872896
urn:ioos:station:GOA_RUNOFF_DISCHARGE,urn:ioos:sensor:GOA_RUNOFF_DISCHARGE:q,58.069320239858385,-154.46915010358515,2003-03-01T00:00:00Z,2.4102181271378225
urn:ioos:station:GOA_RUNOFF_DISCHARGE,urn:ioos:sensor:GOA_RUNOFF_DISCHARGE:q,58.069320239858385,-154.46915010358515,2003-03-02T00:00:00Z,2.3701933713394965
urn:ioos:station:GOA_RUNOFF_DISCHARGE,urn:ioos:sensor:GOA_RUNOFF_DISCHARGE:q,58.069320239858385,-154.46915010358515,2003-03-03T00:00:00Z,1.7093482617052063
urn:ioos:station:GOA_RUNOFF_DISCHARGE,urn:ioos:sensor:GOA_RUNOFF_DISCHARGE:q,58.069320239858385,-154.46915010358515,2003-03-04T00:00:00Z,1.126784006179178
urn:ioos:station:GOA_RUNOFF_DISCHARGE,urn:ioos:sensor:GOA_RUNOFF_DISCHARGE:q,58.069320239858385,-154.46915010358515,2003-03-05T00:00:00Z,0.8028704503373609
urn:ioos:station:GOA_RUNOFF_DISCHARGE,urn:ioos:sensor:GOA_RUNOFF_DISCHARGE:q,58.069320239858385,-154.46915010358515,2003-03-06T00:00:00Z,0.5688011823235501
urn:ioos:station:GOA_RUNOFF_DISCHARGE,urn:ioos:sensor:GOA_RUNOFF_DISCHARGE:q,58.069320239858385,-154.46915010358515,2003-03-07T00:00:00Z,0.4026481513720857
urn:ioos:station:GOA_RUNOFF_DISCHARGE,urn:ioos:sensor:GOA_RUNOFF_DISCHARGE:q,58.069320239858385,-154.46915010358515,2003-03-08T00:00:00Z,0.4099175520346269
urn:ioos:station:GOA_RUNOFF_DISCHARGE,urn:ioos:sensor:GOA_RUNOFF_DISCHARGE:q,58.069320239858385,-154.46915010358515,2003-03-09T00:00:00Z,0.6389892838731771
urn:ioos:station:GOA_RUNOFF_DISCHARGE,urn:ioos:sensor:GOA_RUNOFF_DISCHARGE:q,58.069320239858385,-154.46915010358515,2003-03-10T00:00:00Z,0.5223237998895105
urn:ioos:station:GOA_RUNOFF_DISCHARGE,urn:ioos:sensor:GOA_RUNOFF_DISCHARGE:q,58.069320239858385,-154.46915010358515,2003-03-11T00:00:00Z,1.812354668599499
urn:ioos:station:GOA_RUNOFF_DISCHARGE,urn:ioos:sensor:GOA_RUNOFF_DISCHARGE:q,58.069320239858385,-154.46915010358515,2003-03-12T00:00:00Z,1.2168472712750678
urn:ioos:station:GOA_RUNOFF_DISCHARGE,urn:ioos:sensor:GOA_RUNOFF_DISCHARGE:q,58.069320239858385,-154.46915010358515,2003-03-13T00:00:00Z,0.7922480465948891
urn:ioos:station:GOA_RUNOFF_DISCHARGE,urn:ioos:sensor:GOA_RUNOFF_DISCHARGE:q,58.069320239858385,-154.46915010358515,2003-03-14T00:00:00Z,0.5144617003167069
urn:ioos:station:GOA_RUNOFF_DISCHARGE,urn:ioos:sensor:GOA_RUNOFF_DISCHARGE:q,58.069320239858385,-154.46915010358515,2003-03-15T00:00:00Z,2.8567278396727196
urn:ioos:station:GOA_RUNOFF_DISCHARGE,urn:ioos:sensor:GOA_RUNOFF_DISCHARGE:q,58.069320239858385,-154.46915010358515,2003-03-16T00:00:00Z,2.3714978943724385
urn:ioos:station:GOA_RUNOFF_DISCHARGE,urn:ioos:sensor:GOA_RUNOFF_DISCHARGE:q,58.069320239858385,-154.46915010358515,2003-03-17T00:00:00Z,2.037182951195506
urn:ioos:station:GOA_RUNOFF_DISCHARGE,urn:ioos:sensor:GOA_RUNOFF_DISCHARGE:q,58.069320239858385,-154.46915010358515,2003-03-18T00:00:00Z,1.3375285444459626
urn:ioos:station:GOA_RUNOFF_DISCHARGE,urn:ioos:sensor:GOA_RUNOFF_DISCHARGE:q,58.069320239858385,-154.46915010358515,2003-03-19T00:00:00Z,0.8690001381069126
urn:ioos:station:GOA_RUNOFF_DISCHARGE,urn:ioos:sensor:GOA_RUNOFF_DISCHARGE:q,58.069320239858385,-154.46915010358515,2003-03-20T00:00:00Z,0.5642002916650625
urn:ioos:station:GOA_RUNOFF_DISCHARGE,urn:ioos:sensor:GOA_RUNOFF_DISCHARGE:q,58.069320239858385,-154.46915010358515,2003-03-21T00:00:00Z,0.36628621629614494
urn:ioos:station:GOA_RUNOFF_DISCHARGE,urn:ioos:sensor:GOA_RUNOFF_DISCHARGE:q,58.069320239858385,-154.46915010358515,2003-03-22T00:00:00Z,0.237796551855008
urn:ioos:station:GOA_RUNOFF_DISCHARGE,urn:ioos:sensor:GOA_RUNOFF_DISCHARGE:q,58.069320239858385,-154.46915010358515,2003-03-23T00:00:00Z,0.15437977964679042
urn:ioos:station:GOA_RUNOFF_DISCHARGE,urn:ioos:sensor:GOA_RUNOFF_DISCHARGE:q,58.069320239858385,-154.46915010358515,2003-03-24T00:00:00Z,0.44480538660793406
urn:ioos:station:GOA_RUNOFF_DISCHARGE,urn:ioos:sensor:GOA_RUNOFF_DISCHARGE:q,58.069320239858385,-154.46915010358515,2003-03-25T00:00:00Z,0.9683366859587049
urn:ioos:station:GOA_RUNOFF_DISCHARGE,urn:ioos:sensor:GOA_RUNOFF_DISCHARGE:q,58.069320239858385,-154.46915010358515,2003-03-26T00:00:00Z,1.161273879661859
urn:ioos:station:GOA_RUNOFF_DISCHARGE,urn:ioos:sensor:GOA_RUNOFF_DISCHARGE:q,58.069320239858385,-154.46915010358515,2003-03-27T00:00:00Z,0.7691894574383874
urn:ioos:station:GOA_RUNOFF_DISCHARGE,urn:ioos:sensor:GOA_RUNOFF_DISCHARGE:q,58.069320239858385,-154.46915010358515,2003-03-28T00:00:00Z,0.5487170727600355
urn:ioos:station:GOA_RUNOFF_DISCHARGE,urn:ioos:sensor:GOA_RUNOFF_DISCHARGE:q,58.069320239858385,-154.46915010358515,2003-03-29T00:00:00Z,0.3542961419757723
urn:ioos:station:GOA_RUNOFF_DISCHARGE,urn:ioos:sensor:GOA_RUNOFF_DISCHARGE:q,58.069320239858385,-154.46915010358515,2003-03-30T00:00:00Z,0.2299036842987102
urn:ioos:station:GOA_RUNOFF_DISCHARGE,urn:ioos:sensor:GOA_RUNOFF_DISCHARGE:q,58.069320239858385,-154.46915010358515,2003-03-31T00:00:00Z,0.1637355159939492
urn:ioos:station:GOA_RUNOFF_DISCHARGE,urn:ioos:sensor:GOA_RUNOFF_DISCHARGE:q,58.069320239858385,-154.46915010358515,2003-04-01T00:00:00Z,0.11599220617488905
urn:ioos:station:GOA_RUNOFF_DISCHARGE,urn:ioos:sensor:GOA_RUNOFF_DISCHARGE:q,58.069320239858385,-154.46915010358515,2003-04-02T00:00:00Z,0.5648055214162777
urn:ioos:station:GOA_RUNOFF_DISCHARGE,urn:ioos:sensor:GOA_RUNOFF_DISCHARGE:q,58.069320239858385,-154.46915010358515,2003-04-03T00:00:00Z,0.4160269125626658
urn:ioos:station:GOA_RUNOFF_DISCHARGE,urn:ioos:sensor:GOA_RUNOFF_DISCHARGE:q,58.069320239858385,-154.46915010358515,2003-04-04T00:00:00Z,0.2960857483522968
urn:ioos:station:GOA_RUNOFF_DISCHARGE,urn:ioos:sensor:GOA_RUNOFF_DISCHARGE:q,58.069320239858385,-154.46915010358515,2003-04-05T00:00:00Z,0.21130776832273274
urn:ioos:station:GOA_RUNOFF_DISCHARGE,urn:ioos:sensor:GOA_RUNOFF_DISCHARGE:q,58.069320239858385,-154.46915010358515,2003-04-06T00:00:00Z,0.2868512092463742
urn:ioos:station:GOA_RUNOFF_DISCHARGE,urn:ioos:sensor:GOA_RUNOFF_DISCHARGE:q,58.069320239858385,-154.46915010358515,2003-04-07T00:00:00Z,0.20852763187722587
urn:ioos:station:GOA_RUNOFF_DISCHARGE,urn:ioos:sensor:GOA_RUNOFF_DISCHARGE:q,58.069320239858385,-154.46915010358515,2003-04-08T00:00:00Z,0.1481437129120046
urn:ioos:station:GOA_RUNOFF_DISCHARGE,urn:ioos:sensor:GOA_RUNOFF_DISCHARGE:q,58.069320239858385,-154.46915010358515,2003-04-09T00:00:00Z,0.10491027248545619
urn:ioos:station:GOA_RUNOFF_DISCHARGE,urn:ioos:sensor:GOA_RUNOFF_DISCHARGE:q,58.069320239858385,-154.46915010358515,2003-04-10T00:00:00Z,0.15727672260579803
urn:ioos:station:GOA_RUNOFF_DISCHARGE,urn:ioos:sensor:GOA_RUNOFF_DISCHARGE:q,58.069320239858385,-154.46915010358515,2003-04-11T00:00:00Z,0.9064078228388494
urn:ioos:station:GOA_RUNOFF_DISCHARGE,urn:ioos:sensor:GOA_RUNOFF_DISCHARGE:q,58.069320239858385,-154.46915010358515,2003-04-12T00:00:00Z,0.679369770841438
urn:ioos:station:GOA_RUNOFF_DISCHARGE,urn:ioos:sensor:GOA_RUNOFF_DISCHARGE:q,58.069320239858385,-154.46915010358515,2003-04-13T00:00:00Z,0.5539188846653686
urn:ioos:station:GOA_RUNOFF_DISCHARGE,urn:ioos:sensor:GOA_RUNOFF_DISCHARGE:q,58.069320239858385,-154.46915010358515,2003-04-14T00:00:00Z,0.39571612962422587
urn:ioos:station:GOA_RUNOFF_DISCHARGE,urn:ioos:sensor:GOA_RUNOFF_DISCHARGE:q,58.069320239858385,-154.46915010358515,2003-04-15T00:00:00Z,0.7189405878816794
urn:ioos:station:GOA_RUNOFF_DISCHARGE,urn:ioos:sensor:GOA_RUNOFF_DISCHARGE:q,58.069320239858385,-154.46915010358515,2003-04-16T00:00:00Z,0.5296423043461264
urn:ioos:station:GOA_RUNOFF_DISCHARGE,urn:ioos:sensor:GOA_RUNOFF_DISCHARGE:q,58.069320239858385,-154.46915010358515,2003-04-17T00:00:00Z,0.37695348110701454
urn:ioos:station:GOA_RUNOFF_DISCHARGE,urn:ioos:sensor:GOA_RUNOFF_DISCHARGE:q,58.069320239858385,-154.46915010358515,2003-04-18T00:00:00Z,0.4092686452314818
urn:ioos:station:GOA_RUNOFF_DISCHARGE,urn:ioos:sensor:GOA_RUNOFF_DISCHARGE:q,58.069320239858385,-154.46915010358515,2003-04-19T00:00:00Z,0.296428652677162
urn:ioos:station:GOA_RUNOFF_DISCHARGE,urn:ioos:sensor:GOA_RUNOFF_DISCHARGE:q,58.069320239858385,-154.46915010358515,2003-04-20T00:00:00Z,0.6218613016473958
urn:ioos:station:GOA_RUNOFF_DISCHARGE,urn:ioos:sensor:GOA_RUNOFF_DISCHARGE:q,58.069320239858385,-154.46915010358515,2003-04-21T00:00:00Z,1.2219944539761423
urn:ioos:station:GOA_RUNOFF_DISCHARGE,urn:ioos:sensor:GOA_RUNOFF_DISCHARGE:q,58.069320239858385,-154.46915010358515,2003-04-22T00:00:00Z,0.9029339843004922
urn:ioos:station:GOA_RUNOFF_DISCHARGE,urn:ioos:sensor:GOA_RUNOFF_DISCHARGE:q,58.069320239858385,-154.46915010358515,2003-04-23T00:00:00Z,0.6428884474383093
urn:ioos:station:GOA_RUNOFF_DISCHARGE,urn:ioos:sensor:GOA_RUNOFF_DISCHARGE:q,58.069320239858385,-154.46915010358515,2003-04-24T00:00:00Z,0.45541262836174645
urn:ioos:station:GOA_RUNOFF_DISCHARGE,urn:ioos:sensor:GOA_RUNOFF_DISCHARGE:q,58.069320239858385,-154.46915010358515,2003-04-25T00:00:00Z,1.735213101448203
urn:ioos:station:GOA_RUNOFF_DISCHARGE,urn:ioos:sensor:GOA_RUNOFF_DISCHARGE:q,58.069320239858385,-154.46915010358515,2003-04-26T00:00:00Z,1.2950145913597892
urn:ioos:station:GOA_RUNOFF_DISCHARGE,urn:ioos:sensor:GOA_RUNOFF_DISCHARGE:q,58.069320239858385,-154.46915010358515,2003-04-27T00:00:00Z,0.9232801232862399
urn:ioos:station:GOA_RUNOFF_DISCHARGE,urn:ioos:sensor:GOA_RUNOFF_DISCHARGE:q,58.069320239858385,-154.46915010358515,2003-04-28T00:00:00Z,0.6541600210986968
urn:ioos:station:GOA_RUNOFF_DISCHARGE,urn:ioos:sensor:GOA_RUNOFF_DISCHARGE:q,58.069320239858385,-154.46915010358515,2003-04-29T00:00:00Z,0.4630781154221728
urn:ioos:station:GOA_RUNOFF_DISCHARGE,urn:ioos:sensor:GOA_RUNOFF_DISCHARGE:q,58.069320239858385,-154.46915010358515,2003-04-30T00:00:00Z,0.32777131171991636
urn:ioos:station:GOA_RUNOFF_DISCHARGE,urn:ioos:sensor:GOA_RUNOFF_DISCHARGE:q,58.069320239858385,-154.46915010358515,2003-05-01T00:00:00Z,0.23199574272958973
urn:ioos:station:GOA_RUNOFF_DISCHARGE,urn:ioos:sensor:GOA_RUNOFF_DISCHARGE:q,58.069320239858385,-154.46915010358515,2003-05-02T00:00:00Z,0.21270043480384646
urn:ioos:station:GOA_RUNOFF_DISCHARGE,urn:ioos:sensor:GOA_RUNOFF_DISCHARGE:q,58.069320239858385,-154.46915010358515,2003-05-03T00:00:00Z,0.15284249870985162
urn:ioos:station:GOA_RUNOFF_DISCHARGE,urn:ioos:sensor:GOA_RUNOFF_DISCHARGE:q,58.069320239858385,-154.46915010358515,2003-05-04T00:00:00Z,0.10841033205517708
urn:ioos:station:GOA_RUNOFF_DISCHARGE,urn:ioos:sensor:GOA_RUNOFF_DISCHARGE:q,58.069320239858385,-154.46915010358515,2003-05-05T00:00:00Z,0.07675523244459824
urn:ioos:station:GOA_RUNOFF_DISCHARGE,urn:ioos:sensor:GOA_RUNOFF_DISCHARGE:q,58.069320239858385,-154.46915010358515,2003-05-06T00:00:00Z,0.28558878457673814
urn:ioos:station:GOA_RUNOFF_DISCHARGE,urn:ioos:sensor:GOA_RUNOFF_DISCHARGE:q,58.069320239858385,-154.46915010358515,2003-05-07T00:00:00Z,0.21307851428461452
urn:ioos:station:GOA_RUNOFF_DISCHARGE,urn:ioos:sensor:GOA_RUNOFF_DISCHARGE:q,58.069320239858385,-154.46915010358515,2003-05-08T00:00:00Z,0.15190849060802117
urn:ioos:station:GOA_RUNOFF_DISCHARGE,urn:ioos:sensor:GOA_RUNOFF_DISCHARGE:q,58.069320239858385,-154.46915010358515,2003-05-09T00:00:00Z,1.4224196309375647
urn:ioos:station:GOA_RUNOFF_DISCHARGE,urn:ioos:sensor:GOA_RUNOFF_DISCHARGE:q,58.069320239858385,-154.46915010358515,2003-05-10T00:00:00Z,1.0689898601228898
urn:ioos:station:GOA_RUNOFF_DISCHARGE,urn:ioos:sensor:GOA_RUNOFF_DISCHARGE:q,58.069320239858385,-154.46915010358515,2003-05-11T00:00:00Z,0.7628382615467638
urn:ioos:station:GOA_RUNOFF_DISCHARGE,urn:ioos:sensor:GOA_RUNOFF_DISCHARGE:q,58.069320239858385,-154.46915010358515,2003-05-12T00:00:00Z,0.5405538712215556
urn:ioos:station:GOA_RUNOFF_DISCHARGE,urn:ioos:sensor:GOA_RUNOFF_DISCHARGE:q,58.069320239858385,-154.46915010358515,2003-05-13T00:00:00Z,0.38266356497057397
urn:ioos:station:GOA_RUNOFF_DISCHARGE,urn:ioos:sensor:GOA_RUNOFF_DISCHARGE:q,58.069320239858385,-154.46915010358515,2003-05-14T00:00:00Z,0.2708537654114347
urn:ioos:station:GOA_RUNOFF_DISCHARGE,urn:ioos:sensor:GOA_RUNOFF_DISCHARGE:q,58.069320239858385,-154.46915010358515,2003-05-15T00:00:00Z,0.19170971396399655
urn:ioos:station:GOA_RUNOFF_DISCHARGE,urn:ioos:sensor:GOA_RUNOFF_DISCHARGE:q,58.069320239858385,-154.46915010358515,2003-05-16T00:00:00Z,0.13569134593957893
urn:ioos:station:GOA_RUNOFF_DISCHARGE,urn:ioos:sensor:GOA_RUNOFF_DISCHARGE:q,58.069320239858385,-154.46915010358515,2003-05-17T00:00:00Z,0.0960417506925341
urn:ioos:station:GOA_RUNOFF_DISCHARGE,urn:ioos:sensor:GOA_RUNOFF_DISCHARGE:q,58.069320239858385,-154.46915010358515,2003-05-18T00:00:00Z,0.06797791692022515
urn:ioos:station:GOA_RUNOFF_DISCHARGE,urn:ioos:sensor:GOA_RUNOFF_DISCHARGE:q,58.069320239858385,-154.46915010358515,2003-05-19T00:00:00Z,0.048114470203593454
urn:ioos:station:GOA_RUNOFF_DISCHARGE,urn:ioos:sensor:GOA_RUNOFF_DISCHARGE:q,58.069320239858385,-154.46915010358515,2003-05-20T00:00:00Z,0.03405520993713159
urn:ioos:station:GOA_RUNOFF_DISCHARGE,urn:ioos:sensor:GOA_RUNOFF_DISCHARGE:q,58.069320239858385,-154.46915010358515,2003-05-21T00:00:00Z,0.02410412503174649
urn:ioos:station:GOA_RUNOFF_DISCHARGE,urn:ioos:sensor:GOA_RUNOFF_DISCHARGE:q,58.069320239858385,-154.46915010358515,2003-05-22T00:00:00Z,0.017060793402391753
urn:ioos:station:GOA_RUNOFF_DISCHARGE,urn:ioos:sensor:GOA_RUNOFF_DISCHARGE:q,58.069320239858385,-154.46915010358515,2003-05-23T00:00:00Z,0.012075553731491408
urn:ioos:station:GOA_RUNOFF_DISCHARGE,urn:ioos:sensor:GOA_RUNOFF_DISCHARGE:q,58.069320239858385,-154.46915010358515,2003-05-24T00:00:00Z,0.008547023293559152
urn:ioos:station:GOA_RUNOFF_DISCHARGE,urn:ioos:sensor:GOA_RUNOFF_DISCHARGE:q,58.069320239858385,-154.46915010358515,2003-05-25T00:00:00Z,0.006049545084980389
urn:ioos:station:GOA_RUNOFF_DISCHARGE,urn:ioos:sensor:GOA_RUNOFF_DISCHARGE:q,58.069320239858385,-154.46915010358515,2003-05-26T00:00:00Z,0.004281840873738343
urn:ioos:station:GOA_RUNOFF_DISCHARGE,urn:ioos:sensor:GOA_RUNOFF_DISCHARGE:q,58.069320239858385,-154.46915010358515,2003-05-27T00:00:00Z,0.003030668214768357
urn:ioos:station:GOA_RUNOFF_DISCHARGE,urn:ioos:sensor:GOA_RUNOFF_DISCHARGE:q,58.069320239858385,-154.46915010358515,2003-05-28T00:00:00Z,0.002145093401159148
urn:ioos:station:GOA_RUNOFF_DISCHARGE,urn:ioos:sensor:GOA_RUNOFF_DISCHARGE:q,58.069320239858385,-154.46915010358515,2003-05-29T00:00:00Z,0.0015182875963796608
urn:ioos:station:GOA_RUNOFF_DISCHARGE,urn:ioos:sensor:GOA_RUNOFF_DISCHARGE:q,58.069320239858385,-154.46915010358515,2003-05-30T00:00:00Z,0.0010746372938928534
urn:ioos:station:GOA_RUNOFF_DISCHARGE,urn:ioos:sensor:GOA_RUNOFF_DISCHARGE:q,58.069320239858385,-154.46915010358515,2003-05-31T00:00:00Z,7.606234975897811E-4
urn:ioos:station:GOA_RUNOFF_DISCHARGE,urn:ioos:sensor:GOA_RUNOFF_DISCHARGE:q,58.069320239858385,-154.46915010358515,2003-06-01T00:00:00Z,5.383659670687101E-4
urn:ioos:station:GOA_RUNOFF_DISCHARGE,urn:ioos:sensor:GOA_RUNOFF_DISCHARGE:q,58.069320239858385,-154.46915010358515,2003-06-02T00:00:00Z,3.8105301170896617E-4
urn:ioos:station:GOA_RUNOFF_DISCHARGE,urn:ioos:sensor:GOA_RUNOFF_DISCHARGE:q,58.069320239858385,-154.46915010358515,2003-06-03T00:00:00Z,2.697076392690673E-4
urn:ioos:station:GOA_RUNOFF_DISCHARGE,urn:ioos:sensor:GOA_RUNOFF_DISCHARGE:q,58.069320239858385,-154.46915010358515,2003-06-04T00:00:00Z,1.9089787603707327E-4
urn:ioos:station:GOA_RUNOFF_DISCHARGE,urn:ioos:sensor:GOA_RUNOFF_DISCHARGE:q,58.069320239858385,-154.46915010358515,2003-06-05T00:00:00Z,0.13489789045930148
urn:ioos:station:GOA_RUNOFF_DISCHARGE,urn:ioos:sensor:GOA_RUNOFF_DISCHARGE:q,58.069320239858385,-154.46915010358515,2003-06-06T00:00:00Z,0.10185512354825148
urn:ioos:station:GOA_RUNOFF_DISCHARGE,urn:ioos:sensor:GOA_RUNOFF_DISCHARGE:q,58.069320239858385,-154.46915010358515,2003-06-07T00:00:00Z,0.07272920644832409
urn:ioos:station:GOA_RUNOFF_DISCHARGE,urn:ioos:sensor:GOA_RUNOFF_DISCHARGE:q,58.069320239858385,-154.46915010358515,2003-06-08T00:00:00Z,0.06486512529240401
urn:ioos:station:GOA_RUNOFF_DISCHARGE,urn:ioos:sensor:GOA_RUNOFF_DISCHARGE:q,58.069320239858385,-154.46915010358515,2003-06-09T00:00:00Z,2.028148905544828
urn:ioos:station:GOA_RUNOFF_DISCHARGE,urn:ioos:sensor:GOA_RUNOFF_DISCHARGE:q,58.069320239858385,-154.46915010358515,2003-06-10T00:00:00Z,1.5293186893064157
urn:ioos:station:GOA_RUNOFF_DISCHARGE,urn:ioos:sensor:GOA_RUNOFF_DISCHARGE:q,58.069320239858385,-154.46915010358515,2003-06-11T00:00:00Z,1.0918120406579517
urn:ioos:station:GOA_RUNOFF_DISCHARGE,urn:ioos:sensor:GOA_RUNOFF_DISCHARGE:q,58.069320239858385,-154.46915010358515,2003-06-12T00:00:00Z,0.7737150972724657
urn:ioos:station:GOA_RUNOFF_DISCHARGE,urn:ioos:sensor:GOA_RUNOFF_DISCHARGE:q,58.069320239858385,-154.46915010358515,2003-06-13T00:00:00Z,0.5477254918574496
urn:ioos:station:GOA_RUNOFF_DISCHARGE,urn:ioos:sensor:GOA_RUNOFF_DISCHARGE:q,58.069320239858385,-154.46915010358515,2003-06-14T00:00:00Z,0.3876870179507447
urn:ioos:station:GOA_RUNOFF_DISCHARGE,urn:ioos:sensor:GOA_RUNOFF_DISCHARGE:q,58.069320239858385,-154.46915010358515,2003-06-15T00:00:00Z,0.2744040881246886
urn:ioos:station:GOA_RUNOFF_DISCHARGE,urn:ioos:sensor:GOA_RUNOFF_DISCHARGE:q,58.069320239858385,-154.46915010358515,2003-06-16T00:00:00Z,0.19422209824100856
urn:ioos:station:GOA_RUNOFF_DISCHARGE,urn:ioos:sensor:GOA_RUNOFF_DISCHARGE:q,58.069320239858385,-154.46915010358515,2003-06-17T00:00:00Z,0.13746954133840508
urn:ioos:station:GOA_RUNOFF_DISCHARGE,urn:ioos:sensor:GOA_RUNOFF_DISCHARGE:q,58.069320239858385,-154.46915010358515,2003-06-18T00:00:00Z,0.0973003355309858
urn:ioos:station:GOA_RUNOFF_DISCHARGE,urn:ioos:sensor:GOA_RUNOFF_DISCHARGE:q,58.069320239858385,-154.46915010358515,2003-06-19T00:00:00Z,0.06886874542148898
urn:ioos:station:GOA_RUNOFF_DISCHARGE,urn:ioos:sensor:GOA_RUNOFF_DISCHARGE:q,58.069320239858385,-154.46915010358515,2003-06-20T00:00:00Z,0.048744991862138494
urn:ioos:station:GOA_RUNOFF_DISCHARGE,urn:ioos:sensor:GOA_RUNOFF_DISCHARGE:q,58.069320239858385,-154.46915010358515,2003-06-21T00:00:00Z,0.36273318021181855
urn:ioos:station:GOA_RUNOFF_DISCHARGE,urn:ioos:sensor:GOA_RUNOFF_DISCHARGE:q,58.069320239858385,-154.46915010358515,2003-06-22T00:00:00Z,0.27226807308243534
urn:ioos:station:GOA_RUNOFF_DISCHARGE,urn:ioos:sensor:GOA_RUNOFF_DISCHARGE:q,58.069320239858385,-154.46915010358515,2003-06-23T00:00:00Z,0.3921339206897024
urn:ioos:station:GOA_RUNOFF_DISCHARGE,urn:ioos:sensor:GOA_RUNOFF_DISCHARGE:q,58.069320239858385,-154.46915010358515,2003-06-24T00:00:00Z,1.6564570620641255
urn:ioos:station:GOA_RUNOFF_DISCHARGE,urn:ioos:sensor:GOA_RUNOFF_DISCHARGE:q,58.069320239858385,-154.46915010358515,2003-06-25T00:00:00Z,1.238162725075934
urn:ioos:station:GOA_RUNOFF_DISCHARGE,urn:ioos:sensor:GOA_RUNOFF_DISCHARGE:q,58.069320239858385,-154.46915010358515,2003-06-26T00:00:00Z,0.8829297629592198
urn:ioos:station:GOA_RUNOFF_DISCHARGE,urn:ioos:sensor:GOA_RUNOFF_DISCHARGE:q,58.069320239858385,-154.46915010358515,2003-06-27T00:00:00Z,0.6255892432755198
urn:ioos:station:GOA_RUNOFF_DISCHARGE,urn:ioos:sensor:GOA_RUNOFF_DISCHARGE:q,58.069320239858385,-154.46915010358515,2003-06-28T00:00:00Z,0.442854719476939
urn:ioos:station:GOA_RUNOFF_DISCHARGE,urn:ioos:sensor:GOA_RUNOFF_DISCHARGE:q,58.069320239858385,-154.46915010358515,2003-06-29T00:00:00Z,0.3134571446302867
urn:ioos:station:GOA_RUNOFF_DISCHARGE,urn:ioos:sensor:GOA_RUNOFF_DISCHARGE:q,58.069320239858385,-154.46915010358515,2003-06-30T00:00:00Z,0.2218642124811342
urn:ioos:station:GOA_RUNOFF_DISCHARGE,urn:ioos:sensor:GOA_RUNOFF_DISCHARGE:q,58.069320239858385,-154.46915010358515,2003-07-01T00:00:00Z,0.15703455834875005
urn:ioos:station:GOA_RUNOFF_DISCHARGE,urn:ioos:sensor:GOA_RUNOFF_DISCHARGE:q,58.069320239858385,-154.46915010358515,2003-07-02T00:00:00Z,0.11114838658205121
urn:ioos:station:GOA_RUNOFF_DISCHARGE,urn:ioos:sensor:GOA_RUNOFF_DISCHARGE:q,58.069320239858385,-154.46915010358515,2003-07-03T00:00:00Z,0.07867032974753445
urn:ioos:station:GOA_RUNOFF_DISCHARGE,urn:ioos:sensor:GOA_RUNOFF_DISCHARGE:q,58.069320239858385,-154.46915010358515,2003-07-04T00:00:00Z,0.0556825143531725
urn:ioos:station:GOA_RUNOFF_DISCHARGE,urn:ioos:sensor:GOA_RUNOFF_DISCHARGE:q,58.069320239858385,-154.46915010358515,2003-07-05T00:00:00Z,0.8950444879021935
urn:ioos:station:GOA_RUNOFF_DISCHARGE,urn:ioos:sensor:GOA_RUNOFF_DISCHARGE:q,58.069320239858385,-154.46915010358515,2003-07-06T00:00:00Z,0.673984535051607
urn:ioos:station:GOA_RUNOFF_DISCHARGE,urn:ioos:sensor:GOA_RUNOFF_DISCHARGE:q,58.069320239858385,-154.46915010358515,2003-07-07T00:00:00Z,0.48108506542869667
urn:ioos:station:GOA_RUNOFF_DISCHARGE,urn:ioos:sensor:GOA_RUNOFF_DISCHARGE:q,58.069320239858385,-154.46915010358515,2003-07-08T00:00:00Z,0.3409135327316713
urn:ioos:station:GOA_RUNOFF_DISCHARGE,urn:ioos:sensor:GOA_RUNOFF_DISCHARGE:q,58.069320239858385,-154.46915010358515,2003-07-09T00:00:00Z,0.2413373531024986
urn:ioos:station:GOA_RUNOFF_DISCHARGE,urn:ioos:sensor:GOA_RUNOFF_DISCHARGE:q,58.069320239858385,-154.46915010358515,2003-07-10T00:00:00Z,0.17082154210601214
urn:ioos:station:GOA_RUNOFF_DISCHARGE,urn:ioos:sensor:GOA_RUNOFF_DISCHARGE:q,58.069320239858385,-154.46915010358515,2003-07-11T00:00:00Z,3.3693759227646
urn:ioos:station:GOA_RUNOFF_DISCHARGE,urn:ioos:sensor:GOA_RUNOFF_DISCHARGE:q,58.069320239858385,-154.46915010358515,2003-07-12T00:00:00Z,3.873751414352098
urn:ioos:station:GOA_RUNOFF_DISCHARGE,urn:ioos:sensor:GOA_RUNOFF_DISCHARGE:q,58.069320239858385,-154.46915010358515,2003-07-13T00:00:00Z,2.8203340677095285
urn:ioos:station:GOA_RUNOFF_DISCHARGE,urn:ioos:sensor:GOA_RUNOFF_DISCHARGE:q,58.069320239858385,-154.46915010358515,2003-07-14T00:00:00Z,2.0040599589464136
urn:ioos:station:GOA_RUNOFF_DISCHARGE,urn:ioos:sensor:GOA_RUNOFF_DISCHARGE:q,58.069320239858385,-154.46915010358515,2003-07-15T00:00:00Z,1.4192475192624643
urn:ioos:station:GOA_RUNOFF_DISCHARGE,urn:ioos:sensor:GOA_RUNOFF_DISCHARGE:q,58.069320239858385,-154.46915010358515,2003-07-16T00:00:00Z,1.0046152794310386
urn:ioos:station:GOA_RUNOFF_DISCHARGE,urn:ioos:sensor:GOA_RUNOFF_DISCHARGE:q,58.069320239858385,-154.46915010358515,2003-07-17T00:00:00Z,0.7110700357468682
urn:ioos:station:GOA_RUNOFF_DISCHARGE,urn:ioos:sensor:GOA_RUNOFF_DISCHARGE:q,58.069320239858385,-154.46915010358515,2003-07-18T00:00:00Z,0.7544558196256299
urn:ioos:station:GOA_RUNOFF_DISCHARGE,urn:ioos:sensor:GOA_RUNOFF_DISCHARGE:q,58.069320239858385,-154.46915010358515,2003-07-19T00:00:00Z,0.5458818795487675
urn:ioos:station:GOA_RUNOFF_DISCHARGE,urn:ioos:sensor:GOA_RUNOFF_DISCHARGE:q,58.069320239858385,-154.46915010358515,2003-07-20T00:00:00Z,0.38755924284024196
urn:ioos:station:GOA_RUNOFF_DISCHARGE,urn:ioos:sensor:GOA_RUNOFF_DISCHARGE:q,58.069320239858385,-154.46915010358515,2003-07-21T00:00:00Z,0.2744311889460668
urn:ioos:station:GOA_RUNOFF_DISCHARGE,urn:ioos:sensor:GOA_RUNOFF_DISCHARGE:q,58.069320239858385,-154.46915010358515,2003-07-22T00:00:00Z,0.19425299778188818
urn:ioos:station:GOA_RUNOFF_DISCHARGE,urn:ioos:sensor:GOA_RUNOFF_DISCHARGE:q,58.069320239858385,-154.46915010358515,2003-07-23T00:00:00Z,0.13749259677018433
urn:ioos:station:GOA_RUNOFF_DISCHARGE,urn:ioos:sensor:GOA_RUNOFF_DISCHARGE:q,58.069320239858385,-154.46915010358515,2003-07-24T00:00:00Z,1.489366290070022
urn:ioos:station:GOA_RUNOFF_DISCHARGE,urn:ioos:sensor:GOA_RUNOFF_DISCHARGE:q,58.069320239858385,-154.46915010358515,2003-07-25T00:00:00Z,1.1200182729663766
urn:ioos:station:GOA_RUNOFF_DISCHARGE,urn:ioos:sensor:GOA_RUNOFF_DISCHARGE:q,58.069320239858385,-154.46915010358515,2003-07-26T00:00:00Z,0.7993198480646632
urn:ioos:station:GOA_RUNOFF_DISCHARGE,urn:ioos:sensor:GOA_RUNOFF_DISCHARGE:q,58.069320239858385,-154.46915010358515,2003-07-27T00:00:00Z,0.5664117055337836
urn:ioos:station:GOA_RUNOFF_DISCHARGE,urn:ioos:sensor:GOA_RUNOFF_DISCHARGE:q,58.069320239858385,-154.46915010358515,2003-07-28T00:00:00Z,0.4009692160204918
urn:ioos:station:GOA_RUNOFF_DISCHARGE,urn:ioos:sensor:GOA_RUNOFF_DISCHARGE:q,58.069320239858385,-154.46915010358515,2003-07-29T00:00:00Z,0.28381078651398994
urn:ioos:station:GOA_RUNOFF_DISCHARGE,urn:ioos:sensor:GOA_RUNOFF_DISCHARGE:q,58.069320239858385,-154.46915010358515,2003-07-30T00:00:00Z,0.2008806615187848
urn:ioos:station:GOA_RUNOFF_DISCHARGE,urn:ioos:sensor:GOA_RUNOFF_DISCHARGE:q,58.069320239858385,-154.46915010358515,2003-07-31T00:00:00Z,0.14218250244452152
urn:ioos:station:GOA_RUNOFF_DISCHARGE,urn:ioos:sensor:GOA_RUNOFF_DISCHARGE:q,58.069320239858385,-154.46915010358515,2003-08-01T00:00:00Z,0.10063615392745756
urn:ioos:station:GOA_RUNOFF_DISCHARGE,urn:ioos:sensor:GOA_RUNOFF_DISCHARGE:q,58.069320239858385,-154.46915010358515,2003-08-02T00:00:00Z,0.0712298222606972
urn:ioos:station:GOA_RUNOFF_DISCHARGE,urn:ioos:sensor:GOA_RUNOFF_DISCHARGE:q,58.069320239858385,-154.46915010358515,2003-08-03T00:00:00Z,0.05041615299449302
urn:ioos:station:GOA_RUNOFF_DISCHARGE,urn:ioos:sensor:GOA_RUNOFF_DISCHARGE:q,58.069320239858385,-154.46915010358515,2003-08-04T00:00:00Z,0.035684324095783856
urn:ioos:station:GOA_RUNOFF_DISCHARGE,urn:ioos:sensor:GOA_RUNOFF_DISCHARGE:q,58.069320239858385,-154.46915010358515,2003-08-05T00:00:00Z,0.025257207013915196
urn:ioos:station:GOA_RUNOFF_DISCHARGE,urn:ioos:sensor:GOA_RUNOFF_DISCHARGE:q,58.069320239858385,-154.46915010358515,2003-08-06T00:00:00Z,0.01787693842047051
urn:ioos:station:GOA_RUNOFF_DISCHARGE,urn:ioos:sensor:GOA_RUNOFF_DISCHARGE:q,58.069320239858385,-154.46915010358515,2003-08-07T00:00:00Z,0.012653218099311438
urn:ioos:station:GOA_RUNOFF_DISCHARGE,urn:ioos:sensor:GOA_RUNOFF_DISCHARGE:q,58.069320239858385,-154.46915010358515,2003-08-08T00:00:00Z,0.008955890285870882
urn:ioos:station:GOA_RUNOFF_DISCHARGE,urn:ioos:sensor:GOA_RUNOFF_DISCHARGE:q,58.069320239858385,-154.46915010358515,2003-08-09T00:00:00Z,0.006338939985050316
urn:ioos:station:GOA_RUNOFF_DISCHARGE,urn:ioos:sensor:GOA_RUNOFF_DISCHARGE:q,58.069320239858385,-154.46915010358515,2003-08-10T00:00:00Z,0.0044866736671145295
urn:ioos:station:GOA_RUNOFF_DISCHARGE,urn:ioos:sensor:GOA_RUNOFF_DISCHARGE:q,58.069320239858385,-154.46915010358515,2003-08-11T00:00:00Z,1.4519591315676266
urn:ioos:station:GOA_RUNOFF_DISCHARGE,urn:ioos:sensor:GOA_RUNOFF_DISCHARGE:q,58.069320239858385,-154.46915010358515,2003-08-12T00:00:00Z,1.5320285083294631
urn:ioos:station:GOA_RUNOFF_DISCHARGE,urn:ioos:sensor:GOA_RUNOFF_DISCHARGE:q,58.069320239858385,-154.46915010358515,2003-08-13T00:00:00Z,3.047863091868995
urn:ioos:station:GOA_RUNOFF_DISCHARGE,urn:ioos:sensor:GOA_RUNOFF_DISCHARGE:q,58.069320239858385,-154.46915010358515,2003-08-14T00:00:00Z,2.251590967971602
urn:ioos:station:GOA_RUNOFF_DISCHARGE,urn:ioos:sensor:GOA_RUNOFF_DISCHARGE:q,58.069320239858385,-154.46915010358515,2003-08-15T00:00:00Z,1.9833938723995412
urn:ioos:station:GOA_RUNOFF_DISCHARGE,urn:ioos:sensor:GOA_RUNOFF_DISCHARGE:q,58.069320239858385,-154.46915010358515,2003-08-16T00:00:00Z,1.4227686526808478
urn:ioos:station:GOA_RUNOFF_DISCHARGE,urn:ioos:sensor:GOA_RUNOFF_DISCHARGE:q,58.069320239858385,-154.46915010358515,2003-08-17T00:00:00Z,1.0089197713003755
urn:ioos:station:GOA_RUNOFF_DISCHARGE,urn:ioos:sensor:GOA_RUNOFF_DISCHARGE:q,58.069320239858385,-154.46915010358515,2003-08-18T00:00:00Z,1.3643930887600895
urn:ioos:station:GOA_RUNOFF_DISCHARGE,urn:ioos:sensor:GOA_RUNOFF_DISCHARGE:q,58.069320239858385,-154.46915010358515,2003-08-19T00:00:00Z,4.790630613055059
urn:ioos:station:GOA_RUNOFF_DISCHARGE,urn:ioos:sensor:GOA_RUNOFF_DISCHARGE:q,58.069320239858385,-154.46915010358515,2003-08-20T00:00:00Z,4.716610639542896
urn:ioos:station:GOA_RUNOFF_DISCHARGE,urn:ioos:sensor:GOA_RUNOFF_DISCHARGE:q,58.069320239858385,-154.46915010358515,2003-08-21T00:00:00Z,3.4107083589731158
urn:ioos:station:GOA_RUNOFF_DISCHARGE,urn:ioos:sensor:GOA_RUNOFF_DISCHARGE:q,58.069320239858385,-154.46915010358515,2003-08-22T00:00:00Z,2.421305257343976
urn:ioos:station:GOA_RUNOFF_DISCHARGE,urn:ioos:sensor:GOA_RUNOFF_DISCHARGE:q,58.069320239858385,-154.46915010358515,2003-08-23T00:00:00Z,1.7145101788334378
urn:ioos:station:GOA_RUNOFF_DISCHARGE,urn:ioos:sensor:GOA_RUNOFF_DISCHARGE:q,58.069320239858385,-154.46915010358515,2003-08-24T00:00:00Z,1.21359477803753
urn:ioos:station:GOA_RUNOFF_DISCHARGE,urn:ioos:sensor:GOA_RUNOFF_DISCHARGE:q,58.069320239858385,-154.46915010358515,2003-08-25T00:00:00Z,2.375893752845888
urn:ioos:station:GOA_RUNOFF_DISCHARGE,urn:ioos:sensor:GOA_RUNOFF_DISCHARGE:q,58.069320239858385,-154.46915010358515,2003-08-26T00:00:00Z,2.091364202557142
urn:ioos:station:GOA_RUNOFF_DISCHARGE,urn:ioos:sensor:GOA_RUNOFF_DISCHARGE:q,58.069320239858385,-154.46915010358515,2003-08-27T00:00:00Z,1.5657096985645147
urn:ioos:station:GOA_RUNOFF_DISCHARGE,urn:ioos:sensor:GOA_RUNOFF_DISCHARGE:q,58.069320239858385,-154.46915010358515,2003-08-28T00:00:00Z,1.665409410578513
urn:ioos:station:GOA_RUNOFF_DISCHARGE,urn:ioos:sensor:GOA_RUNOFF_DISCHARGE:q,58.069320239858385,-154.46915010358515,2003-08-29T00:00:00Z,4.30141079537246
urn:ioos:station:GOA_RUNOFF_DISCHARGE,urn:ioos:sensor:GOA_RUNOFF_DISCHARGE:q,58.069320239858385,-154.46915010358515,2003-08-30T00:00:00Z,3.1936368313736083
urn:ioos:station:GOA_RUNOFF_DISCHARGE,urn:ioos:sensor:GOA_RUNOFF_DISCHARGE:q,58.069320239858385,-154.46915010358515,2003-08-31T00:00:00Z,2.275332603072742
urn:ioos:station:GOA_RUNOFF_DISCHARGE,urn:ioos:sensor:GOA_RUNOFF_DISCHARGE:q,58.069320239858385,-154.46915010358515,2003-09-01T00:00:00Z,0.7910003563524102
urn:ioos:station:GOA_RUNOFF_DISCHARGE,urn:ioos:sensor:GOA_RUNOFF_DISCHARGE:q,58.069320239858385,-154.46915010358515,2003-09-02T00:00:00Z,0.5598727772532927
urn:ioos:station:GOA_RUNOFF_DISCHARGE,urn:ioos:sensor:GOA_RUNOFF_DISCHARGE:q,58.069320239858385,-154.46915010358515,2003-09-03T00:00:00Z,0.39627603785619453
urn:ioos:station:GOA_RUNOFF_DISCHARGE,urn:ioos:sensor:GOA_RUNOFF_DISCHARGE:q,58.069320239858385,-154.46915010358515,2003-09-04T00:00:00Z,0.2804825162225016
urn:ioos:station:GOA_RUNOFF_DISCHARGE,urn:ioos:sensor:GOA_RUNOFF_DISCHARGE:q,58.069320239858385,-154.46915010358515,2003-09-05T00:00:00Z,0.19852428785610218
urn:ioos:station:GOA_RUNOFF_DISCHARGE,urn:ioos:sensor:GOA_RUNOFF_DISCHARGE:q,58.069320239858385,-154.46915010358515,2003-09-06T00:00:00Z,0.1405146014686222
urn:ioos:station:GOA_RUNOFF_DISCHARGE,urn:ioos:sensor:GOA_RUNOFF_DISCHARGE:q,58.069320239858385,-154.46915010358515,2003-09-07T00:00:00Z,0.09945561550785345
urn:ioos:station:GOA_RUNOFF_DISCHARGE,urn:ioos:sensor:GOA_RUNOFF_DISCHARGE:q,58.069320239858385,-154.46915010358515,2003-09-08T00:00:00Z,0.0703942355277675
urn:ioos:station:GOA_RUNOFF_DISCHARGE,urn:ioos:sensor:GOA_RUNOFF_DISCHARGE:q,58.069320239858385,-154.46915010358515,2003-09-09T00:00:00Z,0.049824728546401034
urn:ioos:station:GOA_RUNOFF_DISCHARGE,urn:ioos:sensor:GOA_RUNOFF_DISCHARGE:q,58.069320239858385,-154.46915010358515,2003-09-10T00:00:00Z,1.621980475877363
urn:ioos:station:GOA_RUNOFF_DISCHARGE,urn:ioos:sensor:GOA_RUNOFF_DISCHARGE:q,58.069320239858385,-154.46915010358515,2003-09-11T00:00:00Z,1.2230907216681053
urn:ioos:station:GOA_RUNOFF_DISCHARGE,urn:ioos:sensor:GOA_RUNOFF_DISCHARGE:q,58.069320239858385,-154.46915010358515,2003-09-12T00:00:00Z,0.8731935297643375
urn:ioos:station:GOA_RUNOFF_DISCHARGE,urn:ioos:sensor:GOA_RUNOFF_DISCHARGE:q,58.069320239858385,-154.46915010358515,2003-09-13T00:00:00Z,0.6187910811672342
urn:ioos:station:GOA_RUNOFF_DISCHARGE,urn:ioos:sensor:GOA_RUNOFF_DISCHARGE:q,58.069320239858385,-154.46915010358515,2003-09-14T00:00:00Z,0.43805228290412435
urn:ioos:station:GOA_RUNOFF_DISCHARGE,urn:ioos:sensor:GOA_RUNOFF_DISCHARGE:q,58.069320239858385,-154.46915010358515,2003-09-15T00:00:00Z,0.3100589515884949
urn:ioos:station:GOA_RUNOFF_DISCHARGE,urn:ioos:sensor:GOA_RUNOFF_DISCHARGE:q,58.069320239858385,-154.46915010358515,2003-09-16T00:00:00Z,0.21945909680718642
urn:ioos:station:GOA_RUNOFF_DISCHARGE,urn:ioos:sensor:GOA_RUNOFF_DISCHARGE:q,58.069320239858385,-154.46915010358515,2003-09-17T00:00:00Z,0.1553322551165867
urn:ioos:station:GOA_RUNOFF_DISCHARGE,urn:ioos:sensor:GOA_RUNOFF_DISCHARGE:q,58.069320239858385,-154.46915010358515,2003-09-18T00:00:00Z,0.10994348537915113
urn:ioos:station:GOA_RUNOFF_DISCHARGE,urn:ioos:sensor:GOA_RUNOFF_DISCHARGE:q,58.069320239858385,-154.46915010358515,2003-09-19T00:00:00Z,0.07781750899712639
urn:ioos:station:GOA_RUNOFF_DISCHARGE,urn:ioos:sensor:GOA_RUNOFF_DISCHARGE:q,58.069320239858385,-154.46915010358515,2003-09-20T00:00:00Z,0.05507889206875936
urn:ioos:station:GOA_RUNOFF_DISCHARGE,urn:ioos:sensor:GOA_RUNOFF_DISCHARGE:q,58.069320239858385,-154.46915010358515,2003-09-21T00:00:00Z,0.03898459322003821
urn:ioos:station:GOA_RUNOFF_DISCHARGE,urn:ioos:sensor:GOA_RUNOFF_DISCHARGE:q,58.069320239858385,-154.46915010358515,2003-09-22T00:00:00Z,0.02759311939201057
urn:ioos:station:GOA_RUNOFF_DISCHARGE,urn:ioos:sensor:GOA_RUNOFF_DISCHARGE:q,58.069320239858385,-154.46915010358515,2003-09-23T00:00:00Z,0.019530287916201716
urn:ioos:station:GOA_RUNOFF_DISCHARGE,urn:ioos:sensor:GOA_RUNOFF_DISCHARGE:q,58.069320239858385,-154.46915010358515,2003-09-24T00:00:00Z,0.1414057547521811
urn:ioos:station:GOA_RUNOFF_DISCHARGE,urn:ioos:sensor:GOA_RUNOFF_DISCHARGE:q,58.069320239858385,-154.46915010358515,2003-09-25T00:00:00Z,1.0930915677876807
urn:ioos:station:GOA_RUNOFF_DISCHARGE,urn:ioos:sensor:GOA_RUNOFF_DISCHARGE:q,58.069320239858385,-154.46915010358515,2003-09-26T00:00:00Z,0.8209770879526193
urn:ioos:station:GOA_RUNOFF_DISCHARGE,urn:ioos:sensor:GOA_RUNOFF_DISCHARGE:q,58.069320239858385,-154.46915010358515,2003-09-27T00:00:00Z,0.585806355730125
urn:ioos:station:GOA_RUNOFF_DISCHARGE,urn:ioos:sensor:GOA_RUNOFF_DISCHARGE:q,58.069320239858385,-154.46915010358515,2003-09-28T00:00:00Z,0.4151027219307157
urn:ioos:station:GOA_RUNOFF_DISCHARGE,urn:ioos:sensor:GOA_RUNOFF_DISCHARGE:q,58.069320239858385,-154.46915010358515,2003-09-29T00:00:00Z,1.4929592538207963
urn:ioos:station:GOA_RUNOFF_DISCHARGE,urn:ioos:sensor:GOA_RUNOFF_DISCHARGE:q,58.069320239858385,-154.46915010358515,2003-09-30T00:00:00Z,1.1134388250112037
urn:ioos:station:GOA_RUNOFF_DISCHARGE,urn:ioos:sensor:GOA_RUNOFF_DISCHARGE:q,58.069320239858385,-154.46915010358515,2003-10-01T00:00:00Z,2.6901356701690204
urn:ioos:station:GOA_RUNOFF_DISCHARGE,urn:ioos:sensor:GOA_RUNOFF_DISCHARGE:q,58.069320239858385,-154.46915010358515,2003-10-02T00:00:00Z,10.397190654523666
urn:ioos:station:GOA_RUNOFF_DISCHARGE,urn:ioos:sensor:GOA_RUNOFF_DISCHARGE:q,58.069320239858385,-154.46915010358515,2003-10-03T00:00:00Z,9.387095154870588
urn:ioos:station:GOA_RUNOFF_DISCHARGE,urn:ioos:sensor:GOA_RUNOFF_DISCHARGE:q,58.069320239858385,-154.46915010358515,2003-10-04T00:00:00Z,6.76144391581017
urn:ioos:station:GOA_RUNOFF_DISCHARGE,urn:ioos:sensor:GOA_RUNOFF_DISCHARGE:q,58.069320239858385,-154.46915010358515,2003-10-05T00:00:00Z,5.293781831614667
urn:ioos:station:GOA_RUNOFF_DISCHARGE,urn:ioos:sensor:GOA_RUNOFF_DISCHARGE:q,58.069320239858385,-154.46915010358515,2003-10-06T00:00:00Z,6.713806986581822
urn:ioos:station:GOA_RUNOFF_DISCHARGE,urn:ioos:sensor:GOA_RUNOFF_DISCHARGE:q,58.069320239858385,-154.46915010358515,2003-10-07T00:00:00Z,5.324870946686542
urn:ioos:station:GOA_RUNOFF_DISCHARGE,urn:ioos:sensor:GOA_RUNOFF_DISCHARGE:q,58.069320239858385,-154.46915010358515,2003-10-08T00:00:00Z,4.249244608481939
urn:ioos:station:GOA_RUNOFF_DISCHARGE,urn:ioos:sensor:GOA_RUNOFF_DISCHARGE:q,58.069320239858385,-154.46915010358515,2003-10-09T00:00:00Z,5.675238785136331
urn:ioos:station:GOA_RUNOFF_DISCHARGE,urn:ioos:sensor:GOA_RUNOFF_DISCHARGE:q,58.069320239858385,-154.46915010358515,2003-10-10T00:00:00Z,4.144392056799297
urn:ioos:station:GOA_RUNOFF_DISCHARGE,urn:ioos:sensor:GOA_RUNOFF_DISCHARGE:q,58.069320239858385,-154.46915010358515,2003-10-11T00:00:00Z,3.11760718724313
urn:ioos:station:GOA_RUNOFF_DISCHARGE,urn:ioos:sensor:GOA_RUNOFF_DISCHARGE:q,58.069320239858385,-154.46915010358515,2003-10-12T00:00:00Z,2.216012325567922
urn:ioos:station:GOA_RUNOFF_DISCHARGE,urn:ioos:sensor:GOA_RUNOFF_DISCHARGE:q,58.069320239858385,-154.46915010358515,2003-10-13T00:00:00Z,1.5694205377325456
urn:ioos:station:GOA_RUNOFF_DISCHARGE,urn:ioos:sensor:GOA_RUNOFF_DISCHARGE:q,58.069320239858385,-154.46915010358515,2003-10-14T00:00:00Z,1.738974853324357
urn:ioos:station:GOA_RUNOFF_DISCHARGE,urn:ioos:sensor:GOA_RUNOFF_DISCHARGE:q,58.069320239858385,-154.46915010358515,2003-10-15T00:00:00Z,5.2392828691674564
urn:ioos:station:GOA_RUNOFF_DISCHARGE,urn:ioos:sensor:GOA_RUNOFF_DISCHARGE:q,58.069320239858385,-154.46915010358515,2003-10-16T00:00:00Z,5.524869219932565
urn:ioos:station:GOA_RUNOFF_DISCHARGE,urn:ioos:sensor:GOA_RUNOFF_DISCHARGE:q,58.069320239858385,-154.46915010358515,2003-10-17T00:00:00Z,4.295008423657943
urn:ioos:station:GOA_RUNOFF_DISCHARGE,urn:ioos:sensor:GOA_RUNOFF_DISCHARGE:q,58.069320239858385,-154.46915010358515,2003-10-18T00:00:00Z,3.063222153491616
urn:ioos:station:GOA_RUNOFF_DISCHARGE,urn:ioos:sensor:GOA_RUNOFF_DISCHARGE:q,58.069320239858385,-154.46915010358515,2003-10-19T00:00:00Z,2.0133019968233
urn:ioos:station:GOA_RUNOFF_DISCHARGE,urn:ioos:sensor:GOA_RUNOFF_DISCHARGE:q,58.069320239858385,-154.46915010358515,2003-10-20T00:00:00Z,1.4140254804091366
urn:ioos:station:GOA_RUNOFF_DISCHARGE,urn:ioos:sensor:GOA_RUNOFF_DISCHARGE:q,58.069320239858385,-154.46915010358515,2003-10-21T00:00:00Z,1.127808706653521
urn:ioos:station:GOA_RUNOFF_DISCHARGE,urn:ioos:sensor:GOA_RUNOFF_DISCHARGE:q,58.069320239858385,-154.46915010358515,2003-10-22T00:00:00Z,1.5259659493412558
urn:ioos:station:GOA_RUNOFF_DISCHARGE,urn:ioos:sensor:GOA_RUNOFF_DISCHARGE:q,58.069320239858385,-154.46915010358515,2003-10-23T00:00:00Z,1.5391378694327493
urn:ioos:station:GOA_RUNOFF_DISCHARGE,urn:ioos:sensor:GOA_RUNOFF_DISCHARGE:q,58.069320239858385,-154.46915010358515,2003-10-24T00:00:00Z,1.1129383807174047
urn:ioos:station:GOA_RUNOFF_DISCHARGE,urn:ioos:sensor:GOA_RUNOFF_DISCHARGE:q,58.069320239858385,-154.46915010358515,2003-10-25T00:00:00Z,0.7900837960488092
urn:ioos:station:GOA_RUNOFF_DISCHARGE,urn:ioos:sensor:GOA_RUNOFF_DISCHARGE:q,58.069320239858385,-154.46915010358515,2003-10-26T00:00:00Z,0.8392288333638978
urn:ioos:station:GOA_RUNOFF_DISCHARGE,urn:ioos:sensor:GOA_RUNOFF_DISCHARGE:q,58.069320239858385,-154.46915010358515,2003-10-27T00:00:00Z,2.6378613431077564
urn:ioos:station:GOA_RUNOFF_DISCHARGE,urn:ioos:sensor:GOA_RUNOFF_DISCHARGE:q,58.069320239858385,-154.46915010358515,2003-10-28T00:00:00Z,2.1287153176133864
urn:ioos:station:GOA_RUNOFF_DISCHARGE,urn:ioos:sensor:GOA_RUNOFF_DISCHARGE:q,58.069320239858385,-154.46915010358515,2003-10-29T00:00:00Z,1.5241903193114437
urn:ioos:station:GOA_RUNOFF_DISCHARGE,urn:ioos:sensor:GOA_RUNOFF_DISCHARGE:q,58.069320239858385,-154.46915010358515,2003-10-30T00:00:00Z,1.0805623055235292
urn:ioos:station:GOA_RUNOFF_DISCHARGE,urn:ioos:sensor:GOA_RUNOFF_DISCHARGE:q,58.069320239858385,-154.46915010358515,2003-10-31T00:00:00Z,1.5629818561796769
urn:ioos:station:GOA_RUNOFF_DISCHARGE,urn:ioos:sensor:GOA_RUNOFF_DISCHARGE:q,58.069320239858385,-154.46915010358515,2003-11-01T00:00:00Z,1.951372673252596
urn:ioos:station:GOA_RUNOFF_DISCHARGE,urn:ioos:sensor:GOA_RUNOFF_DISCHARGE:q,58.069320239858385,-154.46915010358515,2003-11-02T00:00:00Z,2.6995207109237613
urn:ioos:station:GOA_RUNOFF_DISCHARGE,urn:ioos:sensor:GOA_RUNOFF_DISCHARGE:q,58.069320239858385,-154.46915010358515,2003-11-03T00:00:00Z,2.3325319124112567
urn:ioos:station:GOA_RUNOFF_DISCHARGE,urn:ioos:sensor:GOA_RUNOFF_DISCHARGE:q,58.069320239858385,-154.46915010358515,2003-11-04T00:00:00Z,2.1290397381256128
urn:ioos:station:GOA_RUNOFF_DISCHARGE,urn:ioos:sensor:GOA_RUNOFF_DISCHARGE:q,58.069320239858385,-154.46915010358515,2003-11-05T00:00:00Z,2.4583057719683135
urn:ioos:station:GOA_RUNOFF_DISCHARGE,urn:ioos:sensor:GOA_RUNOFF_DISCHARGE:q,58.069320239858385,-154.46915010358515,2003-11-06T00:00:00Z,3.6304718137912655
urn:ioos:station:GOA_RUNOFF_DISCHARGE,urn:ioos:sensor:GOA_RUNOFF_DISCHARGE:q,58.069320239858385,-154.46915010358515,2003-11-07T00:00:00Z,4.739867880351248
urn:ioos:station:GOA_RUNOFF_DISCHARGE,urn:ioos:sensor:GOA_RUNOFF_DISCHARGE:q,58.069320239858385,-154.46915010358515,2003-11-08T00:00:00Z,4.211185056905687
urn:ioos:station:GOA_RUNOFF_DISCHARGE,urn:ioos:sensor:GOA_RUNOFF_DISCHARGE:q,58.069320239858385,-154.46915010358515,2003-11-09T00:00:00Z,4.29684338606854
urn:ioos:station:GOA_RUNOFF_DISCHARGE,urn:ioos:sensor:GOA_RUNOFF_DISCHARGE:q,58.069320239858385,-154.46915010358515,2003-11-10T00:00:00Z,3.175434025309673
urn:ioos:station:GOA_RUNOFF_DISCHARGE,urn:ioos:sensor:GOA_RUNOFF_DISCHARGE:q,58.069320239858385,-154.46915010358515,2003-11-11T00:00:00Z,2.541201132924445
urn:ioos:station:GOA_RUNOFF_DISCHARGE,urn:ioos:sensor:GOA_RUNOFF_DISCHARGE:q,58.069320239858385,-154.46915010358515,2003-11-12T00:00:00Z,4.08962445417124
urn:ioos:station:GOA_RUNOFF_DISCHARGE,urn:ioos:sensor:GOA_RUNOFF_DISCHARGE:q,58.069320239858385,-154.46915010358515,2003-11-13T00:00:00Z,3.010281093601495
urn:ioos:station:GOA_RUNOFF_DISCHARGE,urn:ioos:sensor:GOA_RUNOFF_DISCHARGE:q,58.069320239858385,-154.46915010358515,2003-11-14T00:00:00Z,1.9665321623216698
urn:ioos:station:GOA_RUNOFF_DISCHARGE,urn:ioos:sensor:GOA_RUNOFF_DISCHARGE:q,58.069320239858385,-154.46915010358515,2003-11-15T00:00:00Z,1.2773777451675477
urn:ioos:station:GOA_RUNOFF_DISCHARGE,urn:ioos:sensor:GOA_RUNOFF_DISCHARGE:q,58.069320239858385,-154.46915010358515,2003-11-16T00:00:00Z,0.8293241409370992
urn:ioos:station:GOA_RUNOFF_DISCHARGE,urn:ioos:sensor:GOA_RUNOFF_DISCHARGE:q,58.069320239858385,-154.46915010358515,2003-11-17T00:00:00Z,0.5384072164757637
urn:ioos:station:GOA_RUNOFF_DISCHARGE,urn:ioos:sensor:GOA_RUNOFF_DISCHARGE:q,58.069320239858385,-154.46915010358515,2003-11-18T00:00:00Z,0.34953909270089684
urn:ioos:station:GOA_RUNOFF_DISCHARGE,urn:ioos:sensor:GOA_RUNOFF_DISCHARGE:q,58.069320239858385,-154.46915010358515,2003-11-19T00:00:00Z,1.4756712978144526
urn:ioos:station:GOA_RUNOFF_DISCHARGE,urn:ioos:sensor:GOA_RUNOFF_DISCHARGE:q,58.069320239858385,-154.46915010358515,2003-11-20T00:00:00Z,1.4853390553902701
urn:ioos:station:GOA_RUNOFF_DISCHARGE,urn:ioos:sensor:GOA_RUNOFF_DISCHARGE:q,58.069320239858385,-154.46915010358515,2003-11-21T00:00:00Z,1.5213188162618243
urn:ioos:station:GOA_RUNOFF_DISCHARGE,urn:ioos:sensor:GOA_RUNOFF_DISCHARGE:q,58.069320239858385,-154.46915010358515,2003-11-22T00:00:00Z,3.770884589843641
urn:ioos:station:GOA_RUNOFF_DISCHARGE,urn:ioos:sensor:GOA_RUNOFF_DISCHARGE:q,58.069320239858385,-154.46915010358515,2003-11-23T00:00:00Z,3.62372844533397
urn:ioos:station:GOA_RUNOFF_DISCHARGE,urn:ioos:sensor:GOA_RUNOFF_DISCHARGE:q,58.069320239858385,-154.46915010358515,2003-11-24T00:00:00Z,4.046489681783689
urn:ioos:station:GOA_RUNOFF_DISCHARGE,urn:ioos:sensor:GOA_RUNOFF_DISCHARGE:q,58.069320239858385,-154.46915010358515,2003-11-25T00:00:00Z,4.599131473130957
urn:ioos:station:GOA_RUNOFF_DISCHARGE,urn:ioos:sensor:GOA_RUNOFF_DISCHARGE:q,58.069320239858385,-154.46915010358515,2003-11-26T00:00:00Z,3.156523703627428
urn:ioos:station:GOA_RUNOFF_DISCHARGE,urn:ioos:sensor:GOA_RUNOFF_DISCHARGE:q,58.069320239858385,-154.46915010358515,2003-11-27T00:00:00Z,2.0557317531828616
urn:ioos:station:GOA_RUNOFF_DISCHARGE,urn:ioos:sensor:GOA_RUNOFF_DISCHARGE:q,58.069320239858385,-154.46915010358515,2003-11-28T00:00:00Z,1.7078450870204145
urn:ioos:station:GOA_RUNOFF_DISCHARGE,urn:ioos:sensor:GOA_RUNOFF_DISCHARGE:q,58.069320239858385,-154.46915010358515,2003-11-29T00:00:00Z,2.485154003166659
urn:ioos:station:GOA_RUNOFF_DISCHARGE,urn:ioos:sensor:GOA_RUNOFF_DISCHARGE:q,58.069320239858385,-154.46915010358515,2003-11-30T00:00:00Z,1.6510390027066546
urn:ioos:station:GOA_RUNOFF_DISCHARGE,urn:ioos:sensor:GOA_RUNOFF_DISCHARGE:q,58.069320239858385,-154.46915010358515,2003-12-01T00:00:00Z,1.0739835811339755
urn:ioos:station:GOA_RUNOFF_DISCHARGE,urn:ioos:sensor:GOA_RUNOFF_DISCHARGE:q,58.069320239858385,-154.46915010358515,2003-12-02T00:00:00Z,0.6973589277115958
urn:ioos:station:GOA_RUNOFF_DISCHARGE,urn:ioos:sensor:GOA_RUNOFF_DISCHARGE:q,58.069320239858385,-154.46915010358515,2003-12-03T00:00:00Z,0.452738592947509
urn:ioos:station:GOA_RUNOFF_DISCHARGE,urn:ioos:sensor:GOA_RUNOFF_DISCHARGE:q,58.069320239858385,-154.46915010358515,2003-12-04T00:00:00Z,4.203958872844227
urn:ioos:station:GOA_RUNOFF_DISCHARGE,urn:ioos:sensor:GOA_RUNOFF_DISCHARGE:q,58.069320239858385,-154.46915010358515,2003-12-05T00:00:00Z,6.205431887365492
urn:ioos:station:GOA_RUNOFF_DISCHARGE,urn:ioos:sensor:GOA_RUNOFF_DISCHARGE:q,58.069320239858385,-154.46915010358515,2003-12-06T00:00:00Z,4.589119429877729
urn:ioos:station:GOA_RUNOFF_DISCHARGE,urn:ioos:sensor:GOA_RUNOFF_DISCHARGE:q,58.069320239858385,-154.46915010358515,2003-12-07T00:00:00Z,3.266011811339592
urn:ioos:station:GOA_RUNOFF_DISCHARGE,urn:ioos:sensor:GOA_RUNOFF_DISCHARGE:q,58.069320239858385,-154.46915010358515,2003-12-08T00:00:00Z,2.8305571290088283
urn:ioos:station:GOA_RUNOFF_DISCHARGE,urn:ioos:sensor:GOA_RUNOFF_DISCHARGE:q,58.069320239858385,-154.46915010358515,2003-12-09T00:00:00Z,1.8493612348635615
urn:ioos:station:GOA_RUNOFF_DISCHARGE,urn:ioos:sensor:GOA_RUNOFF_DISCHARGE:q,58.069320239858385,-154.46915010358515,2003-12-10T00:00:00Z,4.4412873435222275
urn:ioos:station:GOA_RUNOFF_DISCHARGE,urn:ioos:sensor:GOA_RUNOFF_DISCHARGE:q,58.069320239858385,-154.46915010358515,2003-12-11T00:00:00Z,3.0348518033449907
urn:ioos:station:GOA_RUNOFF_DISCHARGE,urn:ioos:sensor:GOA_RUNOFF_DISCHARGE:q,58.069320239858385,-154.46915010358515,2003-12-12T00:00:00Z,2.6137163530631913
urn:ioos:station:GOA_RUNOFF_DISCHARGE,urn:ioos:sensor:GOA_RUNOFF_DISCHARGE:q,58.069320239858385,-154.46915010358515,2003-12-13T00:00:00Z,1.783149718400334
urn:ioos:station:GOA_RUNOFF_DISCHARGE,urn:ioos:sensor:GOA_RUNOFF_DISCHARGE:q,58.069320239858385,-154.46915010358515,2003-12-14T00:00:00Z,1.1603137738637135
urn:ioos:station:GOA_RUNOFF_DISCHARGE,urn:ioos:sensor:GOA_RUNOFF_DISCHARGE:q,58.069320239858385,-154.46915010358515,2003-12-15T00:00:00Z,2.035304969519906
urn:ioos:station:GOA_RUNOFF_DISCHARGE,urn:ioos:sensor:GOA_RUNOFF_DISCHARGE:q,58.069320239858385,-154.46915010358515,2003-12-16T00:00:00Z,4.560139969037022
urn:ioos:station:GOA_RUNOFF_DISCHARGE,urn:ioos:sensor:GOA_RUNOFF_DISCHARGE:q,58.069320239858385,-154.46915010358515,2003-12-17T00:00:00Z,3.5432305861681104
urn:ioos:station:GOA_RUNOFF_DISCHARGE,urn:ioos:sensor:GOA_RUNOFF_DISCHARGE:q,58.069320239858385,-154.46915010358515,2003-12-18T00:00:00Z,2.319830309972321
urn:ioos:station:GOA_RUNOFF_DISCHARGE,urn:ioos:sensor:GOA_RUNOFF_DISCHARGE:q,58.069320239858385,-154.46915010358515,2003-12-19T00:00:00Z,1.507152059222458
urn:ioos:station:GOA_RUNOFF_DISCHARGE,urn:ioos:sensor:GOA_RUNOFF_DISCHARGE:q,58.069320239858385,-154.46915010358515,2003-12-20T00:00:00Z,0.9785187671324739
urn:ioos:station:GOA_RUNOFF_DISCHARGE,urn:ioos:sensor:GOA_RUNOFF_DISCHARGE:q,58.069320239858385,-154.46915010358515,2003-12-21T00:00:00Z,0.6352669992126224
urn:ioos:station:GOA_RUNOFF_DISCHARGE,urn:ioos:sensor:GOA_RUNOFF_DISCHARGE:q,58.069320239858385,-154.46915010358515,2003-12-22T00:00:00Z,0.41242148374963133
urn:ioos:station:GOA_RUNOFF_DISCHARGE,urn:ioos:sensor:GOA_RUNOFF_DISCHARGE:q,58.069320239858385,-154.46915010358515,2003-12-23T00:00:00Z,0.2677479422138678
urn:ioos:station:GOA_RUNOFF_DISCHARGE,urn:ioos:sensor:GOA_RUNOFF_DISCHARGE:q,58.069320239858385,-154.46915010358515,2003-12-24T00:00:00Z,0.173824470983577
urn:ioos:station:GOA_RUNOFF_DISCHARGE,urn:ioos:sensor:GOA_RUNOFF_DISCHARGE:q,58.069320239858385,-154.46915010358515,2003-12-25T00:00:00Z,0.1128484697833371
urn:ioos:station:GOA_RUNOFF_DISCHARGE,urn:ioos:sensor:GOA_RUNOFF_DISCHARGE:q,58.069320239858385,-154.46915010358515,2003-12-26T00:00:00Z,0.07326227697368522
urn:ioos:station:GOA_RUNOFF_DISCHARGE,urn:ioos:sensor:GOA_RUNOFF_DISCHARGE:q,58.069320239858385,-154.46915010358515,2003-12-27T00:00:00Z,0.04756255819395196
urn:ioos:station:GOA_RUNOFF_DISCHARGE,urn:ioos:sensor:GOA_RUNOFF_DISCHARGE:q,58.069320239858385,-154.46915010358515,2003-12-28T00:00:00Z,0.030878057969705573
urn:ioos:station:GOA_RUNOFF_DISCHARGE,urn:ioos:sensor:GOA_RUNOFF_DISCHARGE:q,58.069320239858385,-154.46915010358515,2003-12-29T00:00:00Z,2.9355649184061607
urn:ioos:station:GOA_RUNOFF_DISCHARGE,urn:ioos:sensor:GOA_RUNOFF_DISCHARGE:q,58.069320239858385,-154.46915010358515,2003-12-30T00:00:00Z,14.227290275963862
urn:ioos:station:GOA_RUNOFF_DISCHARGE,urn:ioos:sensor:GOA_RUNOFF_DISCHARGE:q,58.069320239858385,-154.46915010358515,2003-12-31T00:00:00Z,9.574629681430354
urn:ioos:station:GOA_RUNOFF_DISCHARGE,urn:ioos:sensor:GOA_RUNOFF_DISCHARGE:q,58.069320239858385,-154.46915010358515,2004-01-01T00:00:00Z,6.234920738402201
urn:ioos:station:GOA_RUNOFF_DISCHARGE,urn:ioos:sensor:GOA_RUNOFF_DISCHARGE:q,58.069320239858385,-154.46915010358515,2004-01-02T00:00:00Z,4.0488348237346
urn:ioos:station:GOA_RUNOFF_DISCHARGE,urn:ioos:sensor:GOA_RUNOFF_DISCHARGE:q,58.069320239858385,-154.46915010358515,2004-01-03T00:00:00Z,2.628601018754309
urn:ioos:station:GOA_RUNOFF_DISCHARGE,urn:ioos:sensor:GOA_RUNOFF_DISCHARGE:q,58.069320239858385,-154.46915010358515,2004-01-04T00:00:00Z,1.7065159627564157
urn:ioos:station:GOA_RUNOFF_DISCHARGE,urn:ioos:sensor:GOA_RUNOFF_DISCHARGE:q,58.069320239858385,-154.46915010358515,2004-01-05T00:00:00Z,1.1078864455633097
urn:ioos:station:GOA_RUNOFF_DISCHARGE,urn:ioos:sensor:GOA_RUNOFF_DISCHARGE:q,58.069320239858385,-154.46915010358515,2004-01-06T00:00:00Z,0.7192502739667485
urn:ioos:station:GOA_RUNOFF_DISCHARGE,urn:ioos:sensor:GOA_RUNOFF_DISCHARGE:q,58.069320239858385,-154.46915010358515,2004-01-07T00:00:00Z,0.4669440278581626
urn:ioos:station:GOA_RUNOFF_DISCHARGE,urn:ioos:sensor:GOA_RUNOFF_DISCHARGE:q,58.069320239858385,-154.46915010358515,2004-01-08T00:00:00Z,0.3031444269728841
urn:ioos:station:GOA_RUNOFF_DISCHARGE,urn:ioos:sensor:GOA_RUNOFF_DISCHARGE:q,58.069320239858385,-154.46915010358515,2004-01-09T00:00:00Z,0.19680422437691913
urn:ioos:station:GOA_RUNOFF_DISCHARGE,urn:ioos:sensor:GOA_RUNOFF_DISCHARGE:q,58.069320239858385,-154.46915010358515,2004-01-10T00:00:00Z,0.1277671512808992
urn:ioos:station:GOA_RUNOFF_DISCHARGE,urn:ioos:sensor:GOA_RUNOFF_DISCHARGE:q,58.069320239858385,-154.46915010358515,2004-01-11T00:00:00Z,0.08294763034979076
urn:ioos:station:GOA_RUNOFF_DISCHARGE,urn:ioos:sensor:GOA_RUNOFF_DISCHARGE:q,58.069320239858385,-154.46915010358515,2004-01-12T00:00:00Z,0.053850380426360644
urn:ioos:station:GOA_RUNOFF_DISCHARGE,urn:ioos:sensor:GOA_RUNOFF_DISCHARGE:q,58.069320239858385,-154.46915010358515,2004-01-13T00:00:00Z,0.03496016646822949
urn:ioos:station:GOA_RUNOFF_DISCHARGE,urn:ioos:sensor:GOA_RUNOFF_DISCHARGE:q,58.069320239858385,-154.46915010358515,2004-01-14T00:00:00Z,0.022696469231041617
urn:ioos:station:GOA_RUNOFF_DISCHARGE,urn:ioos:sensor:GOA_RUNOFF_DISCHARGE:q,58.069320239858385,-154.46915010358515,2004-01-15T00:00:00Z,0.01473476118949315
urn:ioos:station:GOA_RUNOFF_DISCHARGE,urn:ioos:sensor:GOA_RUNOFF_DISCHARGE:q,58.069320239858385,-154.46915010358515,2004-01-16T00:00:00Z,0.0095659455208683
urn:ioos:station:GOA_RUNOFF_DISCHARGE,urn:ioos:sensor:GOA_RUNOFF_DISCHARGE:q,58.069320239858385,-154.46915010358515,2004-01-17T00:00:00Z,0.006210301529206369
urn:ioos:station:GOA_RUNOFF_DISCHARGE,urn:ioos:sensor:GOA_RUNOFF_DISCHARGE:q,58.069320239858385,-154.46915010358515,2004-01-18T00:00:00Z,0.004031785999998688
urn:ioos:station:GOA_RUNOFF_DISCHARGE,urn:ioos:sensor:GOA_RUNOFF_DISCHARGE:q,58.069320239858385,-154.46915010358515,2004-01-19T00:00:00Z,0.0026174731900376526
urn:ioos:station:GOA_RUNOFF_DISCHARGE,urn:ioos:sensor:GOA_RUNOFF_DISCHARGE:q,58.069320239858385,-154.46915010358515,2004-01-20T00:00:00Z,0.0016992882041175
urn:ioos:station:GOA_RUNOFF_DISCHARGE,urn:ioos:sensor:GOA_RUNOFF_DISCHARGE:q,58.069320239858385,-154.46915010358515,2004-01-21T00:00:00Z,0.001103193854268286
urn:ioos:station:GOA_RUNOFF_DISCHARGE,urn:ioos:sensor:GOA_RUNOFF_DISCHARGE:q,58.069320239858385,-154.46915010358515,2004-01-22T00:00:00Z,5.837427992067774
urn:ioos:station:GOA_RUNOFF_DISCHARGE,urn:ioos:sensor:GOA_RUNOFF_DISCHARGE:q,58.069320239858385,-154.46915010358515,2004-01-23T00:00:00Z,3.9488030608800258
urn:ioos:station:GOA_RUNOFF_DISCHARGE,urn:ioos:sensor:GOA_RUNOFF_DISCHARGE:q,58.069320239858385,-154.46915010358515,2004-01-24T00:00:00Z,2.5725307348967053
urn:ioos:station:GOA_RUNOFF_DISCHARGE,urn:ioos:sensor:GOA_RUNOFF_DISCHARGE:q,58.069320239858385,-154.46915010358515,2004-01-25T00:00:00Z,1.6706125051683534
urn:ioos:station:GOA_RUNOFF_DISCHARGE,urn:ioos:sensor:GOA_RUNOFF_DISCHARGE:q,58.069320239858385,-154.46915010358515,2004-01-26T00:00:00Z,1.4173691429147086
urn:ioos:station:GOA_RUNOFF_DISCHARGE,urn:ioos:sensor:GOA_RUNOFF_DISCHARGE:q,58.069320239858385,-154.46915010358515,2004-01-27T00:00:00Z,0.929241054194279
urn:ioos:station:GOA_RUNOFF_DISCHARGE,urn:ioos:sensor:GOA_RUNOFF_DISCHARGE:q,58.069320239858385,-154.46915010358515,2004-01-28T00:00:00Z,0.6037812386239744
urn:ioos:station:GOA_RUNOFF_DISCHARGE,urn:ioos:sensor:GOA_RUNOFF_DISCHARGE:q,58.069320239858385,-154.46915010358515,2004-01-29T00:00:00Z,0.3920090398416769
urn:ioos:station:GOA_RUNOFF_DISCHARGE,urn:ioos:sensor:GOA_RUNOFF_DISCHARGE:q,58.069320239858385,-154.46915010358515,2004-01-30T00:00:00Z,0.2544975481420244
urn:ioos:station:GOA_RUNOFF_DISCHARGE,urn:ioos:sensor:GOA_RUNOFF_DISCHARGE:q,58.069320239858385,-154.46915010358515,2004-01-31T00:00:00Z,0.16522229533959407
urn:ioos:station:GOA_RUNOFF_DISCHARGE,urn:ioos:sensor:GOA_RUNOFF_DISCHARGE:q,58.069320239858385,-154.46915010358515,2004-02-01T00:00:00Z,0.10726385877603711
urn:ioos:station:GOA_RUNOFF_DISCHARGE,urn:ioos:sensor:GOA_RUNOFF_DISCHARGE:q,58.069320239858385,-154.46915010358515,2004-02-02T00:00:00Z,0.06963671165835855
urn:ioos:station:GOA_RUNOFF_DISCHARGE,urn:ioos:sensor:GOA_RUNOFF_DISCHARGE:q,58.069320239858385,-154.46915010358515,2004-02-03T00:00:00Z,0.045208803345471074
urn:ioos:station:GOA_RUNOFF_DISCHARGE,urn:ioos:sensor:GOA_RUNOFF_DISCHARGE:q,58.069320239858385,-154.46915010358515,2004-02-04T00:00:00Z,0.029349977827403357
urn:ioos:station:GOA_RUNOFF_DISCHARGE,urn:ioos:sensor:GOA_RUNOFF_DISCHARGE:q,58.069320239858385,-154.46915010358515,2004-02-05T00:00:00Z,0.019054280406727908
urn:ioos:station:GOA_RUNOFF_DISCHARGE,urn:ioos:sensor:GOA_RUNOFF_DISCHARGE:q,58.069320239858385,-154.46915010358515,2004-02-06T00:00:00Z,0.012370217607623048
urn:ioos:station:GOA_RUNOFF_DISCHARGE,urn:ioos:sensor:GOA_RUNOFF_DISCHARGE:q,58.069320239858385,-154.46915010358515,2004-02-07T00:00:00Z,0.008030861489485317
urn:ioos:station:GOA_RUNOFF_DISCHARGE,urn:ioos:sensor:GOA_RUNOFF_DISCHARGE:q,58.069320239858385,-154.46915010358515,2004-02-08T00:00:00Z,0.0052137101402650815
urn:ioos:station:GOA_RUNOFF_DISCHARGE,urn:ioos:sensor:GOA_RUNOFF_DISCHARGE:q,58.069320239858385,-154.46915010358515,2004-02-09T00:00:00Z,0.0033847903762131977
urn:ioos:station:GOA_RUNOFF_DISCHARGE,urn:ioos:sensor:GOA_RUNOFF_DISCHARGE:q,58.069320239858385,-154.46915010358515,2004-02-10T00:00:00Z,0.5563967680180776
urn:ioos:station:GOA_RUNOFF_DISCHARGE,urn:ioos:sensor:GOA_RUNOFF_DISCHARGE:q,58.069320239858385,-154.46915010358515,2004-02-11T00:00:00Z,15.559726628695818
urn:ioos:station:GOA_RUNOFF_DISCHARGE,urn:ioos:sensor:GOA_RUNOFF_DISCHARGE:q,58.069320239858385,-154.46915010358515,2004-02-12T00:00:00Z,11.804682074275568
urn:ioos:station:GOA_RUNOFF_DISCHARGE,urn:ioos:sensor:GOA_RUNOFF_DISCHARGE:q,58.069320239858385,-154.46915010358515,2004-02-13T00:00:00Z,14.016922649606052
urn:ioos:station:GOA_RUNOFF_DISCHARGE,urn:ioos:sensor:GOA_RUNOFF_DISCHARGE:q,58.069320239858385,-154.46915010358515,2004-02-14T00:00:00Z,25.48040696141894
urn:ioos:station:GOA_RUNOFF_DISCHARGE,urn:ioos:sensor:GOA_RUNOFF_DISCHARGE:q,58.069320239858385,-154.46915010358515,2004-02-15T00:00:00Z,18.895092599319426
urn:ioos:station:GOA_RUNOFF_DISCHARGE,urn:ioos:sensor:GOA_RUNOFF_DISCHARGE:q,58.069320239858385,-154.46915010358515,2004-02-16T00:00:00Z,14.29111665703104
urn:ioos:station:GOA_RUNOFF_DISCHARGE,urn:ioos:sensor:GOA_RUNOFF_DISCHARGE:q,58.069320239858385,-154.46915010358515,2004-02-17T00:00:00Z,10.87859491105852
urn:ioos:station:GOA_RUNOFF_DISCHARGE,urn:ioos:sensor:GOA_RUNOFF_DISCHARGE:q,58.069320239858385,-154.46915010358515,2004-02-18T00:00:00Z,7.105678022726287
urn:ioos:station:GOA_RUNOFF_DISCHARGE,urn:ioos:sensor:GOA_RUNOFF_DISCHARGE:q,58.069320239858385,-154.46915010358515,2004-02-19T00:00:00Z,4.615497211866131
urn:ioos:station:GOA_RUNOFF_DISCHARGE,urn:ioos:sensor:GOA_RUNOFF_DISCHARGE:q,58.069320239858385,-154.46915010358515,2004-02-20T00:00:00Z,4.69444058896692
urn:ioos:station:GOA_RUNOFF_DISCHARGE,urn:ioos:sensor:GOA_RUNOFF_DISCHARGE:q,58.069320239858385,-154.46915010358515,2004-02-21T00:00:00Z,3.582172887799933
urn:ioos:station:GOA_RUNOFF_DISCHARGE,urn:ioos:sensor:GOA_RUNOFF_DISCHARGE:q,58.069320239858385,-154.46915010358515,2004-02-22T00:00:00Z,4.231813518040354
urn:ioos:station:GOA_RUNOFF_DISCHARGE,urn:ioos:sensor:GOA_RUNOFF_DISCHARGE:q,58.069320239858385,-154.46915010358515,2004-02-23T00:00:00Z,3.2589069231874075
urn:ioos:station:GOA_RUNOFF_DISCHARGE,urn:ioos:sensor:GOA_RUNOFF_DISCHARGE:q,58.069320239858385,-154.46915010358515,2004-02-24T00:00:00Z,3.89406361153243
urn:ioos:station:GOA_RUNOFF_DISCHARGE,urn:ioos:sensor:GOA_RUNOFF_DISCHARGE:q,58.069320239858385,-154.46915010358515,2004-02-25T00:00:00Z,4.120950635651481
urn:ioos:station:GOA_RUNOFF_DISCHARGE,urn:ioos:sensor:GOA_RUNOFF_DISCHARGE:q,58.069320239858385,-154.46915010358515,2004-02-26T00:00:00Z,3.1071270628128937
urn:ioos:station:GOA_RUNOFF_DISCHARGE,urn:ioos:sensor:GOA_RUNOFF_DISCHARGE:q,58.069320239858385,-154.46915010358515,2004-02-27T00:00:00Z,2.7301841062967056
urn:ioos:station:GOA_RUNOFF_DISCHARGE,urn:ioos:sensor:GOA_RUNOFF_DISCHARGE:q,58.069320239858385,-154.46915010358515,2004-02-28T00:00:00Z,3.3399760045203744
urn:ioos:station:GOA_RUNOFF_DISCHARGE,urn:ioos:sensor:GOA_RUNOFF_DISCHARGE:q,58.069320239858385,-154.46915010358515,2004-02-29T00:00:00Z,2.7277131954854195
urn:ioos:station:GOA_RUNOFF_DISCHARGE,urn:ioos:sensor:GOA_RUNOFF_DISCHARGE:q,58.069320239858385,-154.46915010358515,2004-03-01T00:00:00Z,2.9877408405431973
urn:ioos:station:GOA_RUNOFF_DISCHARGE,urn:ioos:sensor:GOA_RUNOFF_DISCHARGE:q,58.069320239858385,-154.46915010358515,2004-03-02T00:00:00Z,3.327518046359072
urn:ioos:station:GOA_RUNOFF_DISCHARGE,urn:ioos:sensor:GOA_RUNOFF_DISCHARGE:q,58.069320239858385,-154.46915010358515,2004-03-03T00:00:00Z,6.489851587237487
urn:ioos:station:GOA_RUNOFF_DISCHARGE,urn:ioos:sensor:GOA_RUNOFF_DISCHARGE:q,58.069320239858385,-154.46915010358515,2004-03-04T00:00:00Z,4.904137272659543
urn:ioos:station:GOA_RUNOFF_DISCHARGE,urn:ioos:sensor:GOA_RUNOFF_DISCHARGE:q,58.069320239858385,-154.46915010358515,2004-03-05T00:00:00Z,3.1871492104733967
urn:ioos:station:GOA_RUNOFF_DISCHARGE,urn:ioos:sensor:GOA_RUNOFF_DISCHARGE:q,58.069320239858385,-154.46915010358515,2004-03-06T00:00:00Z,2.4460141023420694
urn:ioos:station:GOA_RUNOFF_DISCHARGE,urn:ioos:sensor:GOA_RUNOFF_DISCHARGE:q,58.069320239858385,-154.46915010358515,2004-03-07T00:00:00Z,1.59825357520338
urn:ioos:station:GOA_RUNOFF_DISCHARGE,urn:ioos:sensor:GOA_RUNOFF_DISCHARGE:q,58.069320239858385,-154.46915010358515,2004-03-08T00:00:00Z,1.0381781995766775
urn:ioos:station:GOA_RUNOFF_DISCHARGE,urn:ioos:sensor:GOA_RUNOFF_DISCHARGE:q,58.069320239858385,-154.46915010358515,2004-03-09T00:00:00Z,0.674027422759225
urn:ioos:station:GOA_RUNOFF_DISCHARGE,urn:ioos:sensor:GOA_RUNOFF_DISCHARGE:q,58.069320239858385,-154.46915010358515,2004-03-10T00:00:00Z,4.194751960789223
urn:ioos:station:GOA_RUNOFF_DISCHARGE,urn:ioos:sensor:GOA_RUNOFF_DISCHARGE:q,58.069320239858385,-154.46915010358515,2004-03-11T00:00:00Z,3.6451428302886053
urn:ioos:station:GOA_RUNOFF_DISCHARGE,urn:ioos:sensor:GOA_RUNOFF_DISCHARGE:q,58.069320239858385,-154.46915010358515,2004-03-12T00:00:00Z,2.7717962335064352
urn:ioos:station:GOA_RUNOFF_DISCHARGE,urn:ioos:sensor:GOA_RUNOFF_DISCHARGE:q,58.069320239858385,-154.46915010358515,2004-03-13T00:00:00Z,2.5585188208998733
urn:ioos:station:GOA_RUNOFF_DISCHARGE,urn:ioos:sensor:GOA_RUNOFF_DISCHARGE:q,58.069320239858385,-154.46915010358515,2004-03-14T00:00:00Z,1.913344432334053
urn:ioos:station:GOA_RUNOFF_DISCHARGE,urn:ioos:sensor:GOA_RUNOFF_DISCHARGE:q,58.069320239858385,-154.46915010358515,2004-03-15T00:00:00Z,6.147404555843705
urn:ioos:station:GOA_RUNOFF_DISCHARGE,urn:ioos:sensor:GOA_RUNOFF_DISCHARGE:q,58.069320239858385,-154.46915010358515,2004-03-16T00:00:00Z,4.348508602435721
urn:ioos:station:GOA_RUNOFF_DISCHARGE,urn:ioos:sensor:GOA_RUNOFF_DISCHARGE:q,58.069320239858385,-154.46915010358515,2004-03-17T00:00:00Z,2.8449950258193617
urn:ioos:station:GOA_RUNOFF_DISCHARGE,urn:ioos:sensor:GOA_RUNOFF_DISCHARGE:q,58.069320239858385,-154.46915010358515,2004-03-18T00:00:00Z,1.8479875126459355
urn:ioos:station:GOA_RUNOFF_DISCHARGE,urn:ioos:sensor:GOA_RUNOFF_DISCHARGE:q,58.069320239858385,-154.46915010358515,2004-03-19T00:00:00Z,1.1997863833158053
urn:ioos:station:GOA_RUNOFF_DISCHARGE,urn:ioos:sensor:GOA_RUNOFF_DISCHARGE:q,58.069320239858385,-154.46915010358515,2004-03-20T00:00:00Z,0.7789156922719845
urn:ioos:station:GOA_RUNOFF_DISCHARGE,urn:ioos:sensor:GOA_RUNOFF_DISCHARGE:q,58.069320239858385,-154.46915010358515,2004-03-21T00:00:00Z,0.6079614087641735
urn:ioos:station:GOA_RUNOFF_DISCHARGE,urn:ioos:sensor:GOA_RUNOFF_DISCHARGE:q,58.069320239858385,-154.46915010358515,2004-03-22T00:00:00Z,0.4331732141543544
urn:ioos:station:GOA_RUNOFF_DISCHARGE,urn:ioos:sensor:GOA_RUNOFF_DISCHARGE:q,58.069320239858385,-154.46915010358515,2004-03-23T00:00:00Z,0.3068837812041854
urn:ioos:station:GOA_RUNOFF_DISCHARGE,urn:ioos:sensor:GOA_RUNOFF_DISCHARGE:q,58.069320239858385,-154.46915010358515,2004-03-24T00:00:00Z,0.21723950993590166
urn:ioos:station:GOA_RUNOFF_DISCHARGE,urn:ioos:sensor:GOA_RUNOFF_DISCHARGE:q,58.069320239858385,-154.46915010358515,2004-03-25T00:00:00Z,0.1473998710106701
urn:ioos:station:GOA_RUNOFF_DISCHARGE,urn:ioos:sensor:GOA_RUNOFF_DISCHARGE:q,58.069320239858385,-154.46915010358515,2004-03-26T00:00:00Z,0.09584009788783145
urn:ioos:station:GOA_RUNOFF_DISCHARGE,urn:ioos:sensor:GOA_RUNOFF_DISCHARGE:q,58.069320239858385,-154.46915010358515,2004-03-27T00:00:00Z,0.0622285302877981
urn:ioos:station:GOA_RUNOFF_DISCHARGE,urn:ioos:sensor:GOA_RUNOFF_DISCHARGE:q,58.069320239858385,-154.46915010358515,2004-03-28T00:00:00Z,0.0443208279950016
urn:ioos:station:GOA_RUNOFF_DISCHARGE,urn:ioos:sensor:GOA_RUNOFF_DISCHARGE:q,58.069320239858385,-154.46915010358515,2004-03-29T00:00:00Z,0.028610282039290915
urn:ioos:station:GOA_RUNOFF_DISCHARGE,urn:ioos:sensor:GOA_RUNOFF_DISCHARGE:q,58.069320239858385,-154.46915010358515,2004-03-30T00:00:00Z,0.020367332058290787
urn:ioos:station:GOA_RUNOFF_DISCHARGE,urn:ioos:sensor:GOA_RUNOFF_DISCHARGE:q,58.069320239858385,-154.46915010358515,2004-03-31T00:00:00Z,0.013146727879994631
urn:ioos:station:GOA_RUNOFF_DISCHARGE,urn:ioos:sensor:GOA_RUNOFF_DISCHARGE:q,58.069320239858385,-154.46915010358515,2004-04-01T00:00:00Z,0.009358950252970736
urn:ioos:station:GOA_RUNOFF_DISCHARGE,urn:ioos:sensor:GOA_RUNOFF_DISCHARGE:q,58.069320239858385,-154.46915010358515,2004-04-02T00:00:00Z,0.006041020577527771
urn:ioos:station:GOA_RUNOFF_DISCHARGE,urn:ioos:sensor:GOA_RUNOFF_DISCHARGE:q,58.069320239858385,-154.46915010358515,2004-04-03T00:00:00Z,0.003919928305328953
urn:ioos:station:GOA_RUNOFF_DISCHARGE,urn:ioos:sensor:GOA_RUNOFF_DISCHARGE:q,58.069320239858385,-154.46915010358515,2004-04-04T00:00:00Z,0.002544744310427208
urn:ioos:station:GOA_RUNOFF_DISCHARGE,urn:ioos:sensor:GOA_RUNOFF_DISCHARGE:q,58.069320239858385,-154.46915010358515,2004-04-05T00:00:00Z,1.6004813679665746
urn:ioos:station:GOA_RUNOFF_DISCHARGE,urn:ioos:sensor:GOA_RUNOFF_DISCHARGE:q,58.069320239858385,-154.46915010358515,2004-04-06T00:00:00Z,3.425538559906706
urn:ioos:station:GOA_RUNOFF_DISCHARGE,urn:ioos:sensor:GOA_RUNOFF_DISCHARGE:q,58.069320239858385,-154.46915010358515,2004-04-07T00:00:00Z,6.5284505240935955
urn:ioos:station:GOA_RUNOFF_DISCHARGE,urn:ioos:sensor:GOA_RUNOFF_DISCHARGE:q,58.069320239858385,-154.46915010358515,2004-04-08T00:00:00Z,5.090664595877216
urn:ioos:station:GOA_RUNOFF_DISCHARGE,urn:ioos:sensor:GOA_RUNOFF_DISCHARGE:q,58.069320239858385,-154.46915010358515,2004-04-09T00:00:00Z,4.913082122402967
urn:ioos:station:GOA_RUNOFF_DISCHARGE,urn:ioos:sensor:GOA_RUNOFF_DISCHARGE:q,58.069320239858385,-154.46915010358515,2004-04-10T00:00:00Z,9.201319287437924
urn:ioos:station:GOA_RUNOFF_DISCHARGE,urn:ioos:sensor:GOA_RUNOFF_DISCHARGE:q,58.069320239858385,-154.46915010358515,2004-04-11T00:00:00Z,7.672386719057456
urn:ioos:station:GOA_RUNOFF_DISCHARGE,urn:ioos:sensor:GOA_RUNOFF_DISCHARGE:q,58.069320239858385,-154.46915010358515,2004-04-12T00:00:00Z,5.499748600318386
urn:ioos:station:GOA_RUNOFF_DISCHARGE,urn:ioos:sensor:GOA_RUNOFF_DISCHARGE:q,58.069320239858385,-154.46915010358515,2004-04-13T00:00:00Z,3.8996142807343146
urn:ioos:station:GOA_RUNOFF_DISCHARGE,urn:ioos:sensor:GOA_RUNOFF_DISCHARGE:q,58.069320239858385,-154.46915010358515,2004-04-14T00:00:00Z,2.760820663963042
urn:ioos:station:GOA_RUNOFF_DISCHARGE,urn:ioos:sensor:GOA_RUNOFF_DISCHARGE:q,58.069320239858385,-154.46915010358515,2004-04-15T00:00:00Z,1.9541655049857873
urn:ioos:station:GOA_RUNOFF_DISCHARGE,urn:ioos:sensor:GOA_RUNOFF_DISCHARGE:q,58.069320239858385,-154.46915010358515,2004-04-16T00:00:00Z,1.3831565924003053
urn:ioos:station:GOA_RUNOFF_DISCHARGE,urn:ioos:sensor:GOA_RUNOFF_DISCHARGE:q,58.069320239858385,-154.46915010358515,2004-04-17T00:00:00Z,1.0925628386560355
urn:ioos:station:GOA_RUNOFF_DISCHARGE,urn:ioos:sensor:GOA_RUNOFF_DISCHARGE:q,58.069320239858385,-154.46915010358515,2004-04-18T00:00:00Z,0.7786836908229534
urn:ioos:station:GOA_RUNOFF_DISCHARGE,urn:ioos:sensor:GOA_RUNOFF_DISCHARGE:q,58.069320239858385,-154.46915010358515,2004-04-19T00:00:00Z,1.026768359104307
urn:ioos:station:GOA_RUNOFF_DISCHARGE,urn:ioos:sensor:GOA_RUNOFF_DISCHARGE:q,58.069320239858385,-154.46915010358515,2004-04-20T00:00:00Z,0.7492695643811121
urn:ioos:station:GOA_RUNOFF_DISCHARGE,urn:ioos:sensor:GOA_RUNOFF_DISCHARGE:q,58.069320239858385,-154.46915010358515,2004-04-21T00:00:00Z,0.5325792571949478
urn:ioos:station:GOA_RUNOFF_DISCHARGE,urn:ioos:sensor:GOA_RUNOFF_DISCHARGE:q,58.069320239858385,-154.46915010358515,2004-04-22T00:00:00Z,0.45966916756413023
urn:ioos:station:GOA_RUNOFF_DISCHARGE,urn:ioos:sensor:GOA_RUNOFF_DISCHARGE:q,58.069320239858385,-154.46915010358515,2004-04-23T00:00:00Z,2.5457267069798304
urn:ioos:station:GOA_RUNOFF_DISCHARGE,urn:ioos:sensor:GOA_RUNOFF_DISCHARGE:q,58.069320239858385,-154.46915010358515,2004-04-24T00:00:00Z,1.9070959827603728
urn:ioos:station:GOA_RUNOFF_DISCHARGE,urn:ioos:sensor:GOA_RUNOFF_DISCHARGE:q,58.069320239858385,-154.46915010358515,2004-04-25T00:00:00Z,1.8578458968730975
urn:ioos:station:GOA_RUNOFF_DISCHARGE,urn:ioos:sensor:GOA_RUNOFF_DISCHARGE:q,58.069320239858385,-154.46915010358515,2004-04-26T00:00:00Z,1.339559132688546
urn:ioos:station:GOA_RUNOFF_DISCHARGE,urn:ioos:sensor:GOA_RUNOFF_DISCHARGE:q,58.069320239858385,-154.46915010358515,2004-04-27T00:00:00Z,0.9505888711119368
urn:ioos:station:GOA_RUNOFF_DISCHARGE,urn:ioos:sensor:GOA_RUNOFF_DISCHARGE:q,58.069320239858385,-154.46915010358515,2004-04-28T00:00:00Z,5.083812561019638
urn:ioos:station:GOA_RUNOFF_DISCHARGE,urn:ioos:sensor:GOA_RUNOFF_DISCHARGE:q,58.069320239858385,-154.46915010358515,2004-04-29T00:00:00Z,3.8069760429353416
urn:ioos:station:GOA_RUNOFF_DISCHARGE,urn:ioos:sensor:GOA_RUNOFF_DISCHARGE:q,58.069320239858385,-154.46915010358515,2004-04-30T00:00:00Z,5.404417382841688
urn:ioos:station:GOA_RUNOFF_DISCHARGE,urn:ioos:sensor:GOA_RUNOFF_DISCHARGE:q,58.069320239858385,-154.46915010358515,2004-05-01T00:00:00Z,3.9545084415670595
urn:ioos:station:GOA_RUNOFF_DISCHARGE,urn:ioos:sensor:GOA_RUNOFF_DISCHARGE:q,58.069320239858385,-154.46915010358515,2004-05-02T00:00:00Z,3.0635297346585197
urn:ioos:station:GOA_RUNOFF_DISCHARGE,urn:ioos:sensor:GOA_RUNOFF_DISCHARGE:q,58.069320239858385,-154.46915010358515,2004-05-03T00:00:00Z,2.1815457377424443
urn:ioos:station:GOA_RUNOFF_DISCHARGE,urn:ioos:sensor:GOA_RUNOFF_DISCHARGE:q,58.069320239858385,-154.46915010358515,2004-05-04T00:00:00Z,1.5454057894994584
urn:ioos:station:GOA_RUNOFF_DISCHARGE,urn:ioos:sensor:GOA_RUNOFF_DISCHARGE:q,58.069320239858385,-154.46915010358515,2004-05-05T00:00:00Z,1.0939630039081132
urn:ioos:station:GOA_RUNOFF_DISCHARGE,urn:ioos:sensor:GOA_RUNOFF_DISCHARGE:q,58.069320239858385,-154.46915010358515,2004-05-06T00:00:00Z,0.7743153278430382
urn:ioos:station:GOA_RUNOFF_DISCHARGE,urn:ioos:sensor:GOA_RUNOFF_DISCHARGE:q,58.069320239858385,-154.46915010358515,2004-05-07T00:00:00Z,0.5480582662636443
urn:ioos:station:GOA_RUNOFF_DISCHARGE,urn:ioos:sensor:GOA_RUNOFF_DISCHARGE:q,58.069320239858385,-154.46915010358515,2004-05-08T00:00:00Z,0.38791329665351393
urn:ioos:station:GOA_RUNOFF_DISCHARGE,urn:ioos:sensor:GOA_RUNOFF_DISCHARGE:q,58.069320239858385,-154.46915010358515,2004-05-09T00:00:00Z,0.27456333833963176
urn:ioos:station:GOA_RUNOFF_DISCHARGE,urn:ioos:sensor:GOA_RUNOFF_DISCHARGE:q,58.069320239858385,-154.46915010358515,2004-05-10T00:00:00Z,0.1943346949181787
urn:ioos:station:GOA_RUNOFF_DISCHARGE,urn:ioos:sensor:GOA_RUNOFF_DISCHARGE:q,58.069320239858385,-154.46915010358515,2004-05-11T00:00:00Z,0.2814338405651762
urn:ioos:station:GOA_RUNOFF_DISCHARGE,urn:ioos:sensor:GOA_RUNOFF_DISCHARGE:q,58.069320239858385,-154.46915010358515,2004-05-12T00:00:00Z,0.2060041310011534
urn:ioos:station:GOA_RUNOFF_DISCHARGE,urn:ioos:sensor:GOA_RUNOFF_DISCHARGE:q,58.069320239858385,-154.46915010358515,2004-05-13T00:00:00Z,0.14648849077911658
urn:ioos:station:GOA_RUNOFF_DISCHARGE,urn:ioos:sensor:GOA_RUNOFF_DISCHARGE:q,58.069320239858385,-154.46915010358515,2004-05-14T00:00:00Z,0.1037517781502316
urn:ioos:station:GOA_RUNOFF_DISCHARGE,urn:ioos:sensor:GOA_RUNOFF_DISCHARGE:q,58.069320239858385,-154.46915010358515,2004-05-15T00:00:00Z,0.07344181991531566
urn:ioos:station:GOA_RUNOFF_DISCHARGE,urn:ioos:sensor:GOA_RUNOFF_DISCHARGE:q,58.069320239858385,-154.46915010358515,2004-05-16T00:00:00Z,0.9698453202749879
urn:ioos:station:GOA_RUNOFF_DISCHARGE,urn:ioos:sensor:GOA_RUNOFF_DISCHARGE:q,58.069320239858385,-154.46915010358515,2004-05-17T00:00:00Z,1.9396159159551078
urn:ioos:station:GOA_RUNOFF_DISCHARGE,urn:ioos:sensor:GOA_RUNOFF_DISCHARGE:q,58.069320239858385,-154.46915010358515,2004-05-18T00:00:00Z,1.4344149017746581
urn:ioos:station:GOA_RUNOFF_DISCHARGE,urn:ioos:sensor:GOA_RUNOFF_DISCHARGE:q,58.069320239858385,-154.46915010358515,2004-05-19T00:00:00Z,1.0214200909397542
urn:ioos:station:GOA_RUNOFF_DISCHARGE,urn:ioos:sensor:GOA_RUNOFF_DISCHARGE:q,58.069320239858385,-154.46915010358515,2004-05-20T00:00:00Z,0.7235704869436324
urn:ioos:station:GOA_RUNOFF_DISCHARGE,urn:ioos:sensor:GOA_RUNOFF_DISCHARGE:q,58.069320239858385,-154.46915010358515,2004-05-21T00:00:00Z,0.5122012813219501
urn:ioos:station:GOA_RUNOFF_DISCHARGE,urn:ioos:sensor:GOA_RUNOFF_DISCHARGE:q,58.069320239858385,-154.46915010358515,2004-05-22T00:00:00Z,0.36253992241276733
urn:ioos:station:GOA_RUNOFF_DISCHARGE,urn:ioos:sensor:GOA_RUNOFF_DISCHARGE:q,58.069320239858385,-154.46915010358515,2004-05-23T00:00:00Z,0.25660473567221703
urn:ioos:station:GOA_RUNOFF_DISCHARGE,urn:ioos:sensor:GOA_RUNOFF_DISCHARGE:q,58.069320239858385,-154.46915010358515,2004-05-24T00:00:00Z,2.0187149254427434
urn:ioos:station:GOA_RUNOFF_DISCHARGE,urn:ioos:sensor:GOA_RUNOFF_DISCHARGE:q,58.069320239858385,-154.46915010358515,2004-05-25T00:00:00Z,2.952625806365423
urn:ioos:station:GOA_RUNOFF_DISCHARGE,urn:ioos:sensor:GOA_RUNOFF_DISCHARGE:q,58.069320239858385,-154.46915010358515,2004-05-26T00:00:00Z,2.166505702779251
urn:ioos:station:GOA_RUNOFF_DISCHARGE,urn:ioos:sensor:GOA_RUNOFF_DISCHARGE:q,58.069320239858385,-154.46915010358515,2004-05-27T00:00:00Z,1.5410974166872542
urn:ioos:station:GOA_RUNOFF_DISCHARGE,urn:ioos:sensor:GOA_RUNOFF_DISCHARGE:q,58.069320239858385,-154.46915010358515,2004-05-28T00:00:00Z,1.0915462289608904
urn:ioos:station:GOA_RUNOFF_DISCHARGE,urn:ioos:sensor:GOA_RUNOFF_DISCHARGE:q,58.069320239858385,-154.46915010358515,2004-05-29T00:00:00Z,1.2227132835295906
urn:ioos:station:GOA_RUNOFF_DISCHARGE,urn:ioos:sensor:GOA_RUNOFF_DISCHARGE:q,58.069320239858385,-154.46915010358515,2004-05-30T00:00:00Z,1.2416917519374375
urn:ioos:station:GOA_RUNOFF_DISCHARGE,urn:ioos:sensor:GOA_RUNOFF_DISCHARGE:q,58.069320239858385,-154.46915010358515,2004-05-31T00:00:00Z,0.8977822628696238
urn:ioos:station:GOA_RUNOFF_DISCHARGE,urn:ioos:sensor:GOA_RUNOFF_DISCHARGE:q,58.069320239858385,-154.46915010358515,2004-06-01T00:00:00Z,0.6373354759821814
urn:ioos:station:GOA_RUNOFF_DISCHARGE,urn:ioos:sensor:GOA_RUNOFF_DISCHARGE:q,58.069320239858385,-154.46915010358515,2004-06-02T00:00:00Z,0.45129185638102426
urn:ioos:station:GOA_RUNOFF_DISCHARGE,urn:ioos:sensor:GOA_RUNOFF_DISCHARGE:q,58.069320239858385,-154.46915010358515,2004-06-03T00:00:00Z,0.3194412296381442
urn:ioos:station:GOA_RUNOFF_DISCHARGE,urn:ioos:sensor:GOA_RUNOFF_DISCHARGE:q,58.069320239858385,-154.46915010358515,2004-06-04T00:00:00Z,0.45102821538082094
urn:ioos:station:GOA_RUNOFF_DISCHARGE,urn:ioos:sensor:GOA_RUNOFF_DISCHARGE:q,58.069320239858385,-154.46915010358515,2004-06-05T00:00:00Z,0.329876229885212
urn:ioos:station:GOA_RUNOFF_DISCHARGE,urn:ioos:sensor:GOA_RUNOFF_DISCHARGE:q,58.069320239858385,-154.46915010358515,2004-06-06T00:00:00Z,0.23454747910948887
urn:ioos:station:GOA_RUNOFF_DISCHARGE,urn:ioos:sensor:GOA_RUNOFF_DISCHARGE:q,58.069320239858385,-154.46915010358515,2004-06-07T00:00:00Z,0.1661177735721957
urn:ioos:station:GOA_RUNOFF_DISCHARGE,urn:ioos:sensor:GOA_RUNOFF_DISCHARGE:q,58.069320239858385,-154.46915010358515,2004-06-08T00:00:00Z,0.11758802192596356
urn:ioos:station:GOA_RUNOFF_DISCHARGE,urn:ioos:sensor:GOA_RUNOFF_DISCHARGE:q,58.069320239858385,-154.46915010358515,2004-06-09T00:00:00Z,0.0832293358234673
urn:ioos:station:GOA_RUNOFF_DISCHARGE,urn:ioos:sensor:GOA_RUNOFF_DISCHARGE:q,58.069320239858385,-154.46915010358515,2004-06-10T00:00:00Z,0.058909456679778004
urn:ioos:station:GOA_RUNOFF_DISCHARGE,urn:ioos:sensor:GOA_RUNOFF_DISCHARGE:q,58.069320239858385,-154.46915010358515,2004-06-11T00:00:00Z,0.6553104904334162
urn:ioos:station:GOA_RUNOFF_DISCHARGE,urn:ioos:sensor:GOA_RUNOFF_DISCHARGE:q,58.069320239858385,-154.46915010358515,2004-06-12T00:00:00Z,2.361029610106882
urn:ioos:station:GOA_RUNOFF_DISCHARGE,urn:ioos:sensor:GOA_RUNOFF_DISCHARGE:q,58.069320239858385,-154.46915010358515,2004-06-13T00:00:00Z,1.762399566684235
urn:ioos:station:GOA_RUNOFF_DISCHARGE,urn:ioos:sensor:GOA_RUNOFF_DISCHARGE:q,58.069320239858385,-154.46915010358515,2004-06-14T00:00:00Z,1.256533135248781
urn:ioos:station:GOA_RUNOFF_DISCHARGE,urn:ioos:sensor:GOA_RUNOFF_DISCHARGE:q,58.069320239858385,-154.46915010358515,2004-06-15T00:00:00Z,0.8902786900611935
urn:ioos:station:GOA_RUNOFF_DISCHARGE,urn:ioos:sensor:GOA_RUNOFF_DISCHARGE:q,58.069320239858385,-154.46915010358515,2004-06-16T00:00:00Z,0.9274331268263681
urn:ioos:station:GOA_RUNOFF_DISCHARGE,urn:ioos:sensor:GOA_RUNOFF_DISCHARGE:q,58.069320239858385,-154.46915010358515,2004-06-17T00:00:00Z,1.5620007011998784
urn:ioos:station:GOA_RUNOFF_DISCHARGE,urn:ioos:sensor:GOA_RUNOFF_DISCHARGE:q,58.069320239858385,-154.46915010358515,2004-06-18T00:00:00Z,1.980509345168774
urn:ioos:station:GOA_RUNOFF_DISCHARGE,urn:ioos:sensor:GOA_RUNOFF_DISCHARGE:q,58.069320239858385,-154.46915010358515,2004-06-19T00:00:00Z,3.2752013578197317
urn:ioos:station:GOA_RUNOFF_DISCHARGE,urn:ioos:sensor:GOA_RUNOFF_DISCHARGE:q,58.069320239858385,-154.46915010358515,2004-06-20T00:00:00Z,2.4090904172307654
urn:ioos:station:GOA_RUNOFF_DISCHARGE,urn:ioos:sensor:GOA_RUNOFF_DISCHARGE:q,58.069320239858385,-154.46915010358515,2004-06-21T00:00:00Z,1.714222462831719
urn:ioos:station:GOA_RUNOFF_DISCHARGE,urn:ioos:sensor:GOA_RUNOFF_DISCHARGE:q,58.069320239858385,-154.46915010358515,2004-06-22T00:00:00Z,1.2142257272575774
urn:ioos:station:GOA_RUNOFF_DISCHARGE,urn:ioos:sensor:GOA_RUNOFF_DISCHARGE:q,58.069320239858385,-154.46915010358515,2004-06-23T00:00:00Z,0.8595139955015445
urn:ioos:station:GOA_RUNOFF_DISCHARGE,urn:ioos:sensor:GOA_RUNOFF_DISCHARGE:q,58.069320239858385,-154.46915010358515,2004-06-24T00:00:00Z,0.6083693024373922
urn:ioos:station:GOA_RUNOFF_DISCHARGE,urn:ioos:sensor:GOA_RUNOFF_DISCHARGE:q,58.069320239858385,-154.46915010358515,2004-06-25T00:00:00Z,0.4306019579474068
urn:ioos:station:GOA_RUNOFF_DISCHARGE,urn:ioos:sensor:GOA_RUNOFF_DISCHARGE:q,58.069320239858385,-154.46915010358515,2004-06-26T00:00:00Z,0.38213171135102714
urn:ioos:station:GOA_RUNOFF_DISCHARGE,urn:ioos:sensor:GOA_RUNOFF_DISCHARGE:q,58.069320239858385,-154.46915010358515,2004-06-27T00:00:00Z,0.2741303665398343
urn:ioos:station:GOA_RUNOFF_DISCHARGE,urn:ioos:sensor:GOA_RUNOFF_DISCHARGE:q,58.069320239858385,-154.46915010358515,2004-06-28T00:00:00Z,0.1943936655161533
urn:ioos:station:GOA_RUNOFF_DISCHARGE,urn:ioos:sensor:GOA_RUNOFF_DISCHARGE:q,58.069320239858385,-154.46915010358515,2004-06-29T00:00:00Z,0.13762746775715834
urn:ioos:station:GOA_RUNOFF_DISCHARGE,urn:ioos:sensor:GOA_RUNOFF_DISCHARGE:q,58.069320239858385,-154.46915010358515,2004-06-30T00:00:00Z,0.09741575246960399
urn:ioos:station:GOA_RUNOFF_DISCHARGE,urn:ioos:sensor:GOA_RUNOFF_DISCHARGE:q,58.069320239858385,-154.46915010358515,2004-07-01T00:00:00Z,0.0689507961182526
urn:ioos:station:GOA_RUNOFF_DISCHARGE,urn:ioos:sensor:GOA_RUNOFF_DISCHARGE:q,58.069320239858385,-154.46915010358515,2004-07-02T00:00:00Z,0.04880310322594016
urn:ioos:station:GOA_RUNOFF_DISCHARGE,urn:ioos:sensor:GOA_RUNOFF_DISCHARGE:q,58.069320239858385,-154.46915010358515,2004-07-03T00:00:00Z,0.034542627994198716
urn:ioos:station:GOA_RUNOFF_DISCHARGE,urn:ioos:sensor:GOA_RUNOFF_DISCHARGE:q,58.069320239858385,-154.46915010358515,2004-07-04T00:00:00Z,0.02444911783010381
urn:ioos:station:GOA_RUNOFF_DISCHARGE,urn:ioos:sensor:GOA_RUNOFF_DISCHARGE:q,58.069320239858385,-154.46915010358515,2004-07-05T00:00:00Z,0.0458004045737996
urn:ioos:station:GOA_RUNOFF_DISCHARGE,urn:ioos:sensor:GOA_RUNOFF_DISCHARGE:q,58.069320239858385,-154.46915010358515,2004-07-06T00:00:00Z,0.03376531296063406
urn:ioos:station:GOA_RUNOFF_DISCHARGE,urn:ioos:sensor:GOA_RUNOFF_DISCHARGE:q,58.069320239858385,-154.46915010358515,2004-07-07T00:00:00Z,0.02403354655010057
urn:ioos:station:GOA_RUNOFF_DISCHARGE,urn:ioos:sensor:GOA_RUNOFF_DISCHARGE:q,58.069320239858385,-154.46915010358515,2004-07-08T00:00:00Z,0.017024279033417897
urn:ioos:station:GOA_RUNOFF_DISCHARGE,urn:ioos:sensor:GOA_RUNOFF_DISCHARGE:q,58.069320239858385,-154.46915010358515,2004-07-09T00:00:00Z,0.012051051168473513
urn:ioos:station:GOA_RUNOFF_DISCHARGE,urn:ioos:sensor:GOA_RUNOFF_DISCHARGE:q,58.069320239858385,-154.46915010358515,2004-07-10T00:00:00Z,0.00852981445698658
urn:ioos:station:GOA_RUNOFF_DISCHARGE,urn:ioos:sensor:GOA_RUNOFF_DISCHARGE:q,58.069320239858385,-154.46915010358515,2004-07-11T00:00:00Z,0.006037377568525383
urn:ioos:station:GOA_RUNOFF_DISCHARGE,urn:ioos:sensor:GOA_RUNOFF_DISCHARGE:q,58.069320239858385,-154.46915010358515,2004-07-12T00:00:00Z,0.0042732305456476384
urn:ioos:station:GOA_RUNOFF_DISCHARGE,urn:ioos:sensor:GOA_RUNOFF_DISCHARGE:q,58.069320239858385,-154.46915010358515,2004-07-13T00:00:00Z,0.0030245736647240887
urn:ioos:station:GOA_RUNOFF_DISCHARGE,urn:ioos:sensor:GOA_RUNOFF_DISCHARGE:q,58.069320239858385,-154.46915010358515,2004-07-14T00:00:00Z,0.0021407797578291937
urn:ioos:station:GOA_RUNOFF_DISCHARGE,urn:ioos:sensor:GOA_RUNOFF_DISCHARGE:q,58.069320239858385,-154.46915010358515,2004-07-15T00:00:00Z,0.0015152345400271166
urn:ioos:station:GOA_RUNOFF_DISCHARGE,urn:ioos:sensor:GOA_RUNOFF_DISCHARGE:q,58.069320239858385,-154.46915010358515,2004-07-16T00:00:00Z,0.0010724762968225803
urn:ioos:station:GOA_RUNOFF_DISCHARGE,urn:ioos:sensor:GOA_RUNOFF_DISCHARGE:q,58.069320239858385,-154.46915010358515,2004-07-17T00:00:00Z,7.590938860372903E-4
urn:ioos:station:GOA_RUNOFF_DISCHARGE,urn:ioos:sensor:GOA_RUNOFF_DISCHARGE:q,58.069320239858385,-154.46915010358515,2004-07-18T00:00:00Z,5.372832844754186E-4
urn:ioos:station:GOA_RUNOFF_DISCHARGE,urn:ioos:sensor:GOA_RUNOFF_DISCHARGE:q,58.069320239858385,-154.46915010358515,2004-07-19T00:00:00Z,1.6456438343342312
urn:ioos:station:GOA_RUNOFF_DISCHARGE,urn:ioos:sensor:GOA_RUNOFF_DISCHARGE:q,58.069320239858385,-154.46915010358515,2004-07-20T00:00:00Z,1.2426092331427356
urn:ioos:station:GOA_RUNOFF_DISCHARGE,urn:ioos:sensor:GOA_RUNOFF_DISCHARGE:q,58.069320239858385,-154.46915010358515,2004-07-21T00:00:00Z,0.8872852990940652
urn:ioos:station:GOA_RUNOFF_DISCHARGE,urn:ioos:sensor:GOA_RUNOFF_DISCHARGE:q,58.069320239858385,-154.46915010358515,2004-07-22T00:00:00Z,0.6287927313870217
urn:ioos:station:GOA_RUNOFF_DISCHARGE,urn:ioos:sensor:GOA_RUNOFF_DISCHARGE:q,58.069320239858385,-154.46915010358515,2004-07-23T00:00:00Z,0.44513421429256883
urn:ioos:station:GOA_RUNOFF_DISCHARGE,urn:ioos:sensor:GOA_RUNOFF_DISCHARGE:q,58.069320239858385,-154.46915010358515,2004-07-24T00:00:00Z,0.31507174842045377
urn:ioos:station:GOA_RUNOFF_DISCHARGE,urn:ioos:sensor:GOA_RUNOFF_DISCHARGE:q,58.069320239858385,-154.46915010358515,2004-07-25T00:00:00Z,0.22300715015554337
urn:ioos:station:GOA_RUNOFF_DISCHARGE,urn:ioos:sensor:GOA_RUNOFF_DISCHARGE:q,58.069320239858385,-154.46915010358515,2004-07-26T00:00:00Z,1.3420881918641487
urn:ioos:station:GOA_RUNOFF_DISCHARGE,urn:ioos:sensor:GOA_RUNOFF_DISCHARGE:q,58.069320239858385,-154.46915010358515,2004-07-27T00:00:00Z,3.9721029262812246
urn:ioos:station:GOA_RUNOFF_DISCHARGE,urn:ioos:sensor:GOA_RUNOFF_DISCHARGE:q,58.069320239858385,-154.46915010358515,2004-07-28T00:00:00Z,3.9953162269228755
urn:ioos:station:GOA_RUNOFF_DISCHARGE,urn:ioos:sensor:GOA_RUNOFF_DISCHARGE:q,58.069320239858385,-154.46915010358515,2004-07-29T00:00:00Z,2.891538713175608
urn:ioos:station:GOA_RUNOFF_DISCHARGE,urn:ioos:sensor:GOA_RUNOFF_DISCHARGE:q,58.069320239858385,-154.46915010358515,2004-07-30T00:00:00Z,2.0529766784192605
urn:ioos:station:GOA_RUNOFF_DISCHARGE,urn:ioos:sensor:GOA_RUNOFF_DISCHARGE:q,58.069320239858385,-154.46915010358515,2004-07-31T00:00:00Z,1.4537225267606029
urn:ioos:station:GOA_RUNOFF_DISCHARGE,urn:ioos:sensor:GOA_RUNOFF_DISCHARGE:q,58.069320239858385,-154.46915010358515,2004-08-01T00:00:00Z,1.029001874613764
urn:ioos:station:GOA_RUNOFF_DISCHARGE,urn:ioos:sensor:GOA_RUNOFF_DISCHARGE:q,58.069320239858385,-154.46915010358515,2004-08-02T00:00:00Z,0.7283292464645171
urn:ioos:station:GOA_RUNOFF_DISCHARGE,urn:ioos:sensor:GOA_RUNOFF_DISCHARGE:q,58.069320239858385,-154.46915010358515,2004-08-03T00:00:00Z,0.5155088313252488
urn:ioos:station:GOA_RUNOFF_DISCHARGE,urn:ioos:sensor:GOA_RUNOFF_DISCHARGE:q,58.069320239858385,-154.46915010358515,2004-08-04T00:00:00Z,0.36487493444500685
urn:ioos:station:GOA_RUNOFF_DISCHARGE,urn:ioos:sensor:GOA_RUNOFF_DISCHARGE:q,58.069320239858385,-154.46915010358515,2004-08-05T00:00:00Z,0.25825688265122293
urn:ioos:station:GOA_RUNOFF_DISCHARGE,urn:ioos:sensor:GOA_RUNOFF_DISCHARGE:q,58.069320239858385,-154.46915010358515,2004-08-06T00:00:00Z,0.7376675843474659
urn:ioos:station:GOA_RUNOFF_DISCHARGE,urn:ioos:sensor:GOA_RUNOFF_DISCHARGE:q,58.069320239858385,-154.46915010358515,2004-08-07T00:00:00Z,0.5483663736600894
urn:ioos:station:GOA_RUNOFF_DISCHARGE,urn:ioos:sensor:GOA_RUNOFF_DISCHARGE:q,58.069320239858385,-154.46915010358515,2004-08-08T00:00:00Z,0.39075240369699543
urn:ioos:station:GOA_RUNOFF_DISCHARGE,urn:ioos:sensor:GOA_RUNOFF_DISCHARGE:q,58.069320239858385,-154.46915010358515,2004-08-09T00:00:00Z,0.2768345943740052
urn:ioos:station:GOA_RUNOFF_DISCHARGE,urn:ioos:sensor:GOA_RUNOFF_DISCHARGE:q,58.069320239858385,-154.46915010358515,2004-08-10T00:00:00Z,0.1959684238632383
urn:ioos:station:GOA_RUNOFF_DISCHARGE,urn:ioos:sensor:GOA_RUNOFF_DISCHARGE:q,58.069320239858385,-154.46915010358515,2004-08-11T00:00:00Z,0.13870818701064258
urn:ioos:station:GOA_RUNOFF_DISCHARGE,urn:ioos:sensor:GOA_RUNOFF_DISCHARGE:q,58.069320239858385,-154.46915010358515,2004-08-12T00:00:00Z,0.09817730528393868
urn:ioos:station:GOA_RUNOFF_DISCHARGE,urn:ioos:sensor:GOA_RUNOFF_DISCHARGE:q,58.069320239858385,-154.46915010358515,2004-08-13T00:00:00Z,0.0694894907218366
urn:ioos:station:GOA_RUNOFF_DISCHARGE,urn:ioos:sensor:GOA_RUNOFF_DISCHARGE:q,58.069320239858385,-154.46915010358515,2004-08-14T00:00:00Z,0.049184352417461046
urn:ioos:station:GOA_RUNOFF_DISCHARGE,urn:ioos:sensor:GOA_RUNOFF_DISCHARGE:q,58.069320239858385,-154.46915010358515,2004-08-15T00:00:00Z,0.034812468636185714
urn:ioos:station:GOA_RUNOFF_DISCHARGE,urn:ioos:sensor:GOA_RUNOFF_DISCHARGE:q,58.069320239858385,-154.46915010358515,2004-08-16T00:00:00Z,0.02464011037542635
urn:ioos:station:GOA_RUNOFF_DISCHARGE,urn:ioos:sensor:GOA_RUNOFF_DISCHARGE:q,58.069320239858385,-154.46915010358515,2004-08-17T00:00:00Z,0.017440159678835086
urn:ioos:station:GOA_RUNOFF_DISCHARGE,urn:ioos:sensor:GOA_RUNOFF_DISCHARGE:q,58.069320239858385,-154.46915010358515,2004-08-18T00:00:00Z,0.01234406852170437
urn:ioos:station:GOA_RUNOFF_DISCHARGE,urn:ioos:sensor:GOA_RUNOFF_DISCHARGE:q,58.069320239858385,-154.46915010358515,2004-08-19T00:00:00Z,0.008737075409134988
urn:ioos:station:GOA_RUNOFF_DISCHARGE,urn:ioos:sensor:GOA_RUNOFF_DISCHARGE:q,58.069320239858385,-154.46915010358515,2004-08-20T00:00:00Z,0.006184063539273386
urn:ioos:station:GOA_RUNOFF_DISCHARGE,urn:ioos:sensor:GOA_RUNOFF_DISCHARGE:q,58.069320239858385,-154.46915010358515,2004-08-21T00:00:00Z,0.00437705244799542
urn:ioos:station:GOA_RUNOFF_DISCHARGE,urn:ioos:sensor:GOA_RUNOFF_DISCHARGE:q,58.069320239858385,-154.46915010358515,2004-08-22T00:00:00Z,0.0030980587423521683
urn:ioos:station:GOA_RUNOFF_DISCHARGE,urn:ioos:sensor:GOA_RUNOFF_DISCHARGE:q,58.069320239858385,-154.46915010358515,2004-08-23T00:00:00Z,0.002192792331944292
urn:ioos:station:GOA_RUNOFF_DISCHARGE,urn:ioos:sensor:GOA_RUNOFF_DISCHARGE:q,58.069320239858385,-154.46915010358515,2004-08-24T00:00:00Z,1.5696057705310915
urn:ioos:station:GOA_RUNOFF_DISCHARGE,urn:ioos:sensor:GOA_RUNOFF_DISCHARGE:q,58.069320239858385,-154.46915010358515,2004-08-25T00:00:00Z,3.3101280018217114
urn:ioos:station:GOA_RUNOFF_DISCHARGE,urn:ioos:sensor:GOA_RUNOFF_DISCHARGE:q,58.069320239858385,-154.46915010358515,2004-08-26T00:00:00Z,2.4508243665793112
urn:ioos:station:GOA_RUNOFF_DISCHARGE,urn:ioos:sensor:GOA_RUNOFF_DISCHARGE:q,58.069320239858385,-154.46915010358515,2004-08-27T00:00:00Z,3.0485748173236358
urn:ioos:station:GOA_RUNOFF_DISCHARGE,urn:ioos:sensor:GOA_RUNOFF_DISCHARGE:q,58.069320239858385,-154.46915010358515,2004-08-28T00:00:00Z,2.2204881709316524
urn:ioos:station:GOA_RUNOFF_DISCHARGE,urn:ioos:sensor:GOA_RUNOFF_DISCHARGE:q,58.069320239858385,-154.46915010358515,2004-08-29T00:00:00Z,1.5779149349885961
urn:ioos:station:GOA_RUNOFF_DISCHARGE,urn:ioos:sensor:GOA_RUNOFF_DISCHARGE:q,58.069320239858385,-154.46915010358515,2004-08-30T00:00:00Z,1.1174665859204969
urn:ioos:station:GOA_RUNOFF_DISCHARGE,urn:ioos:sensor:GOA_RUNOFF_DISCHARGE:q,58.069320239858385,-154.46915010358515,2004-08-31T00:00:00Z,0.7910003563524102
urn:ioos:station:GOA_RUNOFF_DISCHARGE,urn:ioos:sensor:GOA_RUNOFF_DISCHARGE:q,58.069320239858385,-154.46915010358515,2004-09-01T00:00:00Z,0.8801867256963762
urn:ioos:station:GOA_RUNOFF_DISCHARGE,urn:ioos:sensor:GOA_RUNOFF_DISCHARGE:q,58.069320239858385,-154.46915010358515,2004-09-02T00:00:00Z,2.3560393753665076
urn:ioos:station:GOA_RUNOFF_DISCHARGE,urn:ioos:sensor:GOA_RUNOFF_DISCHARGE:q,58.069320239858385,-154.46915010358515,2004-09-03T00:00:00Z,2.519136591371504
urn:ioos:station:GOA_RUNOFF_DISCHARGE,urn:ioos:sensor:GOA_RUNOFF_DISCHARGE:q,58.069320239858385,-154.46915010358515,2004-09-04T00:00:00Z,1.8276246658722508
urn:ioos:station:GOA_RUNOFF_DISCHARGE,urn:ioos:sensor:GOA_RUNOFF_DISCHARGE:q,58.069320239858385,-154.46915010358515,2004-09-05T00:00:00Z,1.2980375169599243
urn:ioos:station:GOA_RUNOFF_DISCHARGE,urn:ioos:sensor:GOA_RUNOFF_DISCHARGE:q,58.069320239858385,-154.46915010358515,2004-09-06T00:00:00Z,0.9191898726189144
urn:ioos:station:GOA_RUNOFF_DISCHARGE,urn:ioos:sensor:GOA_RUNOFF_DISCHARGE:q,58.069320239858385,-154.46915010358515,2004-09-07T00:00:00Z,0.6506428344018731
urn:ioos:station:GOA_RUNOFF_DISCHARGE,urn:ioos:sensor:GOA_RUNOFF_DISCHARGE:q,58.069320239858385,-154.46915010358515,2004-09-08T00:00:00Z,0.4605265928230249
urn:ioos:station:GOA_RUNOFF_DISCHARGE,urn:ioos:sensor:GOA_RUNOFF_DISCHARGE:q,58.069320239858385,-154.46915010358515,2004-09-09T00:00:00Z,0.32595914162632844
urn:ioos:station:GOA_RUNOFF_DISCHARGE,urn:ioos:sensor:GOA_RUNOFF_DISCHARGE:q,58.069320239858385,-154.46915010358515,2004-09-10T00:00:00Z,0.3203016478275551
urn:ioos:station:GOA_RUNOFF_DISCHARGE,urn:ioos:sensor:GOA_RUNOFF_DISCHARGE:q,58.069320239858385,-154.46915010358515,2004-09-11T00:00:00Z,0.5612733371775263
urn:ioos:station:GOA_RUNOFF_DISCHARGE,urn:ioos:sensor:GOA_RUNOFF_DISCHARGE:q,58.069320239858385,-154.46915010358515,2004-09-12T00:00:00Z,0.41331620552726733
urn:ioos:station:GOA_RUNOFF_DISCHARGE,urn:ioos:sensor:GOA_RUNOFF_DISCHARGE:q,58.069320239858385,-154.46915010358515,2004-09-13T00:00:00Z,0.29414603337363054
urn:ioos:station:GOA_RUNOFF_DISCHARGE,urn:ioos:sensor:GOA_RUNOFF_DISCHARGE:q,58.069320239858385,-154.46915010358515,2004-09-14T00:00:00Z,0.20835530814711545
urn:ioos:station:GOA_RUNOFF_DISCHARGE,urn:ioos:sensor:GOA_RUNOFF_DISCHARGE:q,58.069320239858385,-154.46915010358515,2004-09-15T00:00:00Z,0.14748893536053914
urn:ioos:station:GOA_RUNOFF_DISCHARGE,urn:ioos:sensor:GOA_RUNOFF_DISCHARGE:q,58.069320239858385,-154.46915010358515,2004-09-16T00:00:00Z,0.2880447965141358
urn:ioos:station:GOA_RUNOFF_DISCHARGE,urn:ioos:sensor:GOA_RUNOFF_DISCHARGE:q,58.069320239858385,-154.46915010358515,2004-09-17T00:00:00Z,0.21256465113751172
urn:ioos:station:GOA_RUNOFF_DISCHARGE,urn:ioos:sensor:GOA_RUNOFF_DISCHARGE:q,58.069320239858385,-154.46915010358515,2004-09-18T00:00:00Z,0.3114650369229124
urn:ioos:station:GOA_RUNOFF_DISCHARGE,urn:ioos:sensor:GOA_RUNOFF_DISCHARGE:q,58.069320239858385,-154.46915010358515,2004-09-19T00:00:00Z,2.1753963508799186
urn:ioos:station:GOA_RUNOFF_DISCHARGE,urn:ioos:sensor:GOA_RUNOFF_DISCHARGE:q,58.069320239858385,-154.46915010358515,2004-09-20T00:00:00Z,2.031214061065654
urn:ioos:station:GOA_RUNOFF_DISCHARGE,urn:ioos:sensor:GOA_RUNOFF_DISCHARGE:q,58.069320239858385,-154.46915010358515,2004-09-21T00:00:00Z,1.4658150185054557
urn:ioos:station:GOA_RUNOFF_DISCHARGE,urn:ioos:sensor:GOA_RUNOFF_DISCHARGE:q,58.069320239858385,-154.46915010358515,2004-09-22T00:00:00Z,1.3496127480755393
urn:ioos:station:GOA_RUNOFF_DISCHARGE,urn:ioos:sensor:GOA_RUNOFF_DISCHARGE:q,58.069320239858385,-154.46915010358515,2004-09-23T00:00:00Z,0.970162307794943
urn:ioos:station:GOA_RUNOFF_DISCHARGE,urn:ioos:sensor:GOA_RUNOFF_DISCHARGE:q,58.069320239858385,-154.46915010358515,2004-09-24T00:00:00Z,0.6881656976246671
urn:ioos:station:GOA_RUNOFF_DISCHARGE,urn:ioos:sensor:GOA_RUNOFF_DISCHARGE:q,58.069320239858385,-154.46915010358515,2004-09-25T00:00:00Z,2.4642242756195833
urn:ioos:station:GOA_RUNOFF_DISCHARGE,urn:ioos:sensor:GOA_RUNOFF_DISCHARGE:q,58.069320239858385,-154.46915010358515,2004-09-26T00:00:00Z,4.019936402243256
urn:ioos:station:GOA_RUNOFF_DISCHARGE,urn:ioos:sensor:GOA_RUNOFF_DISCHARGE:q,58.069320239858385,-154.46915010358515,2004-09-27T00:00:00Z,2.9578646845640737
urn:ioos:station:GOA_RUNOFF_DISCHARGE,urn:ioos:sensor:GOA_RUNOFF_DISCHARGE:q,58.069320239858385,-154.46915010358515,2004-09-28T00:00:00Z,2.2007331192781967
urn:ioos:station:GOA_RUNOFF_DISCHARGE,urn:ioos:sensor:GOA_RUNOFF_DISCHARGE:q,58.069320239858385,-154.46915010358515,2004-09-29T00:00:00Z,2.494404855388363
urn:ioos:station:GOA_RUNOFF_DISCHARGE,urn:ioos:sensor:GOA_RUNOFF_DISCHARGE:q,58.069320239858385,-154.46915010358515,2004-09-30T00:00:00Z,3.3694569621139636
urn:ioos:station:GOA_RUNOFF_DISCHARGE,urn:ioos:sensor:GOA_RUNOFF_DISCHARGE:q,58.069320239858385,-154.46915010358515,2004-10-01T00:00:00Z,3.0386811757172048
urn:ioos:station:GOA_RUNOFF_DISCHARGE,urn:ioos:sensor:GOA_RUNOFF_DISCHARGE:q,58.069320239858385,-154.46915010358515,2004-10-02T00:00:00Z,4.3613591278348505
urn:ioos:station:GOA_RUNOFF_DISCHARGE,urn:ioos:sensor:GOA_RUNOFF_DISCHARGE:q,58.069320239858385,-154.46915010358515,2004-10-03T00:00:00Z,3.273817111011279
urn:ioos:station:GOA_RUNOFF_DISCHARGE,urn:ioos:sensor:GOA_RUNOFF_DISCHARGE:q,58.069320239858385,-154.46915010358515,2004-10-04T00:00:00Z,3.8988999241319675
urn:ioos:station:GOA_RUNOFF_DISCHARGE,urn:ioos:sensor:GOA_RUNOFF_DISCHARGE:q,58.069320239858385,-154.46915010358515,2004-10-05T00:00:00Z,2.835205577662113
urn:ioos:station:GOA_RUNOFF_DISCHARGE,urn:ioos:sensor:GOA_RUNOFF_DISCHARGE:q,58.069320239858385,-154.46915010358515,2004-10-06T00:00:00Z,2.014293676393925
urn:ioos:station:GOA_RUNOFF_DISCHARGE,urn:ioos:sensor:GOA_RUNOFF_DISCHARGE:q,58.069320239858385,-154.46915010358515,2004-10-07T00:00:00Z,1.426461731601859
urn:ioos:station:GOA_RUNOFF_DISCHARGE,urn:ioos:sensor:GOA_RUNOFF_DISCHARGE:q,58.069320239858385,-154.46915010358515,2004-10-08T00:00:00Z,1.009718587744105
urn:ioos:station:GOA_RUNOFF_DISCHARGE,urn:ioos:sensor:GOA_RUNOFF_DISCHARGE:q,58.069320239858385,-154.46915010358515,2004-10-09T00:00:00Z,1.3808255270896257
urn:ioos:station:GOA_RUNOFF_DISCHARGE,urn:ioos:sensor:GOA_RUNOFF_DISCHARGE:q,58.069320239858385,-154.46915010358515,2004-10-10T00:00:00Z,1.4447111089802016
urn:ioos:station:GOA_RUNOFF_DISCHARGE,urn:ioos:sensor:GOA_RUNOFF_DISCHARGE:q,58.069320239858385,-154.46915010358515,2004-10-11T00:00:00Z,2.337184307786101
urn:ioos:station:GOA_RUNOFF_DISCHARGE,urn:ioos:sensor:GOA_RUNOFF_DISCHARGE:q,58.069320239858385,-154.46915010358515,2004-10-12T00:00:00Z,3.6920993447200203
urn:ioos:station:GOA_RUNOFF_DISCHARGE,urn:ioos:sensor:GOA_RUNOFF_DISCHARGE:q,58.069320239858385,-154.46915010358515,2004-10-13T00:00:00Z,4.679629858526359
urn:ioos:station:GOA_RUNOFF_DISCHARGE,urn:ioos:sensor:GOA_RUNOFF_DISCHARGE:q,58.069320239858385,-154.46915010358515,2004-10-14T00:00:00Z,3.415213146961619
urn:ioos:station:GOA_RUNOFF_DISCHARGE,urn:ioos:sensor:GOA_RUNOFF_DISCHARGE:q,58.069320239858385,-154.46915010358515,2004-10-15T00:00:00Z,2.4675997750124057
urn:ioos:station:GOA_RUNOFF_DISCHARGE,urn:ioos:sensor:GOA_RUNOFF_DISCHARGE:q,58.069320239858385,-154.46915010358515,2004-10-16T00:00:00Z,2.2033563735416966
urn:ioos:station:GOA_RUNOFF_DISCHARGE,urn:ioos:sensor:GOA_RUNOFF_DISCHARGE:q,58.069320239858385,-154.46915010358515,2004-10-17T00:00:00Z,1.764676430352158
urn:ioos:station:GOA_RUNOFF_DISCHARGE,urn:ioos:sensor:GOA_RUNOFF_DISCHARGE:q,58.069320239858385,-154.46915010358515,2004-10-18T00:00:00Z,1.357805878919182
urn:ioos:station:GOA_RUNOFF_DISCHARGE,urn:ioos:sensor:GOA_RUNOFF_DISCHARGE:q,58.069320239858385,-154.46915010358515,2004-10-19T00:00:00Z,2.4865308827615333
urn:ioos:station:GOA_RUNOFF_DISCHARGE,urn:ioos:sensor:GOA_RUNOFF_DISCHARGE:q,58.069320239858385,-154.46915010358515,2004-10-20T00:00:00Z,1.8324192747806383
urn:ioos:station:GOA_RUNOFF_DISCHARGE,urn:ioos:sensor:GOA_RUNOFF_DISCHARGE:q,58.069320239858385,-154.46915010358515,2004-10-21T00:00:00Z,1.6497798669716517
urn:ioos:station:GOA_RUNOFF_DISCHARGE,urn:ioos:sensor:GOA_RUNOFF_DISCHARGE:q,58.069320239858385,-154.46915010358515,2004-10-22T00:00:00Z,1.6295259497130212
urn:ioos:station:GOA_RUNOFF_DISCHARGE,urn:ioos:sensor:GOA_RUNOFF_DISCHARGE:q,58.069320239858385,-154.46915010358515,2004-10-23T00:00:00Z,2.833559268542081
urn:ioos:station:GOA_RUNOFF_DISCHARGE,urn:ioos:sensor:GOA_RUNOFF_DISCHARGE:q,58.069320239858385,-154.46915010358515,2004-10-24T00:00:00Z,2.506717311081489
urn:ioos:station:GOA_RUNOFF_DISCHARGE,urn:ioos:sensor:GOA_RUNOFF_DISCHARGE:q,58.069320239858385,-154.46915010358515,2004-10-25T00:00:00Z,2.7746931271314232
urn:ioos:station:GOA_RUNOFF_DISCHARGE,urn:ioos:sensor:GOA_RUNOFF_DISCHARGE:q,58.069320239858385,-154.46915010358515,2004-10-26T00:00:00Z,4.130073614094643
urn:ioos:station:GOA_RUNOFF_DISCHARGE,urn:ioos:sensor:GOA_RUNOFF_DISCHARGE:q,58.069320239858385,-154.46915010358515,2004-10-27T00:00:00Z,4.040773776505829
urn:ioos:station:GOA_RUNOFF_DISCHARGE,urn:ioos:sensor:GOA_RUNOFF_DISCHARGE:q,58.069320239858385,-154.46915010358515,2004-10-28T00:00:00Z,2.999051092074872
urn:ioos:station:GOA_RUNOFF_DISCHARGE,urn:ioos:sensor:GOA_RUNOFF_DISCHARGE:q,58.069320239858385,-154.46915010358515,2004-10-29T00:00:00Z,2.1579273719113594
urn:ioos:station:GOA_RUNOFF_DISCHARGE,urn:ioos:sensor:GOA_RUNOFF_DISCHARGE:q,58.069320239858385,-154.46915010358515,2004-10-30T00:00:00Z,1.5309944672807618
urn:ioos:station:GOA_RUNOFF_DISCHARGE,urn:ioos:sensor:GOA_RUNOFF_DISCHARGE:q,58.069320239858385,-154.46915010358515,2004-10-31T00:00:00Z,0.9876533884042377
urn:ioos:station:GOA_RUNOFF_DISCHARGE,urn:ioos:sensor:GOA_RUNOFF_DISCHARGE:q,58.069320239858385,-154.46915010358515,2004-11-01T00:00:00Z,0.6408411514077886
urn:ioos:station:GOA_RUNOFF_DISCHARGE,urn:ioos:sensor:GOA_RUNOFF_DISCHARGE:q,58.069320239858385,-154.46915010358515,2004-11-02T00:00:00Z,3.5681209803579605
urn:ioos:station:GOA_RUNOFF_DISCHARGE,urn:ioos:sensor:GOA_RUNOFF_DISCHARGE:q,58.069320239858385,-154.46915010358515,2004-11-03T00:00:00Z,4.595107395828454
urn:ioos:station:GOA_RUNOFF_DISCHARGE,urn:ioos:sensor:GOA_RUNOFF_DISCHARGE:q,58.069320239858385,-154.46915010358515,2004-11-04T00:00:00Z,3.0489789616113723
urn:ioos:station:GOA_RUNOFF_DISCHARGE,urn:ioos:sensor:GOA_RUNOFF_DISCHARGE:q,58.069320239858385,-154.46915010358515,2004-11-05T00:00:00Z,1.9831190490215846
urn:ioos:station:GOA_RUNOFF_DISCHARGE,urn:ioos:sensor:GOA_RUNOFF_DISCHARGE:q,58.069320239858385,-154.46915010358515,2004-11-06T00:00:00Z,1.287666716716898
urn:ioos:station:GOA_RUNOFF_DISCHARGE,urn:ioos:sensor:GOA_RUNOFF_DISCHARGE:q,58.069320239858385,-154.46915010358515,2004-11-07T00:00:00Z,0.8359770636919793
urn:ioos:station:GOA_RUNOFF_DISCHARGE,urn:ioos:sensor:GOA_RUNOFF_DISCHARGE:q,58.069320239858385,-154.46915010358515,2004-11-08T00:00:00Z,0.5427247654155948
urn:ioos:station:GOA_RUNOFF_DISCHARGE,urn:ioos:sensor:GOA_RUNOFF_DISCHARGE:q,58.069320239858385,-154.46915010358515,2004-11-09T00:00:00Z,9.281953440054988
urn:ioos:station:GOA_RUNOFF_DISCHARGE,urn:ioos:sensor:GOA_RUNOFF_DISCHARGE:q,58.069320239858385,-154.46915010358515,2004-11-10T00:00:00Z,8.383964829426471
urn:ioos:station:GOA_RUNOFF_DISCHARGE,urn:ioos:sensor:GOA_RUNOFF_DISCHARGE:q,58.069320239858385,-154.46915010358515,2004-11-11T00:00:00Z,6.090331804709879
urn:ioos:station:GOA_RUNOFF_DISCHARGE,urn:ioos:sensor:GOA_RUNOFF_DISCHARGE:q,58.069320239858385,-154.46915010358515,2004-11-12T00:00:00Z,5.990207688570803
urn:ioos:station:GOA_RUNOFF_DISCHARGE,urn:ioos:sensor:GOA_RUNOFF_DISCHARGE:q,58.069320239858385,-154.46915010358515,2004-11-13T00:00:00Z,5.716787764801102
urn:ioos:station:GOA_RUNOFF_DISCHARGE,urn:ioos:sensor:GOA_RUNOFF_DISCHARGE:q,58.069320239858385,-154.46915010358515,2004-11-14T00:00:00Z,5.467948022906641
urn:ioos:station:GOA_RUNOFF_DISCHARGE,urn:ioos:sensor:GOA_RUNOFF_DISCHARGE:q,58.069320239858385,-154.46915010358515,2004-11-15T00:00:00Z,4.546957919026857
urn:ioos:station:GOA_RUNOFF_DISCHARGE,urn:ioos:sensor:GOA_RUNOFF_DISCHARGE:q,58.069320239858385,-154.46915010358515,2004-11-16T00:00:00Z,2.9804194089347575
urn:ioos:station:GOA_RUNOFF_DISCHARGE,urn:ioos:sensor:GOA_RUNOFF_DISCHARGE:q,58.069320239858385,-154.46915010358515,2004-11-17T00:00:00Z,1.9365157661697834
urn:ioos:station:GOA_RUNOFF_DISCHARGE,urn:ioos:sensor:GOA_RUNOFF_DISCHARGE:q,58.069320239858385,-154.46915010358515,2004-11-18T00:00:00Z,4.6149099396980136
urn:ioos:station:GOA_RUNOFF_DISCHARGE,urn:ioos:sensor:GOA_RUNOFF_DISCHARGE:q,58.069320239858385,-154.46915010358515,2004-11-19T00:00:00Z,5.6006631132285305
urn:ioos:station:GOA_RUNOFF_DISCHARGE,urn:ioos:sensor:GOA_RUNOFF_DISCHARGE:q,58.069320239858385,-154.46915010358515,2004-11-20T00:00:00Z,5.222953440270634
urn:ioos:station:GOA_RUNOFF_DISCHARGE,urn:ioos:sensor:GOA_RUNOFF_DISCHARGE:q,58.069320239858385,-154.46915010358515,2004-11-21T00:00:00Z,4.355430888937066
urn:ioos:station:GOA_RUNOFF_DISCHARGE,urn:ioos:sensor:GOA_RUNOFF_DISCHARGE:q,58.069320239858385,-154.46915010358515,2004-11-22T00:00:00Z,5.6067810578759625
urn:ioos:station:GOA_RUNOFF_DISCHARGE,urn:ioos:sensor:GOA_RUNOFF_DISCHARGE:q,58.069320239858385,-154.46915010358515,2004-11-23T00:00:00Z,6.3675937303607855
urn:ioos:station:GOA_RUNOFF_DISCHARGE,urn:ioos:sensor:GOA_RUNOFF_DISCHARGE:q,58.069320239858385,-154.46915010358515,2004-11-24T00:00:00Z,7.932390946900645
urn:ioos:station:GOA_RUNOFF_DISCHARGE,urn:ioos:sensor:GOA_RUNOFF_DISCHARGE:q,58.069320239858385,-154.46915010358515,2004-11-25T00:00:00Z,6.107295340203996
urn:ioos:station:GOA_RUNOFF_DISCHARGE,urn:ioos:sensor:GOA_RUNOFF_DISCHARGE:q,58.069320239858385,-154.46915010358515,2004-11-26T00:00:00Z,5.264223518278503
urn:ioos:station:GOA_RUNOFF_DISCHARGE,urn:ioos:sensor:GOA_RUNOFF_DISCHARGE:q,58.069320239858385,-154.46915010358515,2004-11-27T00:00:00Z,7.688129402015702
urn:ioos:station:GOA_RUNOFF_DISCHARGE,urn:ioos:sensor:GOA_RUNOFF_DISCHARGE:q,58.069320239858385,-154.46915010358515,2004-11-28T00:00:00Z,5.84931130756995
urn:ioos:station:GOA_RUNOFF_DISCHARGE,urn:ioos:sensor:GOA_RUNOFF_DISCHARGE:q,58.069320239858385,-154.46915010358515,2004-11-29T00:00:00Z,4.921853316397754
urn:ioos:station:GOA_RUNOFF_DISCHARGE,urn:ioos:sensor:GOA_RUNOFF_DISCHARGE:q,58.069320239858385,-154.46915010358515,2004-11-30T00:00:00Z,3.6212804255077313
urn:ioos:station:GOA_RUNOFF_DISCHARGE,urn:ioos:sensor:GOA_RUNOFF_DISCHARGE:q,58.069320239858385,-154.46915010358515,2004-12-01T00:00:00Z,5.03658872198123
urn:ioos:station:GOA_RUNOFF_DISCHARGE,urn:ioos:sensor:GOA_RUNOFF_DISCHARGE:q,58.069320239858385,-154.46915010358515,2004-12-02T00:00:00Z,3.3619795034465216
urn:ioos:station:GOA_RUNOFF_DISCHARGE,urn:ioos:sensor:GOA_RUNOFF_DISCHARGE:q,58.069320239858385,-154.46915010358515,2004-12-03T00:00:00Z,2.187803133218327
urn:ioos:station:GOA_RUNOFF_DISCHARGE,urn:ioos:sensor:GOA_RUNOFF_DISCHARGE:q,58.069320239858385,-154.46915010358515,2004-12-04T00:00:00Z,1.4206328185299995
urn:ioos:station:GOA_RUNOFF_DISCHARGE,urn:ioos:sensor:GOA_RUNOFF_DISCHARGE:q,58.069320239858385,-154.46915010358515,2004-12-05T00:00:00Z,0.9223043621592399
urn:ioos:station:GOA_RUNOFF_DISCHARGE,urn:ioos:sensor:GOA_RUNOFF_DISCHARGE:q,58.069320239858385,-154.46915010358515,2004-12-06T00:00:00Z,5.2110259214869865
urn:ioos:station:GOA_RUNOFF_DISCHARGE,urn:ioos:sensor:GOA_RUNOFF_DISCHARGE:q,58.069320239858385,-154.46915010358515,2004-12-07T00:00:00Z,3.508762288096624
urn:ioos:station:GOA_RUNOFF_DISCHARGE,urn:ioos:sensor:GOA_RUNOFF_DISCHARGE:q,58.069320239858385,-154.46915010358515,2004-12-08T00:00:00Z,2.2849783905652092
urn:ioos:station:GOA_RUNOFF_DISCHARGE,urn:ioos:sensor:GOA_RUNOFF_DISCHARGE:q,58.069320239858385,-154.46915010358515,2004-12-09T00:00:00Z,1.4838256192294226
urn:ioos:station:GOA_RUNOFF_DISCHARGE,urn:ioos:sensor:GOA_RUNOFF_DISCHARGE:q,58.069320239858385,-154.46915010358515,2004-12-10T00:00:00Z,0.9633356635127331
urn:ioos:station:GOA_RUNOFF_DISCHARGE,urn:ioos:sensor:GOA_RUNOFF_DISCHARGE:q,58.069320239858385,-154.46915010358515,2004-12-11T00:00:00Z,0.6254078256411484
urn:ioos:station:GOA_RUNOFF_DISCHARGE,urn:ioos:sensor:GOA_RUNOFF_DISCHARGE:q,58.069320239858385,-154.46915010358515,2004-12-12T00:00:00Z,0.40602072361308433
urn:ioos:station:GOA_RUNOFF_DISCHARGE,urn:ioos:sensor:GOA_RUNOFF_DISCHARGE:q,58.069320239858385,-154.46915010358515,2004-12-13T00:00:00Z,0.2635924884174377
urn:ioos:station:GOA_RUNOFF_DISCHARGE,urn:ioos:sensor:GOA_RUNOFF_DISCHARGE:q,58.069320239858385,-154.46915010358515,2004-12-14T00:00:00Z,0.1711267059059605
urn:ioos:station:GOA_RUNOFF_DISCHARGE,urn:ioos:sensor:GOA_RUNOFF_DISCHARGE:q,58.069320239858385,-154.46915010358515,2004-12-15T00:00:00Z,0.11109707097943555
urn:ioos:station:GOA_RUNOFF_DISCHARGE,urn:ioos:sensor:GOA_RUNOFF_DISCHARGE:q,58.069320239858385,-154.46915010358515,2004-12-16T00:00:00Z,1.3729824704483489
urn:ioos:station:GOA_RUNOFF_DISCHARGE,urn:ioos:sensor:GOA_RUNOFF_DISCHARGE:q,58.069320239858385,-154.46915010358515,2004-12-17T00:00:00Z,1.194543953067751
urn:ioos:station:GOA_RUNOFF_DISCHARGE,urn:ioos:sensor:GOA_RUNOFF_DISCHARGE:q,58.069320239858385,-154.46915010358515,2004-12-18T00:00:00Z,3.7759882270501715
urn:ioos:station:GOA_RUNOFF_DISCHARGE,urn:ioos:sensor:GOA_RUNOFF_DISCHARGE:q,58.069320239858385,-154.46915010358515,2004-12-19T00:00:00Z,2.533458980797717
urn:ioos:station:GOA_RUNOFF_DISCHARGE,urn:ioos:sensor:GOA_RUNOFF_DISCHARGE:q,58.069320239858385,-154.46915010358515,2004-12-20T00:00:00Z,1.649351121452858
urn:ioos:station:GOA_RUNOFF_DISCHARGE,urn:ioos:sensor:GOA_RUNOFF_DISCHARGE:q,58.069320239858385,-154.46915010358515,2004-12-21T00:00:00Z,1.071032880538387
urn:ioos:station:GOA_RUNOFF_DISCHARGE,urn:ioos:sensor:GOA_RUNOFF_DISCHARGE:q,58.069320239858385,-154.46915010358515,2004-12-22T00:00:00Z,12.448506026280967
urn:ioos:station:GOA_RUNOFF_DISCHARGE,urn:ioos:sensor:GOA_RUNOFF_DISCHARGE:q,58.069320239858385,-154.46915010358515,2004-12-23T00:00:00Z,10.547951208276634
urn:ioos:station:GOA_RUNOFF_DISCHARGE,urn:ioos:sensor:GOA_RUNOFF_DISCHARGE:q,58.069320239858385,-154.46915010358515,2004-12-24T00:00:00Z,6.924303012947717
urn:ioos:station:GOA_RUNOFF_DISCHARGE,urn:ioos:sensor:GOA_RUNOFF_DISCHARGE:q,58.069320239858385,-154.46915010358515,2004-12-25T00:00:00Z,4.499615152112111
urn:ioos:station:GOA_RUNOFF_DISCHARGE,urn:ioos:sensor:GOA_RUNOFF_DISCHARGE:q,58.069320239858385,-154.46915010358515,2004-12-26T00:00:00Z,2.9214330240739073
urn:ioos:station:GOA_RUNOFF_DISCHARGE,urn:ioos:sensor:GOA_RUNOFF_DISCHARGE:q,58.069320239858385,-154.46915010358515,2004-12-27T00:00:00Z,4.4066432847839385
urn:ioos:station:GOA_RUNOFF_DISCHARGE,urn:ioos:sensor:GOA_RUNOFF_DISCHARGE:q,58.069320239858385,-154.46915010358515,2004-12-28T00:00:00Z,2.9292499007955035
urn:ioos:station:GOA_RUNOFF_DISCHARGE,urn:ioos:sensor:GOA_RUNOFF_DISCHARGE:q,58.069320239858385,-154.46915010358515,2004-12-29T00:00:00Z,1.9055371593015862
urn:ioos:station:GOA_RUNOFF_DISCHARGE,urn:ioos:sensor:GOA_RUNOFF_DISCHARGE:q,58.069320239858385,-154.46915010358515,2004-12-30T00:00:00Z,1.237308128300824
urn:ioos:station:GOA_RUNOFF_DISCHARGE,urn:ioos:sensor:GOA_RUNOFF_DISCHARGE:q,58.069320239858385,-154.46915010358515,2004-12-31T00:00:00Z,1.3796049376685249
urn:ioos:station:GOA_RUNOFF_DISCHARGE,urn:ioos:sensor:GOA_RUNOFF_DISCHARGE:q,58.069320239858385,-154.46915010358515,2005-01-01T00:00:00Z,2.7598663466898516
urn:ioos:station:GOA_RUNOFF_DISCHARGE,urn:ioos:sensor:GOA_RUNOFF_DISCHARGE:q,58.069320239858385,-154.46915010358515,2005-01-02T00:00:00Z,4.7392758721172585
urn:ioos:station:GOA_RUNOFF_DISCHARGE,urn:ioos:sensor:GOA_RUNOFF_DISCHARGE:q,58.069320239858385,-154.46915010358515,2005-01-03T00:00:00Z,6.187132781295494
urn:ioos:station:GOA_RUNOFF_DISCHARGE,urn:ioos:sensor:GOA_RUNOFF_DISCHARGE:q,58.069320239858385,-154.46915010358515,2005-01-04T00:00:00Z,4.8993933133445084
urn:ioos:station:GOA_RUNOFF_DISCHARGE,urn:ioos:sensor:GOA_RUNOFF_DISCHARGE:q,58.069320239858385,-154.46915010358515,2005-01-05T00:00:00Z,3.270096141924578
urn:ioos:station:GOA_RUNOFF_DISCHARGE,urn:ioos:sensor:GOA_RUNOFF_DISCHARGE:q,58.069320239858385,-154.46915010358515,2005-01-06T00:00:00Z,2.128112390116415
urn:ioos:station:GOA_RUNOFF_DISCHARGE,urn:ioos:sensor:GOA_RUNOFF_DISCHARGE:q,58.069320239858385,-154.46915010358515,2005-01-07T00:00:00Z,1.582753352506299
urn:ioos:station:GOA_RUNOFF_DISCHARGE,urn:ioos:sensor:GOA_RUNOFF_DISCHARGE:q,58.069320239858385,-154.46915010358515,2005-01-08T00:00:00Z,1.129137436245364
urn:ioos:station:GOA_RUNOFF_DISCHARGE,urn:ioos:sensor:GOA_RUNOFF_DISCHARGE:q,58.069320239858385,-154.46915010358515,2005-01-09T00:00:00Z,0.7359744407982562
urn:ioos:station:GOA_RUNOFF_DISCHARGE,urn:ioos:sensor:GOA_RUNOFF_DISCHARGE:q,58.069320239858385,-154.46915010358515,2005-01-10T00:00:00Z,0.47796587271184554
urn:ioos:station:GOA_RUNOFF_DISCHARGE,urn:ioos:sensor:GOA_RUNOFF_DISCHARGE:q,58.069320239858385,-154.46915010358515,2005-01-11T00:00:00Z,0.3103091737353944
urn:ioos:station:GOA_RUNOFF_DISCHARGE,urn:ioos:sensor:GOA_RUNOFF_DISCHARGE:q,58.069320239858385,-154.46915010358515,2005-01-12T00:00:00Z,0.201456142856242
urn:ioos:station:GOA_RUNOFF_DISCHARGE,urn:ioos:sensor:GOA_RUNOFF_DISCHARGE:q,58.069320239858385,-154.46915010358515,2005-01-13T00:00:00Z,0.13078725661958635
urn:ioos:station:GOA_RUNOFF_DISCHARGE,urn:ioos:sensor:GOA_RUNOFF_DISCHARGE:q,58.069320239858385,-154.46915010358515,2005-01-14T00:00:00Z,1.1097612698616615
urn:ioos:station:GOA_RUNOFF_DISCHARGE,urn:ioos:sensor:GOA_RUNOFF_DISCHARGE:q,58.069320239858385,-154.46915010358515,2005-01-15T00:00:00Z,9.318535865308743
urn:ioos:station:GOA_RUNOFF_DISCHARGE,urn:ioos:sensor:GOA_RUNOFF_DISCHARGE:q,58.069320239858385,-154.46915010358515,2005-01-16T00:00:00Z,12.962020809427408
urn:ioos:station:GOA_RUNOFF_DISCHARGE,urn:ioos:sensor:GOA_RUNOFF_DISCHARGE:q,58.069320239858385,-154.46915010358515,2005-01-17T00:00:00Z,8.610265107606947
urn:ioos:station:GOA_RUNOFF_DISCHARGE,urn:ioos:sensor:GOA_RUNOFF_DISCHARGE:q,58.069320239858385,-154.46915010358515,2005-01-18T00:00:00Z,5.600822034550011
urn:ioos:station:GOA_RUNOFF_DISCHARGE,urn:ioos:sensor:GOA_RUNOFF_DISCHARGE:q,58.069320239858385,-154.46915010358515,2005-01-19T00:00:00Z,3.636721315824028
urn:ioos:station:GOA_RUNOFF_DISCHARGE,urn:ioos:sensor:GOA_RUNOFF_DISCHARGE:q,58.069320239858385,-154.46915010358515,2005-01-20T00:00:00Z,5.896505677754043
urn:ioos:station:GOA_RUNOFF_DISCHARGE,urn:ioos:sensor:GOA_RUNOFF_DISCHARGE:q,58.069320239858385,-154.46915010358515,2005-01-21T00:00:00Z,5.70394829022234
urn:ioos:station:GOA_RUNOFF_DISCHARGE,urn:ioos:sensor:GOA_RUNOFF_DISCHARGE:q,58.069320239858385,-154.46915010358515,2005-01-22T00:00:00Z,5.341479803469807
urn:ioos:station:GOA_RUNOFF_DISCHARGE,urn:ioos:sensor:GOA_RUNOFF_DISCHARGE:q,58.069320239858385,-154.46915010358515,2005-01-23T00:00:00Z,4.378557098589628
urn:ioos:station:GOA_RUNOFF_DISCHARGE,urn:ioos:sensor:GOA_RUNOFF_DISCHARGE:q,58.069320239858385,-154.46915010358515,2005-01-24T00:00:00Z,3.2898928972691834
urn:ioos:station:GOA_RUNOFF_DISCHARGE,urn:ioos:sensor:GOA_RUNOFF_DISCHARGE:q,58.069320239858385,-154.46915010358515,2005-01-25T00:00:00Z,3.7733776022956635
urn:ioos:station:GOA_RUNOFF_DISCHARGE,urn:ioos:sensor:GOA_RUNOFF_DISCHARGE:q,58.069320239858385,-154.46915010358515,2005-01-26T00:00:00Z,3.3801694168866945
urn:ioos:station:GOA_RUNOFF_DISCHARGE,urn:ioos:sensor:GOA_RUNOFF_DISCHARGE:q,58.069320239858385,-154.46915010358515,2005-01-27T00:00:00Z,2.2163288526370284
urn:ioos:station:GOA_RUNOFF_DISCHARGE,urn:ioos:sensor:GOA_RUNOFF_DISCHARGE:q,58.069320239858385,-154.46915010358515,2005-01-28T00:00:00Z,1.4694654728336196
urn:ioos:station:GOA_RUNOFF_DISCHARGE,urn:ioos:sensor:GOA_RUNOFF_DISCHARGE:q,58.069320239858385,-154.46915010358515,2005-01-29T00:00:00Z,1.4774442966965582
urn:ioos:station:GOA_RUNOFF_DISCHARGE,urn:ioos:sensor:GOA_RUNOFF_DISCHARGE:q,58.069320239858385,-154.46915010358515,2005-01-30T00:00:00Z,2.0638205590199368
urn:ioos:station:GOA_RUNOFF_DISCHARGE,urn:ioos:sensor:GOA_RUNOFF_DISCHARGE:q,58.069320239858385,-154.46915010358515,2005-01-31T00:00:00Z,1.3787267921214406
urn:ioos:station:GOA_RUNOFF_DISCHARGE,urn:ioos:sensor:GOA_RUNOFF_DISCHARGE:q,58.069320239858385,-154.46915010358515,2005-02-01T00:00:00Z,0.8972645845583465
urn:ioos:station:GOA_RUNOFF_DISCHARGE,urn:ioos:sensor:GOA_RUNOFF_DISCHARGE:q,58.069320239858385,-154.46915010358515,2005-02-02T00:00:00Z,0.5826351649567217
urn:ioos:station:GOA_RUNOFF_DISCHARGE,urn:ioos:sensor:GOA_RUNOFF_DISCHARGE:q,58.069320239858385,-154.46915010358515,2005-02-03T00:00:00Z,0.3782590894883855
urn:ioos:station:GOA_RUNOFF_DISCHARGE,urn:ioos:sensor:GOA_RUNOFF_DISCHARGE:q,58.069320239858385,-154.46915010358515,2005-02-04T00:00:00Z,0.24556975152467414
urn:ioos:station:GOA_RUNOFF_DISCHARGE,urn:ioos:sensor:GOA_RUNOFF_DISCHARGE:q,58.069320239858385,-154.46915010358515,2005-02-05T00:00:00Z,0.15942620583537453
urn:ioos:station:GOA_RUNOFF_DISCHARGE,urn:ioos:sensor:GOA_RUNOFF_DISCHARGE:q,58.069320239858385,-154.46915010358515,2005-02-06T00:00:00Z,1.337304107546588
urn:ioos:station:GOA_RUNOFF_DISCHARGE,urn:ioos:sensor:GOA_RUNOFF_DISCHARGE:q,58.069320239858385,-154.46915010358515,2005-02-07T00:00:00Z,2.748020393485109
urn:ioos:station:GOA_RUNOFF_DISCHARGE,urn:ioos:sensor:GOA_RUNOFF_DISCHARGE:q,58.069320239858385,-154.46915010358515,2005-02-08T00:00:00Z,2.216535923961539
urn:ioos:station:GOA_RUNOFF_DISCHARGE,urn:ioos:sensor:GOA_RUNOFF_DISCHARGE:q,58.069320239858385,-154.46915010358515,2005-02-09T00:00:00Z,1.6189132154383712
urn:ioos:station:GOA_RUNOFF_DISCHARGE,urn:ioos:sensor:GOA_RUNOFF_DISCHARGE:q,58.069320239858385,-154.46915010358515,2005-02-10T00:00:00Z,1.0561322964036446
urn:ioos:station:GOA_RUNOFF_DISCHARGE,urn:ioos:sensor:GOA_RUNOFF_DISCHARGE:q,58.069320239858385,-154.46915010358515,2005-02-11T00:00:00Z,0.685938365312321
urn:ioos:station:GOA_RUNOFF_DISCHARGE,urn:ioos:sensor:GOA_RUNOFF_DISCHARGE:q,58.069320239858385,-154.46915010358515,2005-02-12T00:00:00Z,0.44533372106742325
urn:ioos:station:GOA_RUNOFF_DISCHARGE,urn:ioos:sensor:GOA_RUNOFF_DISCHARGE:q,58.069320239858385,-154.46915010358515,2005-02-13T00:00:00Z,1.8180011115779044
urn:ioos:station:GOA_RUNOFF_DISCHARGE,urn:ioos:sensor:GOA_RUNOFF_DISCHARGE:q,58.069320239858385,-154.46915010358515,2005-02-14T00:00:00Z,7.934969997882673
urn:ioos:station:GOA_RUNOFF_DISCHARGE,urn:ioos:sensor:GOA_RUNOFF_DISCHARGE:q,58.069320239858385,-154.46915010358515,2005-02-15T00:00:00Z,6.6956010231406395
urn:ioos:station:GOA_RUNOFF_DISCHARGE,urn:ioos:sensor:GOA_RUNOFF_DISCHARGE:q,58.069320239858385,-154.46915010358515,2005-02-16T00:00:00Z,5.931669914393931
urn:ioos:station:GOA_RUNOFF_DISCHARGE,urn:ioos:sensor:GOA_RUNOFF_DISCHARGE:q,58.069320239858385,-154.46915010358515,2005-02-17T00:00:00Z,4.575481665084778
urn:ioos:station:GOA_RUNOFF_DISCHARGE,urn:ioos:sensor:GOA_RUNOFF_DISCHARGE:q,58.069320239858385,-154.46915010358515,2005-02-18T00:00:00Z,5.709296887280356
urn:ioos:station:GOA_RUNOFF_DISCHARGE,urn:ioos:sensor:GOA_RUNOFF_DISCHARGE:q,58.069320239858385,-154.46915010358515,2005-02-19T00:00:00Z,3.7963393652165616
urn:ioos:station:GOA_RUNOFF_DISCHARGE,urn:ioos:sensor:GOA_RUNOFF_DISCHARGE:q,58.069320239858385,-154.46915010358515,2005-02-20T00:00:00Z,4.802942279403873
urn:ioos:station:GOA_RUNOFF_DISCHARGE,urn:ioos:sensor:GOA_RUNOFF_DISCHARGE:q,58.069320239858385,-154.46915010358515,2005-02-21T00:00:00Z,3.6271760381739537
urn:ioos:station:GOA_RUNOFF_DISCHARGE,urn:ioos:sensor:GOA_RUNOFF_DISCHARGE:q,58.069320239858385,-154.46915010358515,2005-02-22T00:00:00Z,3.5911372080363857
urn:ioos:station:GOA_RUNOFF_DISCHARGE,urn:ioos:sensor:GOA_RUNOFF_DISCHARGE:q,58.069320239858385,-154.46915010358515,2005-02-23T00:00:00Z,3.1865485194519754
urn:ioos:station:GOA_RUNOFF_DISCHARGE,urn:ioos:sensor:GOA_RUNOFF_DISCHARGE:q,58.069320239858385,-154.46915010358515,2005-02-24T00:00:00Z,4.8935832129787515
urn:ioos:station:GOA_RUNOFF_DISCHARGE,urn:ioos:sensor:GOA_RUNOFF_DISCHARGE:q,58.069320239858385,-154.46915010358515,2005-02-25T00:00:00Z,3.70013223866833
urn:ioos:station:GOA_RUNOFF_DISCHARGE,urn:ioos:sensor:GOA_RUNOFF_DISCHARGE:q,58.069320239858385,-154.46915010358515,2005-02-26T00:00:00Z,3.714760104343281
urn:ioos:station:GOA_RUNOFF_DISCHARGE,urn:ioos:sensor:GOA_RUNOFF_DISCHARGE:q,58.069320239858385,-154.46915010358515,2005-02-27T00:00:00Z,2.4652398986343385
urn:ioos:station:GOA_RUNOFF_DISCHARGE,urn:ioos:sensor:GOA_RUNOFF_DISCHARGE:q,58.069320239858385,-154.46915010358515,2005-02-28T00:00:00Z,1.758348520117738
urn:ioos:station:GOA_RUNOFF_DISCHARGE,urn:ioos:sensor:GOA_RUNOFF_DISCHARGE:q,58.069320239858385,-154.46915010358515,2005-03-01T00:00:00Z,1.1353051095844506
urn:ioos:station:GOA_RUNOFF_DISCHARGE,urn:ioos:sensor:GOA_RUNOFF_DISCHARGE:q,58.069320239858385,-154.46915010358515,2005-03-02T00:00:00Z,0.875510255320016
urn:ioos:station:GOA_RUNOFF_DISCHARGE,urn:ioos:sensor:GOA_RUNOFF_DISCHARGE:q,58.069320239858385,-154.46915010358515,2005-03-03T00:00:00Z,0.5864048102759956
urn:ioos:station:GOA_RUNOFF_DISCHARGE,urn:ioos:sensor:GOA_RUNOFF_DISCHARGE:q,58.069320239858385,-154.46915010358515,2005-03-04T00:00:00Z,1.6186341822240842
urn:ioos:station:GOA_RUNOFF_DISCHARGE,urn:ioos:sensor:GOA_RUNOFF_DISCHARGE:q,58.069320239858385,-154.46915010358515,2005-03-05T00:00:00Z,2.580105546029292
urn:ioos:station:GOA_RUNOFF_DISCHARGE,urn:ioos:sensor:GOA_RUNOFF_DISCHARGE:q,58.069320239858385,-154.46915010358515,2005-03-06T00:00:00Z,2.5848634504271724
urn:ioos:station:GOA_RUNOFF_DISCHARGE,urn:ioos:sensor:GOA_RUNOFF_DISCHARGE:q,58.069320239858385,-154.46915010358515,2005-03-07T00:00:00Z,2.054434071133957
urn:ioos:station:GOA_RUNOFF_DISCHARGE,urn:ioos:sensor:GOA_RUNOFF_DISCHARGE:q,58.069320239858385,-154.46915010358515,2005-03-08T00:00:00Z,3.2687405746261273
urn:ioos:station:GOA_RUNOFF_DISCHARGE,urn:ioos:sensor:GOA_RUNOFF_DISCHARGE:q,58.069320239858385,-154.46915010358515,2005-03-09T00:00:00Z,4.2105822609661
urn:ioos:station:GOA_RUNOFF_DISCHARGE,urn:ioos:sensor:GOA_RUNOFF_DISCHARGE:q,58.069320239858385,-154.46915010358515,2005-03-10T00:00:00Z,4.789705501521412
urn:ioos:station:GOA_RUNOFF_DISCHARGE,urn:ioos:sensor:GOA_RUNOFF_DISCHARGE:q,58.069320239858385,-154.46915010358515,2005-03-11T00:00:00Z,4.391535234652529
urn:ioos:station:GOA_RUNOFF_DISCHARGE,urn:ioos:sensor:GOA_RUNOFF_DISCHARGE:q,58.069320239858385,-154.46915010358515,2005-03-12T00:00:00Z,4.08782790651716
urn:ioos:station:GOA_RUNOFF_DISCHARGE,urn:ioos:sensor:GOA_RUNOFF_DISCHARGE:q,58.069320239858385,-154.46915010358515,2005-03-13T00:00:00Z,2.942422741788694
urn:ioos:station:GOA_RUNOFF_DISCHARGE,urn:ioos:sensor:GOA_RUNOFF_DISCHARGE:q,58.069320239858385,-154.46915010358515,2005-03-14T00:00:00Z,2.0875344355127723
urn:ioos:station:GOA_RUNOFF_DISCHARGE,urn:ioos:sensor:GOA_RUNOFF_DISCHARGE:q,58.069320239858385,-154.46915010358515,2005-03-15T00:00:00Z,2.004756818416512
urn:ioos:station:GOA_RUNOFF_DISCHARGE,urn:ioos:sensor:GOA_RUNOFF_DISCHARGE:q,58.069320239858385,-154.46915010358515,2005-03-16T00:00:00Z,1.7849853385978571
urn:ioos:station:GOA_RUNOFF_DISCHARGE,urn:ioos:sensor:GOA_RUNOFF_DISCHARGE:q,58.069320239858385,-154.46915010358515,2005-03-17T00:00:00Z,1.2820318507884017
urn:ioos:station:GOA_RUNOFF_DISCHARGE,urn:ioos:sensor:GOA_RUNOFF_DISCHARGE:q,58.069320239858385,-154.46915010358515,2005-03-18T00:00:00Z,0.9092765631833766
urn:ioos:station:GOA_RUNOFF_DISCHARGE,urn:ioos:sensor:GOA_RUNOFF_DISCHARGE:q,58.069320239858385,-154.46915010358515,2005-03-19T00:00:00Z,0.6437676454444762
urn:ioos:station:GOA_RUNOFF_DISCHARGE,urn:ioos:sensor:GOA_RUNOFF_DISCHARGE:q,58.069320239858385,-154.46915010358515,2005-03-20T00:00:00Z,0.45567449333724774
urn:ioos:station:GOA_RUNOFF_DISCHARGE,urn:ioos:sensor:GOA_RUNOFF_DISCHARGE:q,58.069320239858385,-154.46915010358515,2005-03-21T00:00:00Z,0.29387768919690166
urn:ioos:station:GOA_RUNOFF_DISCHARGE,urn:ioos:sensor:GOA_RUNOFF_DISCHARGE:q,58.069320239858385,-154.46915010358515,2005-03-22T00:00:00Z,0.19067866584581133
urn:ioos:station:GOA_RUNOFF_DISCHARGE,urn:ioos:sensor:GOA_RUNOFF_DISCHARGE:q,58.069320239858385,-154.46915010358515,2005-03-23T00:00:00Z,0.12378423499533067
urn:ioos:station:GOA_RUNOFF_DISCHARGE,urn:ioos:sensor:GOA_RUNOFF_DISCHARGE:q,58.069320239858385,-154.46915010358515,2005-03-24T00:00:00Z,0.9774453246468658
urn:ioos:station:GOA_RUNOFF_DISCHARGE,urn:ioos:sensor:GOA_RUNOFF_DISCHARGE:q,58.069320239858385,-154.46915010358515,2005-03-25T00:00:00Z,5.0862995218319345
urn:ioos:station:GOA_RUNOFF_DISCHARGE,urn:ioos:sensor:GOA_RUNOFF_DISCHARGE:q,58.069320239858385,-154.46915010358515,2005-03-26T00:00:00Z,3.424119581948526
urn:ioos:station:GOA_RUNOFF_DISCHARGE,urn:ioos:sensor:GOA_RUNOFF_DISCHARGE:q,58.069320239858385,-154.46915010358515,2005-03-27T00:00:00Z,2.9523550612664122
urn:ioos:station:GOA_RUNOFF_DISCHARGE,urn:ioos:sensor:GOA_RUNOFF_DISCHARGE:q,58.069320239858385,-154.46915010358515,2005-03-28T00:00:00Z,1.936775197333656
urn:ioos:station:GOA_RUNOFF_DISCHARGE,urn:ioos:sensor:GOA_RUNOFF_DISCHARGE:q,58.069320239858385,-154.46915010358515,2005-03-29T00:00:00Z,1.2584997866020937
urn:ioos:station:GOA_RUNOFF_DISCHARGE,urn:ioos:sensor:GOA_RUNOFF_DISCHARGE:q,58.069320239858385,-154.46915010358515,2005-03-30T00:00:00Z,0.8170931192654929
urn:ioos:station:GOA_RUNOFF_DISCHARGE,urn:ioos:sensor:GOA_RUNOFF_DISCHARGE:q,58.069320239858385,-154.46915010358515,2005-03-31T00:00:00Z,0.5304681229431953
urn:ioos:station:GOA_RUNOFF_DISCHARGE,urn:ioos:sensor:GOA_RUNOFF_DISCHARGE:q,58.069320239858385,-154.46915010358515,2005-04-01T00:00:00Z,0.34438506901578514
urn:ioos:station:GOA_RUNOFF_DISCHARGE,urn:ioos:sensor:GOA_RUNOFF_DISCHARGE:q,58.069320239858385,-154.46915010358515,2005-04-02T00:00:00Z,0.22357801053984083
urn:ioos:station:GOA_RUNOFF_DISCHARGE,urn:ioos:sensor:GOA_RUNOFF_DISCHARGE:q,58.069320239858385,-154.46915010358515,2005-04-03T00:00:00Z,0.1451489570370034
urn:ioos:station:GOA_RUNOFF_DISCHARGE,urn:ioos:sensor:GOA_RUNOFF_DISCHARGE:q,58.069320239858385,-154.46915010358515,2005-04-04T00:00:00Z,0.09423205552225775
urn:ioos:station:GOA_RUNOFF_DISCHARGE,urn:ioos:sensor:GOA_RUNOFF_DISCHARGE:q,58.069320239858385,-154.46915010358515,2005-04-05T00:00:00Z,0.06117633843108924
urn:ioos:station:GOA_RUNOFF_DISCHARGE,urn:ioos:sensor:GOA_RUNOFF_DISCHARGE:q,58.069320239858385,-154.46915010358515,2005-04-06T00:00:00Z,1.8988949584736103
urn:ioos:station:GOA_RUNOFF_DISCHARGE,urn:ioos:sensor:GOA_RUNOFF_DISCHARGE:q,58.069320239858385,-154.46915010358515,2005-04-07T00:00:00Z,4.743087878914609
urn:ioos:station:GOA_RUNOFF_DISCHARGE,urn:ioos:sensor:GOA_RUNOFF_DISCHARGE:q,58.069320239858385,-154.46915010358515,2005-04-08T00:00:00Z,6.721670434617826
urn:ioos:station:GOA_RUNOFF_DISCHARGE,urn:ioos:sensor:GOA_RUNOFF_DISCHARGE:q,58.069320239858385,-154.46915010358515,2005-04-09T00:00:00Z,5.02912783954434
urn:ioos:station:GOA_RUNOFF_DISCHARGE,urn:ioos:sensor:GOA_RUNOFF_DISCHARGE:q,58.069320239858385,-154.46915010358515,2005-04-10T00:00:00Z,3.7981224940173375
urn:ioos:station:GOA_RUNOFF_DISCHARGE,urn:ioos:sensor:GOA_RUNOFF_DISCHARGE:q,58.069320239858385,-154.46915010358515,2005-04-11T00:00:00Z,2.7007099896871534
urn:ioos:station:GOA_RUNOFF_DISCHARGE,urn:ioos:sensor:GOA_RUNOFF_DISCHARGE:q,58.069320239858385,-154.46915010358515,2005-04-12T00:00:00Z,1.912790707299195
urn:ioos:station:GOA_RUNOFF_DISCHARGE,urn:ioos:sensor:GOA_RUNOFF_DISCHARGE:q,58.069320239858385,-154.46915010358515,2005-04-13T00:00:00Z,1.353988478269033
urn:ioos:station:GOA_RUNOFF_DISCHARGE,urn:ioos:sensor:GOA_RUNOFF_DISCHARGE:q,58.069320239858385,-154.46915010358515,2005-04-14T00:00:00Z,0.9583594396338962
urn:ioos:station:GOA_RUNOFF_DISCHARGE,urn:ioos:sensor:GOA_RUNOFF_DISCHARGE:q,58.069320239858385,-154.46915010358515,2005-04-15T00:00:00Z,0.6783237580706714
urn:ioos:station:GOA_RUNOFF_DISCHARGE,urn:ioos:sensor:GOA_RUNOFF_DISCHARGE:q,58.069320239858385,-154.46915010358515,2005-04-16T00:00:00Z,0.4801146323758027
urn:ioos:station:GOA_RUNOFF_DISCHARGE,urn:ioos:sensor:GOA_RUNOFF_DISCHARGE:q,58.069320239858385,-154.46915010358515,2005-04-17T00:00:00Z,0.3398230206753165
urn:ioos:station:GOA_RUNOFF_DISCHARGE,urn:ioos:sensor:GOA_RUNOFF_DISCHARGE:q,58.069320239858385,-154.46915010358515,2005-04-18T00:00:00Z,0.5697049157820813
urn:ioos:station:GOA_RUNOFF_DISCHARGE,urn:ioos:sensor:GOA_RUNOFF_DISCHARGE:q,58.069320239858385,-154.46915010358515,2005-04-19T00:00:00Z,0.4955630872417561
urn:ioos:station:GOA_RUNOFF_DISCHARGE,urn:ioos:sensor:GOA_RUNOFF_DISCHARGE:q,58.069320239858385,-154.46915010358515,2005-04-20T00:00:00Z,1.0744895508379586
urn:ioos:station:GOA_RUNOFF_DISCHARGE,urn:ioos:sensor:GOA_RUNOFF_DISCHARGE:q,58.069320239858385,-154.46915010358515,2005-04-21T00:00:00Z,1.6351990988406488
urn:ioos:station:GOA_RUNOFF_DISCHARGE,urn:ioos:sensor:GOA_RUNOFF_DISCHARGE:q,58.069320239858385,-154.46915010358515,2005-04-22T00:00:00Z,2.37510361918959
urn:ioos:station:GOA_RUNOFF_DISCHARGE,urn:ioos:sensor:GOA_RUNOFF_DISCHARGE:q,58.069320239858385,-154.46915010358515,2005-04-23T00:00:00Z,2.3131311447964973
urn:ioos:station:GOA_RUNOFF_DISCHARGE,urn:ioos:sensor:GOA_RUNOFF_DISCHARGE:q,58.069320239858385,-154.46915010358515,2005-04-24T00:00:00Z,1.6702696666221808
urn:ioos:station:GOA_RUNOFF_DISCHARGE,urn:ioos:sensor:GOA_RUNOFF_DISCHARGE:q,58.069320239858385,-154.46915010358515,2005-04-25T00:00:00Z,1.1855092496301463
urn:ioos:station:GOA_RUNOFF_DISCHARGE,urn:ioos:sensor:GOA_RUNOFF_DISCHARGE:q,58.069320239858385,-154.46915010358515,2005-04-26T00:00:00Z,0.8394277481305182
urn:ioos:station:GOA_RUNOFF_DISCHARGE,urn:ioos:sensor:GOA_RUNOFF_DISCHARGE:q,58.069320239858385,-154.46915010358515,2005-04-27T00:00:00Z,0.5941761023635743
urn:ioos:station:GOA_RUNOFF_DISCHARGE,urn:ioos:sensor:GOA_RUNOFF_DISCHARGE:q,58.069320239858385,-154.46915010358515,2005-04-28T00:00:00Z,0.4205585382577766
urn:ioos:station:GOA_RUNOFF_DISCHARGE,urn:ioos:sensor:GOA_RUNOFF_DISCHARGE:q,58.069320239858385,-154.46915010358515,2005-04-29T00:00:00Z,0.2976697650503744
urn:ioos:station:GOA_RUNOFF_DISCHARGE,urn:ioos:sensor:GOA_RUNOFF_DISCHARGE:q,58.069320239858385,-154.46915010358515,2005-04-30T00:00:00Z,0.21068936638831132
urn:ioos:station:GOA_RUNOFF_DISCHARGE,urn:ioos:sensor:GOA_RUNOFF_DISCHARGE:q,58.069320239858385,-154.46915010358515,2005-05-01T00:00:00Z,0.14912499944918836
urn:ioos:station:GOA_RUNOFF_DISCHARGE,urn:ioos:sensor:GOA_RUNOFF_DISCHARGE:q,58.069320239858385,-154.46915010358515,2005-05-02T00:00:00Z,0.10555001138331098
urn:ioos:station:GOA_RUNOFF_DISCHARGE,urn:ioos:sensor:GOA_RUNOFF_DISCHARGE:q,58.069320239858385,-154.46915010358515,2005-05-03T00:00:00Z,0.07470782952370199
urn:ioos:station:GOA_RUNOFF_DISCHARGE,urn:ioos:sensor:GOA_RUNOFF_DISCHARGE:q,58.069320239858385,-154.46915010358515,2005-05-04T00:00:00Z,0.05287787123347944
urn:ioos:station:GOA_RUNOFF_DISCHARGE,urn:ioos:sensor:GOA_RUNOFF_DISCHARGE:q,58.069320239858385,-154.46915010358515,2005-05-05T00:00:00Z,1.882443444323201
urn:ioos:station:GOA_RUNOFF_DISCHARGE,urn:ioos:sensor:GOA_RUNOFF_DISCHARGE:q,58.069320239858385,-154.46915010358515,2005-05-06T00:00:00Z,4.513354479206536
urn:ioos:station:GOA_RUNOFF_DISCHARGE,urn:ioos:sensor:GOA_RUNOFF_DISCHARGE:q,58.069320239858385,-154.46915010358515,2005-05-07T00:00:00Z,4.199425931575263
urn:ioos:station:GOA_RUNOFF_DISCHARGE,urn:ioos:sensor:GOA_RUNOFF_DISCHARGE:q,58.069320239858385,-154.46915010358515,2005-05-08T00:00:00Z,3.028021080783836
urn:ioos:station:GOA_RUNOFF_DISCHARGE,urn:ioos:sensor:GOA_RUNOFF_DISCHARGE:q,58.069320239858385,-154.46915010358515,2005-05-09T00:00:00Z,2.148780713138838
urn:ioos:station:GOA_RUNOFF_DISCHARGE,urn:ioos:sensor:GOA_RUNOFF_DISCHARGE:q,58.069320239858385,-154.46915010358515,2005-05-10T00:00:00Z,1.521452610122706
urn:ioos:station:GOA_RUNOFF_DISCHARGE,urn:ioos:sensor:GOA_RUNOFF_DISCHARGE:q,58.069320239858385,-154.46915010358515,2005-05-11T00:00:00Z,1.0769327688196328
urn:ioos:station:GOA_RUNOFF_DISCHARGE,urn:ioos:sensor:GOA_RUNOFF_DISCHARGE:q,58.069320239858385,-154.46915010358515,2005-05-12T00:00:00Z,0.8290733925606583
urn:ioos:station:GOA_RUNOFF_DISCHARGE,urn:ioos:sensor:GOA_RUNOFF_DISCHARGE:q,58.069320239858385,-154.46915010358515,2005-05-13T00:00:00Z,0.9088133496296262
urn:ioos:station:GOA_RUNOFF_DISCHARGE,urn:ioos:sensor:GOA_RUNOFF_DISCHARGE:q,58.069320239858385,-154.46915010358515,2005-05-14T00:00:00Z,1.1523640241829332
urn:ioos:station:GOA_RUNOFF_DISCHARGE,urn:ioos:sensor:GOA_RUNOFF_DISCHARGE:q,58.069320239858385,-154.46915010358515,2005-05-15T00:00:00Z,0.8405311199212891
urn:ioos:station:GOA_RUNOFF_DISCHARGE,urn:ioos:sensor:GOA_RUNOFF_DISCHARGE:q,58.069320239858385,-154.46915010358515,2005-05-16T00:00:00Z,0.5974098486737024
urn:ioos:station:GOA_RUNOFF_DISCHARGE,urn:ioos:sensor:GOA_RUNOFF_DISCHARGE:q,58.069320239858385,-154.46915010358515,2005-05-17T00:00:00Z,0.42309233349925124
urn:ioos:station:GOA_RUNOFF_DISCHARGE,urn:ioos:sensor:GOA_RUNOFF_DISCHARGE:q,58.069320239858385,-154.46915010358515,2005-05-18T00:00:00Z,0.29948769077957055
urn:ioos:station:GOA_RUNOFF_DISCHARGE,urn:ioos:sensor:GOA_RUNOFF_DISCHARGE:q,58.069320239858385,-154.46915010358515,2005-05-19T00:00:00Z,0.21197851365184273
urn:ioos:station:GOA_RUNOFF_DISCHARGE,urn:ioos:sensor:GOA_RUNOFF_DISCHARGE:q,58.069320239858385,-154.46915010358515,2005-05-20T00:00:00Z,0.15003769525459518
urn:ioos:station:GOA_RUNOFF_DISCHARGE,urn:ioos:sensor:GOA_RUNOFF_DISCHARGE:q,58.069320239858385,-154.46915010358515,2005-05-21T00:00:00Z,0.1061960485909885
urn:ioos:station:GOA_RUNOFF_DISCHARGE,urn:ioos:sensor:GOA_RUNOFF_DISCHARGE:q,58.069320239858385,-154.46915010358515,2005-05-22T00:00:00Z,0.07516509832810271
urn:ioos:station:GOA_RUNOFF_DISCHARGE,urn:ioos:sensor:GOA_RUNOFF_DISCHARGE:q,58.069320239858385,-154.46915010358515,2005-05-23T00:00:00Z,0.053201514734898515
urn:ioos:station:GOA_RUNOFF_DISCHARGE,urn:ioos:sensor:GOA_RUNOFF_DISCHARGE:q,58.069320239858385,-154.46915010358515,2005-05-24T00:00:00Z,0.03765580196067096
urn:ioos:station:GOA_RUNOFF_DISCHARGE,urn:ioos:sensor:GOA_RUNOFF_DISCHARGE:q,58.069320239858385,-154.46915010358515,2005-05-25T00:00:00Z,0.02665261153311112
urn:ioos:station:GOA_RUNOFF_DISCHARGE,urn:ioos:sensor:GOA_RUNOFF_DISCHARGE:q,58.069320239858385,-154.46915010358515,2005-05-26T00:00:00Z,0.018864597268506242
urn:ioos:station:GOA_RUNOFF_DISCHARGE,urn:ioos:sensor:GOA_RUNOFF_DISCHARGE:q,58.069320239858385,-154.46915010358515,2005-05-27T00:00:00Z,0.2671746480179417
urn:ioos:station:GOA_RUNOFF_DISCHARGE,urn:ioos:sensor:GOA_RUNOFF_DISCHARGE:q,58.069320239858385,-154.46915010358515,2005-05-28T00:00:00Z,0.201112169627621
urn:ioos:station:GOA_RUNOFF_DISCHARGE,urn:ioos:sensor:GOA_RUNOFF_DISCHARGE:q,58.069320239858385,-154.46915010358515,2005-05-29T00:00:00Z,0.14354533828851143
urn:ioos:station:GOA_RUNOFF_DISCHARGE,urn:ioos:sensor:GOA_RUNOFF_DISCHARGE:q,58.069320239858385,-154.46915010358515,2005-05-30T00:00:00Z,1.1201496987943222
urn:ioos:station:GOA_RUNOFF_DISCHARGE,urn:ioos:sensor:GOA_RUNOFF_DISCHARGE:q,58.069320239858385,-154.46915010358515,2005-05-31T00:00:00Z,1.3196783121747142
urn:ioos:station:GOA_RUNOFF_DISCHARGE,urn:ioos:sensor:GOA_RUNOFF_DISCHARGE:q,58.069320239858385,-154.46915010358515,2005-06-01T00:00:00Z,0.961517343111381
urn:ioos:station:GOA_RUNOFF_DISCHARGE,urn:ioos:sensor:GOA_RUNOFF_DISCHARGE:q,58.069320239858385,-154.46915010358515,2005-06-02T00:00:00Z,0.6832993899412743
urn:ioos:station:GOA_RUNOFF_DISCHARGE,urn:ioos:sensor:GOA_RUNOFF_DISCHARGE:q,58.069320239858385,-154.46915010358515,2005-06-03T00:00:00Z,0.4839100300532551
urn:ioos:station:GOA_RUNOFF_DISCHARGE,urn:ioos:sensor:GOA_RUNOFF_DISCHARGE:q,58.069320239858385,-154.46915010358515,2005-06-04T00:00:00Z,0.34253672064123125
urn:ioos:station:GOA_RUNOFF_DISCHARGE,urn:ioos:sensor:GOA_RUNOFF_DISCHARGE:q,58.069320239858385,-154.46915010358515,2005-06-05T00:00:00Z,0.2424487005597552
urn:ioos:station:GOA_RUNOFF_DISCHARGE,urn:ioos:sensor:GOA_RUNOFF_DISCHARGE:q,58.069320239858385,-154.46915010358515,2005-06-06T00:00:00Z,0.17160439077209727
urn:ioos:station:GOA_RUNOFF_DISCHARGE,urn:ioos:sensor:GOA_RUNOFF_DISCHARGE:q,58.069320239858385,-154.46915010358515,2005-06-07T00:00:00Z,1.8703258251177501
urn:ioos:station:GOA_RUNOFF_DISCHARGE,urn:ioos:sensor:GOA_RUNOFF_DISCHARGE:q,58.069320239858385,-154.46915010358515,2005-06-08T00:00:00Z,2.355523407301239
urn:ioos:station:GOA_RUNOFF_DISCHARGE,urn:ioos:sensor:GOA_RUNOFF_DISCHARGE:q,58.069320239858385,-154.46915010358515,2005-06-09T00:00:00Z,2.451928396157009
urn:ioos:station:GOA_RUNOFF_DISCHARGE,urn:ioos:sensor:GOA_RUNOFF_DISCHARGE:q,58.069320239858385,-154.46915010358515,2005-06-10T00:00:00Z,1.8765279664917935
urn:ioos:station:GOA_RUNOFF_DISCHARGE,urn:ioos:sensor:GOA_RUNOFF_DISCHARGE:q,58.069320239858385,-154.46915010358515,2005-06-11T00:00:00Z,1.336968767771379
urn:ioos:station:GOA_RUNOFF_DISCHARGE,urn:ioos:sensor:GOA_RUNOFF_DISCHARGE:q,58.069320239858385,-154.46915010358515,2005-06-12T00:00:00Z,0.9471764040938365
urn:ioos:station:GOA_RUNOFF_DISCHARGE,urn:ioos:sensor:GOA_RUNOFF_DISCHARGE:q,58.069320239858385,-154.46915010358515,2005-06-13T00:00:00Z,0.6704947122909323
urn:ioos:station:GOA_RUNOFF_DISCHARGE,urn:ioos:sensor:GOA_RUNOFF_DISCHARGE:q,58.069320239858385,-154.46915010358515,2005-06-14T00:00:00Z,0.47458195364636213
urn:ioos:station:GOA_RUNOFF_DISCHARGE,urn:ioos:sensor:GOA_RUNOFF_DISCHARGE:q,58.069320239858385,-154.46915010358515,2005-06-15T00:00:00Z,0.3359078399985203
urn:ioos:station:GOA_RUNOFF_DISCHARGE,urn:ioos:sensor:GOA_RUNOFF_DISCHARGE:q,58.069320239858385,-154.46915010358515,2005-06-16T00:00:00Z,0.23775417393225828
urn:ioos:station:GOA_RUNOFF_DISCHARGE,urn:ioos:sensor:GOA_RUNOFF_DISCHARGE:q,58.069320239858385,-154.46915010358515,2005-06-17T00:00:00Z,0.16828134988667579
urn:ioos:station:GOA_RUNOFF_DISCHARGE,urn:ioos:sensor:GOA_RUNOFF_DISCHARGE:q,58.069320239858385,-154.46915010358515,2005-06-18T00:00:00Z,2.18519474493937
urn:ioos:station:GOA_RUNOFF_DISCHARGE,urn:ioos:sensor:GOA_RUNOFF_DISCHARGE:q,58.069320239858385,-154.46915010358515,2005-06-19T00:00:00Z,1.6444079842564319
urn:ioos:station:GOA_RUNOFF_DISCHARGE,urn:ioos:sensor:GOA_RUNOFF_DISCHARGE:q,58.069320239858385,-154.46915010358515,2005-06-20T00:00:00Z,1.173664611999257
urn:ioos:station:GOA_RUNOFF_DISCHARGE,urn:ioos:sensor:GOA_RUNOFF_DISCHARGE:q,58.069320239858385,-154.46915010358515,2005-06-21T00:00:00Z,0.8316891480531942
urn:ioos:station:GOA_RUNOFF_DISCHARGE,urn:ioos:sensor:GOA_RUNOFF_DISCHARGE:q,58.069320239858385,-154.46915010358515,2005-06-22T00:00:00Z,0.996177517629373
urn:ioos:station:GOA_RUNOFF_DISCHARGE,urn:ioos:sensor:GOA_RUNOFF_DISCHARGE:q,58.069320239858385,-154.46915010358515,2005-06-23T00:00:00Z,0.7243726581006881
urn:ioos:station:GOA_RUNOFF_DISCHARGE,urn:ioos:sensor:GOA_RUNOFF_DISCHARGE:q,58.069320239858385,-154.46915010358515,2005-06-24T00:00:00Z,0.5146332511471785
urn:ioos:station:GOA_RUNOFF_DISCHARGE,urn:ioos:sensor:GOA_RUNOFF_DISCHARGE:q,58.069320239858385,-154.46915010358515,2005-06-25T00:00:00Z,0.3644474058320275
urn:ioos:station:GOA_RUNOFF_DISCHARGE,urn:ioos:sensor:GOA_RUNOFF_DISCHARGE:q,58.069320239858385,-154.46915010358515,2005-06-26T00:00:00Z,0.2579734751538737
urn:ioos:station:GOA_RUNOFF_DISCHARGE,urn:ioos:sensor:GOA_RUNOFF_DISCHARGE:q,58.069320239858385,-154.46915010358515,2005-06-27T00:00:00Z,0.1825944151832033
urn:ioos:station:GOA_RUNOFF_DISCHARGE,urn:ioos:sensor:GOA_RUNOFF_DISCHARGE:q,58.069320239858385,-154.46915010358515,2005-06-28T00:00:00Z,0.12923970598425513
urn:ioos:station:GOA_RUNOFF_DISCHARGE,urn:ioos:sensor:GOA_RUNOFF_DISCHARGE:q,58.069320239858385,-154.46915010358515,2005-06-29T00:00:00Z,0.09147531162433004
urn:ioos:station:GOA_RUNOFF_DISCHARGE,urn:ioos:sensor:GOA_RUNOFF_DISCHARGE:q,58.069320239858385,-154.46915010358515,2005-06-30T00:00:00Z,0.06474582329975027
urn:ioos:station:GOA_RUNOFF_DISCHARGE,urn:ioos:sensor:GOA_RUNOFF_DISCHARGE:q,58.069320239858385,-154.46915010358515,2005-07-01T00:00:00Z,0.045826806496568215
urn:ioos:station:GOA_RUNOFF_DISCHARGE,urn:ioos:sensor:GOA_RUNOFF_DISCHARGE:q,58.069320239858385,-154.46915010358515,2005-07-02T00:00:00Z,0.032436009860814505
urn:ioos:station:GOA_RUNOFF_DISCHARGE,urn:ioos:sensor:GOA_RUNOFF_DISCHARGE:q,58.069320239858385,-154.46915010358515,2005-07-03T00:00:00Z,0.022958060813851537
urn:ioos:station:GOA_RUNOFF_DISCHARGE,urn:ioos:sensor:GOA_RUNOFF_DISCHARGE:q,58.069320239858385,-154.46915010358515,2005-07-04T00:00:00Z,0.016249614675609238
urn:ioos:station:GOA_RUNOFF_DISCHARGE,urn:ioos:sensor:GOA_RUNOFF_DISCHARGE:q,58.069320239858385,-154.46915010358515,2005-07-05T00:00:00Z,0.011501405440352764
urn:ioos:station:GOA_RUNOFF_DISCHARGE,urn:ioos:sensor:GOA_RUNOFF_DISCHARGE:q,58.069320239858385,-154.46915010358515,2005-07-06T00:00:00Z,0.008140643044167799
urn:ioos:station:GOA_RUNOFF_DISCHARGE,urn:ioos:sensor:GOA_RUNOFF_DISCHARGE:q,58.069320239858385,-154.46915010358515,2005-07-07T00:00:00Z,0.0057619107927313375
urn:ioos:station:GOA_RUNOFF_DISCHARGE,urn:ioos:sensor:GOA_RUNOFF_DISCHARGE:q,58.069320239858385,-154.46915010358515,2005-07-08T00:00:00Z,0.004078255049094601
urn:ioos:station:GOA_RUNOFF_DISCHARGE,urn:ioos:sensor:GOA_RUNOFF_DISCHARGE:q,58.069320239858385,-154.46915010358515,2005-07-09T00:00:00Z,0.0028865709953039666
urn:ioos:station:GOA_RUNOFF_DISCHARGE,urn:ioos:sensor:GOA_RUNOFF_DISCHARGE:q,58.069320239858385,-154.46915010358515,2005-07-10T00:00:00Z,0.0020431021249672074
urn:ioos:station:GOA_RUNOFF_DISCHARGE,urn:ioos:sensor:GOA_RUNOFF_DISCHARGE:q,58.069320239858385,-154.46915010358515,2005-07-11T00:00:00Z,0.001446098693029515
urn:ioos:station:GOA_RUNOFF_DISCHARGE,urn:ioos:sensor:GOA_RUNOFF_DISCHARGE:q,58.069320239858385,-154.46915010358515,2005-07-12T00:00:00Z,1.4099795645806676
urn:ioos:station:GOA_RUNOFF_DISCHARGE,urn:ioos:sensor:GOA_RUNOFF_DISCHARGE:q,58.069320239858385,-154.46915010358515,2005-07-13T00:00:00Z,1.0646284039057043
urn:ioos:station:GOA_RUNOFF_DISCHARGE,urn:ioos:sensor:GOA_RUNOFF_DISCHARGE:q,58.069320239858385,-154.46915010358515,2005-07-14T00:00:00Z,0.7601950105606938
urn:ioos:station:GOA_RUNOFF_DISCHARGE,urn:ioos:sensor:GOA_RUNOFF_DISCHARGE:q,58.069320239858385,-154.46915010358515,2005-07-15T00:00:00Z,0.5387272298155814
urn:ioos:station:GOA_RUNOFF_DISCHARGE,urn:ioos:sensor:GOA_RUNOFF_DISCHARGE:q,58.069320239858385,-154.46915010358515,2005-07-16T00:00:00Z,1.0939894469425646
urn:ioos:station:GOA_RUNOFF_DISCHARGE,urn:ioos:sensor:GOA_RUNOFF_DISCHARGE:q,58.069320239858385,-154.46915010358515,2005-07-17T00:00:00Z,0.8080380244331616
urn:ioos:station:GOA_RUNOFF_DISCHARGE,urn:ioos:sensor:GOA_RUNOFF_DISCHARGE:q,58.069320239858385,-154.46915010358515,2005-07-18T00:00:00Z,0.5752926841666292
urn:ioos:station:GOA_RUNOFF_DISCHARGE,urn:ioos:sensor:GOA_RUNOFF_DISCHARGE:q,58.069320239858385,-154.46915010358515,2005-07-19T00:00:00Z,0.4075258387693097
urn:ioos:station:GOA_RUNOFF_DISCHARGE,urn:ioos:sensor:GOA_RUNOFF_DISCHARGE:q,58.069320239858385,-154.46915010358515,2005-07-20T00:00:00Z,0.288478541213572
urn:ioos:station:GOA_RUNOFF_DISCHARGE,urn:ioos:sensor:GOA_RUNOFF_DISCHARGE:q,58.069320239858385,-154.46915010358515,2005-07-21T00:00:00Z,0.20418719195234725
urn:ioos:station:GOA_RUNOFF_DISCHARGE,urn:ioos:sensor:GOA_RUNOFF_DISCHARGE:q,58.069320239858385,-154.46915010358515,2005-07-22T00:00:00Z,0.14452312211031076
urn:ioos:station:GOA_RUNOFF_DISCHARGE,urn:ioos:sensor:GOA_RUNOFF_DISCHARGE:q,58.069320239858385,-154.46915010358515,2005-07-23T00:00:00Z,0.10229286430326714
urn:ioos:station:GOA_RUNOFF_DISCHARGE,urn:ioos:sensor:GOA_RUNOFF_DISCHARGE:q,58.069320239858385,-154.46915010358515,2005-07-24T00:00:00Z,0.22452815086604747
urn:ioos:station:GOA_RUNOFF_DISCHARGE,urn:ioos:sensor:GOA_RUNOFF_DISCHARGE:q,58.069320239858385,-154.46915010358515,2005-07-25T00:00:00Z,2.400031112562104
urn:ioos:station:GOA_RUNOFF_DISCHARGE,urn:ioos:sensor:GOA_RUNOFF_DISCHARGE:q,58.069320239858385,-154.46915010358515,2005-07-26T00:00:00Z,2.5425222321879386
urn:ioos:station:GOA_RUNOFF_DISCHARGE,urn:ioos:sensor:GOA_RUNOFF_DISCHARGE:q,58.069320239858385,-154.46915010358515,2005-07-27T00:00:00Z,1.8450931186112687
urn:ioos:station:GOA_RUNOFF_DISCHARGE,urn:ioos:sensor:GOA_RUNOFF_DISCHARGE:q,58.069320239858385,-154.46915010358515,2005-07-28T00:00:00Z,1.3104929755309054
urn:ioos:station:GOA_RUNOFF_DISCHARGE,urn:ioos:sensor:GOA_RUNOFF_DISCHARGE:q,58.069320239858385,-154.46915010358515,2005-07-29T00:00:00Z,0.928015005141687
urn:ioos:station:GOA_RUNOFF_DISCHARGE,urn:ioos:sensor:GOA_RUNOFF_DISCHARGE:q,58.069320239858385,-154.46915010358515,2005-07-30T00:00:00Z,0.6568902315164705
urn:ioos:station:GOA_RUNOFF_DISCHARGE,urn:ioos:sensor:GOA_RUNOFF_DISCHARGE:q,58.069320239858385,-154.46915010358515,2005-07-31T00:00:00Z,0.46494849965876967
urn:ioos:station:GOA_RUNOFF_DISCHARGE,urn:ioos:sensor:GOA_RUNOFF_DISCHARGE:q,58.069320239858385,-154.46915010358515,2005-08-01T00:00:00Z,0.32908892471269874
urn:ioos:station:GOA_RUNOFF_DISCHARGE,urn:ioos:sensor:GOA_RUNOFF_DISCHARGE:q,58.069320239858385,-154.46915010358515,2005-08-02T00:00:00Z,0.45441009530683174
urn:ioos:station:GOA_RUNOFF_DISCHARGE,urn:ioos:sensor:GOA_RUNOFF_DISCHARGE:q,58.069320239858385,-154.46915010358515,2005-08-03T00:00:00Z,0.9711666168745596
urn:ioos:station:GOA_RUNOFF_DISCHARGE,urn:ioos:sensor:GOA_RUNOFF_DISCHARGE:q,58.069320239858385,-154.46915010358515,2005-08-04T00:00:00Z,0.7186646462659476
urn:ioos:station:GOA_RUNOFF_DISCHARGE,urn:ioos:sensor:GOA_RUNOFF_DISCHARGE:q,58.069320239858385,-154.46915010358515,2005-08-05T00:00:00Z,0.5117909538371028
urn:ioos:station:GOA_RUNOFF_DISCHARGE,urn:ioos:sensor:GOA_RUNOFF_DISCHARGE:q,58.069320239858385,-154.46915010358515,2005-08-06T00:00:00Z,0.36255528173750473
urn:ioos:station:GOA_RUNOFF_DISCHARGE,urn:ioos:sensor:GOA_RUNOFF_DISCHARGE:q,58.069320239858385,-154.46915010358515,2005-08-07T00:00:00Z,0.25664614335924996
urn:ioos:station:GOA_RUNOFF_DISCHARGE,urn:ioos:sensor:GOA_RUNOFF_DISCHARGE:q,58.069320239858385,-154.46915010358515,2005-08-08T00:00:00Z,0.18165611502167642
urn:ioos:station:GOA_RUNOFF_DISCHARGE,urn:ioos:sensor:GOA_RUNOFF_DISCHARGE:q,58.069320239858385,-154.46915010358515,2005-08-09T00:00:00Z,0.12857569474880678
urn:ioos:station:GOA_RUNOFF_DISCHARGE,urn:ioos:sensor:GOA_RUNOFF_DISCHARGE:q,58.069320239858385,-154.46915010358515,2005-08-10T00:00:00Z,0.09100533930990828
urn:ioos:station:GOA_RUNOFF_DISCHARGE,urn:ioos:sensor:GOA_RUNOFF_DISCHARGE:q,58.069320239858385,-154.46915010358515,2005-08-11T00:00:00Z,0.0644131763397726
urn:ioos:station:GOA_RUNOFF_DISCHARGE,urn:ioos:sensor:GOA_RUNOFF_DISCHARGE:q,58.069320239858385,-154.46915010358515,2005-08-12T00:00:00Z,0.04559135988850868
urn:ioos:station:GOA_RUNOFF_DISCHARGE,urn:ioos:sensor:GOA_RUNOFF_DISCHARGE:q,58.069320239858385,-154.46915010358515,2005-08-13T00:00:00Z,0.03226936159853064
urn:ioos:station:GOA_RUNOFF_DISCHARGE,urn:ioos:sensor:GOA_RUNOFF_DISCHARGE:q,58.069320239858385,-154.46915010358515,2005-08-14T00:00:00Z,0.022840111395565733
urn:ioos:station:GOA_RUNOFF_DISCHARGE,urn:ioos:sensor:GOA_RUNOFF_DISCHARGE:q,58.069320239858385,-154.46915010358515,2005-08-15T00:00:00Z,0.016166130208903933
urn:ioos:station:GOA_RUNOFF_DISCHARGE,urn:ioos:sensor:GOA_RUNOFF_DISCHARGE:q,58.069320239858385,-154.46915010358515,2005-08-16T00:00:00Z,0.011442315618497697
urn:ioos:station:GOA_RUNOFF_DISCHARGE,urn:ioos:sensor:GOA_RUNOFF_DISCHARGE:q,58.069320239858385,-154.46915010358515,2005-08-17T00:00:00Z,1.0428883486436824
urn:ioos:station:GOA_RUNOFF_DISCHARGE,urn:ioos:sensor:GOA_RUNOFF_DISCHARGE:q,58.069320239858385,-154.46915010358515,2005-08-18T00:00:00Z,0.7871028372545946
urn:ioos:station:GOA_RUNOFF_DISCHARGE,urn:ioos:sensor:GOA_RUNOFF_DISCHARGE:q,58.069320239858385,-154.46915010358515,2005-08-19T00:00:00Z,0.561996047673842
urn:ioos:station:GOA_RUNOFF_DISCHARGE,urn:ioos:sensor:GOA_RUNOFF_DISCHARGE:q,58.069320239858385,-154.46915010358515,2005-08-20T00:00:00Z,0.3982664353175595
urn:ioos:station:GOA_RUNOFF_DISCHARGE,urn:ioos:sensor:GOA_RUNOFF_DISCHARGE:q,58.069320239858385,-154.46915010358515,2005-08-21T00:00:00Z,0.2819399747158908
urn:ioos:station:GOA_RUNOFF_DISCHARGE,urn:ioos:sensor:GOA_RUNOFF_DISCHARGE:q,58.069320239858385,-154.46915010358515,2005-08-22T00:00:00Z,1.0921152146524469
urn:ioos:station:GOA_RUNOFF_DISCHARGE,urn:ioos:sensor:GOA_RUNOFF_DISCHARGE:q,58.069320239858385,-154.46915010358515,2005-08-23T00:00:00Z,2.2831618461885594
urn:ioos:station:GOA_RUNOFF_DISCHARGE,urn:ioos:sensor:GOA_RUNOFF_DISCHARGE:q,58.069320239858385,-154.46915010358515,2005-08-24T00:00:00Z,1.6896697764500135
urn:ioos:station:GOA_RUNOFF_DISCHARGE,urn:ioos:sensor:GOA_RUNOFF_DISCHARGE:q,58.069320239858385,-154.46915010358515,2005-08-25T00:00:00Z,1.2032962027990504
urn:ioos:station:GOA_RUNOFF_DISCHARGE,urn:ioos:sensor:GOA_RUNOFF_DISCHARGE:q,58.069320239858385,-154.46915010358515,2005-08-26T00:00:00Z,0.8524221315305075
urn:ioos:station:GOA_RUNOFF_DISCHARGE,urn:ioos:sensor:GOA_RUNOFF_DISCHARGE:q,58.069320239858385,-154.46915010358515,2005-08-27T00:00:00Z,0.6034139961828229
urn:ioos:station:GOA_RUNOFF_DISCHARGE,urn:ioos:sensor:GOA_RUNOFF_DISCHARGE:q,58.069320239858385,-154.46915010358515,2005-08-28T00:00:00Z,3.284784260882011
urn:ioos:station:GOA_RUNOFF_DISCHARGE,urn:ioos:sensor:GOA_RUNOFF_DISCHARGE:q,58.069320239858385,-154.46915010358515,2005-08-29T00:00:00Z,2.4601402081493684
urn:ioos:station:GOA_RUNOFF_DISCHARGE,urn:ioos:sensor:GOA_RUNOFF_DISCHARGE:q,58.069320239858385,-154.46915010358515,2005-08-30T00:00:00Z,1.7547756846469194
urn:ioos:station:GOA_RUNOFF_DISCHARGE,urn:ioos:sensor:GOA_RUNOFF_DISCHARGE:q,58.069320239858385,-154.46915010358515,2005-08-31T00:00:00Z,1.2433704241742607
urn:ioos:station:GOA_RUNOFF_DISCHARGE,urn:ioos:sensor:GOA_RUNOFF_DISCHARGE:q,58.069320239858385,-154.46915010358515,2005-09-01T00:00:00Z,2.4129168953405022
urn:ioos:station:GOA_RUNOFF_DISCHARGE,urn:ioos:sensor:GOA_RUNOFF_DISCHARGE:q,58.069320239858385,-154.46915010358515,2005-09-02T00:00:00Z,1.7105066244830456
urn:ioos:station:GOA_RUNOFF_DISCHARGE,urn:ioos:sensor:GOA_RUNOFF_DISCHARGE:q,58.069320239858385,-154.46915010358515,2005-09-03T00:00:00Z,2.580558629664372
urn:ioos:station:GOA_RUNOFF_DISCHARGE,urn:ioos:sensor:GOA_RUNOFF_DISCHARGE:q,58.069320239858385,-154.46915010358515,2005-09-04T00:00:00Z,2.1398386261005062
urn:ioos:station:GOA_RUNOFF_DISCHARGE,urn:ioos:sensor:GOA_RUNOFF_DISCHARGE:q,58.069320239858385,-154.46915010358515,2005-09-05T00:00:00Z,1.5386144025965172
urn:ioos:station:GOA_RUNOFF_DISCHARGE,urn:ioos:sensor:GOA_RUNOFF_DISCHARGE:q,58.069320239858385,-154.46915010358515,2005-09-06T00:00:00Z,1.139686233630743
urn:ioos:station:GOA_RUNOFF_DISCHARGE,urn:ioos:sensor:GOA_RUNOFF_DISCHARGE:q,58.069320239858385,-154.46915010358515,2005-09-07T00:00:00Z,0.8091715886438661
urn:ioos:station:GOA_RUNOFF_DISCHARGE,urn:ioos:sensor:GOA_RUNOFF_DISCHARGE:q,58.069320239858385,-154.46915010358515,2005-09-08T00:00:00Z,0.5729783924225793
urn:ioos:station:GOA_RUNOFF_DISCHARGE,urn:ioos:sensor:GOA_RUNOFF_DISCHARGE:q,58.069320239858385,-154.46915010358515,2005-09-09T00:00:00Z,4.87239721164505
urn:ioos:station:GOA_RUNOFF_DISCHARGE,urn:ioos:sensor:GOA_RUNOFF_DISCHARGE:q,58.069320239858385,-154.46915010358515,2005-09-10T00:00:00Z,3.659968295156324
urn:ioos:station:GOA_RUNOFF_DISCHARGE,urn:ioos:sensor:GOA_RUNOFF_DISCHARGE:q,58.069320239858385,-154.46915010358515,2005-09-11T00:00:00Z,2.6116103824388133
urn:ioos:station:GOA_RUNOFF_DISCHARGE,urn:ioos:sensor:GOA_RUNOFF_DISCHARGE:q,58.069320239858385,-154.46915010358515,2005-09-12T00:00:00Z,1.850593269777186
urn:ioos:station:GOA_RUNOFF_DISCHARGE,urn:ioos:sensor:GOA_RUNOFF_DISCHARGE:q,58.069320239858385,-154.46915010358515,2005-09-13T00:00:00Z,1.3100521267326612
urn:ioos:station:GOA_RUNOFF_DISCHARGE,urn:ioos:sensor:GOA_RUNOFF_DISCHARGE:q,58.069320239858385,-154.46915010358515,2005-09-14T00:00:00Z,0.927270127225943
urn:ioos:station:GOA_RUNOFF_DISCHARGE,urn:ioos:sensor:GOA_RUNOFF_DISCHARGE:q,58.069320239858385,-154.46915010358515,2005-09-15T00:00:00Z,3.349657312506881
urn:ioos:station:GOA_RUNOFF_DISCHARGE,urn:ioos:sensor:GOA_RUNOFF_DISCHARGE:q,58.069320239858385,-154.46915010358515,2005-09-16T00:00:00Z,2.4982821146488376
urn:ioos:station:GOA_RUNOFF_DISCHARGE,urn:ioos:sensor:GOA_RUNOFF_DISCHARGE:q,58.069320239858385,-154.46915010358515,2005-09-17T00:00:00Z,1.7809958608876952
urn:ioos:station:GOA_RUNOFF_DISCHARGE,urn:ioos:sensor:GOA_RUNOFF_DISCHARGE:q,58.069320239858385,-154.46915010358515,2005-09-18T00:00:00Z,1.261851474108171
urn:ioos:station:GOA_RUNOFF_DISCHARGE,urn:ioos:sensor:GOA_RUNOFF_DISCHARGE:q,58.069320239858385,-154.46915010358515,2005-09-19T00:00:00Z,0.8932597804127934
urn:ioos:station:GOA_RUNOFF_DISCHARGE,urn:ioos:sensor:GOA_RUNOFF_DISCHARGE:q,58.069320239858385,-154.46915010358515,2005-09-20T00:00:00Z,0.6322580186953324
urn:ioos:station:GOA_RUNOFF_DISCHARGE,urn:ioos:sensor:GOA_RUNOFF_DISCHARGE:q,58.069320239858385,-154.46915010358515,2005-09-21T00:00:00Z,0.4475106669011876
urn:ioos:station:GOA_RUNOFF_DISCHARGE,urn:ioos:sensor:GOA_RUNOFF_DISCHARGE:q,58.069320239858385,-154.46915010358515,2005-09-22T00:00:00Z,1.2671429752609538
urn:ioos:station:GOA_RUNOFF_DISCHARGE,urn:ioos:sensor:GOA_RUNOFF_DISCHARGE:q,58.069320239858385,-154.46915010358515,2005-09-23T00:00:00Z,2.1358117860929102
urn:ioos:station:GOA_RUNOFF_DISCHARGE,urn:ioos:sensor:GOA_RUNOFF_DISCHARGE:q,58.069320239858385,-154.46915010358515,2005-09-24T00:00:00Z,1.7051514495557627
urn:ioos:station:GOA_RUNOFF_DISCHARGE,urn:ioos:sensor:GOA_RUNOFF_DISCHARGE:q,58.069320239858385,-154.46915010358515,2005-09-25T00:00:00Z,1.2192531927380006
urn:ioos:station:GOA_RUNOFF_DISCHARGE,urn:ioos:sensor:GOA_RUNOFF_DISCHARGE:q,58.069320239858385,-154.46915010358515,2005-09-26T00:00:00Z,0.864215790674581
urn:ioos:station:GOA_RUNOFF_DISCHARGE,urn:ioos:sensor:GOA_RUNOFF_DISCHARGE:q,58.069320239858385,-154.46915010358515,2005-09-27T00:00:00Z,5.044486901166961
urn:ioos:station:GOA_RUNOFF_DISCHARGE,urn:ioos:sensor:GOA_RUNOFF_DISCHARGE:q,58.069320239858385,-154.46915010358515,2005-09-28T00:00:00Z,5.071412488107881
urn:ioos:station:GOA_RUNOFF_DISCHARGE,urn:ioos:sensor:GOA_RUNOFF_DISCHARGE:q,58.069320239858385,-154.46915010358515,2005-09-29T00:00:00Z,3.7868109269118095
urn:ioos:station:GOA_RUNOFF_DISCHARGE,urn:ioos:sensor:GOA_RUNOFF_DISCHARGE:q,58.069320239858385,-154.46915010358515,2005-09-30T00:00:00Z,2.693931100735819
urn:ioos:station:GOA_RUNOFF_DISCHARGE,urn:ioos:sensor:GOA_RUNOFF_DISCHARGE:q,58.069320239858385,-154.46915010358515,2005-10-01T00:00:00Z,1.9081148947097613
urn:ioos:station:GOA_RUNOFF_DISCHARGE,urn:ioos:sensor:GOA_RUNOFF_DISCHARGE:q,58.069320239858385,-154.46915010358515,2005-10-02T00:00:00Z,1.3506912555204829
urn:ioos:station:GOA_RUNOFF_DISCHARGE,urn:ioos:sensor:GOA_RUNOFF_DISCHARGE:q,58.069320239858385,-154.46915010358515,2005-10-03T00:00:00Z,0.9560267956345927
urn:ioos:station:GOA_RUNOFF_DISCHARGE,urn:ioos:sensor:GOA_RUNOFF_DISCHARGE:q,58.069320239858385,-154.46915010358515,2005-10-04T00:00:00Z,1.818661529652266
urn:ioos:station:GOA_RUNOFF_DISCHARGE,urn:ioos:sensor:GOA_RUNOFF_DISCHARGE:q,58.069320239858385,-154.46915010358515,2005-10-05T00:00:00Z,3.6899152290087556
urn:ioos:station:GOA_RUNOFF_DISCHARGE,urn:ioos:sensor:GOA_RUNOFF_DISCHARGE:q,58.069320239858385,-154.46915010358515,2005-10-06T00:00:00Z,4.0223688982980255
urn:ioos:station:GOA_RUNOFF_DISCHARGE,urn:ioos:sensor:GOA_RUNOFF_DISCHARGE:q,58.069320239858385,-154.46915010358515,2005-10-07T00:00:00Z,4.014863286350122
urn:ioos:station:GOA_RUNOFF_DISCHARGE,urn:ioos:sensor:GOA_RUNOFF_DISCHARGE:q,58.069320239858385,-154.46915010358515,2005-10-08T00:00:00Z,2.9007766727735493
urn:ioos:station:GOA_RUNOFF_DISCHARGE,urn:ioos:sensor:GOA_RUNOFF_DISCHARGE:q,58.069320239858385,-154.46915010358515,2005-10-09T00:00:00Z,2.0590558136380195
urn:ioos:station:GOA_RUNOFF_DISCHARGE,urn:ioos:sensor:GOA_RUNOFF_DISCHARGE:q,58.069320239858385,-154.46915010358515,2005-10-10T00:00:00Z,1.457979592192528
urn:ioos:station:GOA_RUNOFF_DISCHARGE,urn:ioos:sensor:GOA_RUNOFF_DISCHARGE:q,58.069320239858385,-154.46915010358515,2005-10-11T00:00:00Z,1.0320103946802053
urn:ioos:station:GOA_RUNOFF_DISCHARGE,urn:ioos:sensor:GOA_RUNOFF_DISCHARGE:q,58.069320239858385,-154.46915010358515,2005-10-12T00:00:00Z,0.7304582396313284
urn:ioos:station:GOA_RUNOFF_DISCHARGE,urn:ioos:sensor:GOA_RUNOFF_DISCHARGE:q,58.069320239858385,-154.46915010358515,2005-10-13T00:00:00Z,0.5170156567274835
urn:ioos:station:GOA_RUNOFF_DISCHARGE,urn:ioos:sensor:GOA_RUNOFF_DISCHARGE:q,58.069320239858385,-154.46915010358515,2005-10-14T00:00:00Z,0.3659414372785388
urn:ioos:station:GOA_RUNOFF_DISCHARGE,urn:ioos:sensor:GOA_RUNOFF_DISCHARGE:q,58.069320239858385,-154.46915010358515,2005-10-15T00:00:00Z,0.25901172603890577
urn:ioos:station:GOA_RUNOFF_DISCHARGE,urn:ioos:sensor:GOA_RUNOFF_DISCHARGE:q,58.069320239858385,-154.46915010358515,2005-10-16T00:00:00Z,0.18332735426622848
urn:ioos:station:GOA_RUNOFF_DISCHARGE,urn:ioos:sensor:GOA_RUNOFF_DISCHARGE:q,58.069320239858385,-154.46915010358515,2005-10-17T00:00:00Z,1.8637545337204677
urn:ioos:station:GOA_RUNOFF_DISCHARGE,urn:ioos:sensor:GOA_RUNOFF_DISCHARGE:q,58.069320239858385,-154.46915010358515,2005-10-18T00:00:00Z,1.8760285746570773
urn:ioos:station:GOA_RUNOFF_DISCHARGE,urn:ioos:sensor:GOA_RUNOFF_DISCHARGE:q,58.069320239858385,-154.46915010358515,2005-10-19T00:00:00Z,2.8896195540383998
urn:ioos:station:GOA_RUNOFF_DISCHARGE,urn:ioos:sensor:GOA_RUNOFF_DISCHARGE:q,58.069320239858385,-154.46915010358515,2005-10-20T00:00:00Z,8.696612534354163
urn:ioos:station:GOA_RUNOFF_DISCHARGE,urn:ioos:sensor:GOA_RUNOFF_DISCHARGE:q,58.069320239858385,-154.46915010358515,2005-10-21T00:00:00Z,9.511725254519577
urn:ioos:station:GOA_RUNOFF_DISCHARGE,urn:ioos:sensor:GOA_RUNOFF_DISCHARGE:q,58.069320239858385,-154.46915010358515,2005-10-22T00:00:00Z,6.907871495519878
urn:ioos:station:GOA_RUNOFF_DISCHARGE,urn:ioos:sensor:GOA_RUNOFF_DISCHARGE:q,58.069320239858385,-154.46915010358515,2005-10-23T00:00:00Z,4.906887874472043
urn:ioos:station:GOA_RUNOFF_DISCHARGE,urn:ioos:sensor:GOA_RUNOFF_DISCHARGE:q,58.069320239858385,-154.46915010358515,2005-10-24T00:00:00Z,3.474823376943709
urn:ioos:station:GOA_RUNOFF_DISCHARGE,urn:ioos:sensor:GOA_RUNOFF_DISCHARGE:q,58.069320239858385,-154.46915010358515,2005-10-25T00:00:00Z,2.4596392376260283
urn:ioos:station:GOA_RUNOFF_DISCHARGE,urn:ioos:sensor:GOA_RUNOFF_DISCHARGE:q,58.069320239858385,-154.46915010358515,2005-10-26T00:00:00Z,1.7409390050873486
urn:ioos:station:GOA_RUNOFF_DISCHARGE,urn:ioos:sensor:GOA_RUNOFF_DISCHARGE:q,58.069320239858385,-154.46915010358515,2005-10-27T00:00:00Z,1.2322308025713602
urn:ioos:station:GOA_RUNOFF_DISCHARGE,urn:ioos:sensor:GOA_RUNOFF_DISCHARGE:q,58.069320239858385,-154.46915010358515,2005-10-28T00:00:00Z,0.8060034894690181
urn:ioos:station:GOA_RUNOFF_DISCHARGE,urn:ioos:sensor:GOA_RUNOFF_DISCHARGE:q,58.069320239858385,-154.46915010358515,2005-10-29T00:00:00Z,0.5740634119580965
urn:ioos:station:GOA_RUNOFF_DISCHARGE,urn:ioos:sensor:GOA_RUNOFF_DISCHARGE:q,58.069320239858385,-154.46915010358515,2005-10-30T00:00:00Z,0.3785618030320321
urn:ioos:station:GOA_RUNOFF_DISCHARGE,urn:ioos:sensor:GOA_RUNOFF_DISCHARGE:q,58.069320239858385,-154.46915010358515,2005-10-31T00:00:00Z,0.26972130299383246
urn:ioos:station:GOA_RUNOFF_DISCHARGE,urn:ioos:sensor:GOA_RUNOFF_DISCHARGE:q,58.069320239858385,-154.46915010358515,2005-11-01T00:00:00Z,0.17491761418763843
urn:ioos:station:GOA_RUNOFF_DISCHARGE,urn:ioos:sensor:GOA_RUNOFF_DISCHARGE:q,58.069320239858385,-154.46915010358515,2005-11-02T00:00:00Z,0.12723307763047492
urn:ioos:station:GOA_RUNOFF_DISCHARGE,urn:ioos:sensor:GOA_RUNOFF_DISCHARGE:q,58.069320239858385,-154.46915010358515,2005-11-03T00:00:00Z,0.09100169681480194
urn:ioos:station:GOA_RUNOFF_DISCHARGE,urn:ioos:sensor:GOA_RUNOFF_DISCHARGE:q,58.069320239858385,-154.46915010358515,2005-11-04T00:00:00Z,0.06450512672978237
urn:ioos:station:GOA_RUNOFF_DISCHARGE,urn:ioos:sensor:GOA_RUNOFF_DISCHARGE:q,58.069320239858385,-154.46915010358515,2005-11-05T00:00:00Z,0.04566588303613039
urn:ioos:station:GOA_RUNOFF_DISCHARGE,urn:ioos:sensor:GOA_RUNOFF_DISCHARGE:q,58.069320239858385,-154.46915010358515,2005-11-06T00:00:00Z,0.6620149179046535
urn:ioos:station:GOA_RUNOFF_DISCHARGE,urn:ioos:sensor:GOA_RUNOFF_DISCHARGE:q,58.069320239858385,-154.46915010358515,2005-11-07T00:00:00Z,0.44701699781273313
urn:ioos:station:GOA_RUNOFF_DISCHARGE,urn:ioos:sensor:GOA_RUNOFF_DISCHARGE:q,58.069320239858385,-154.46915010358515,2005-11-08T00:00:00Z,0.2911748756046231
urn:ioos:station:GOA_RUNOFF_DISCHARGE,urn:ioos:sensor:GOA_RUNOFF_DISCHARGE:q,58.069320239858385,-154.46915010358515,2005-11-09T00:00:00Z,0.189087758829677
urn:ioos:station:GOA_RUNOFF_DISCHARGE,urn:ioos:sensor:GOA_RUNOFF_DISCHARGE:q,58.069320239858385,-154.46915010358515,2005-11-10T00:00:00Z,0.12276059520240692
urn:ioos:station:GOA_RUNOFF_DISCHARGE,urn:ioos:sensor:GOA_RUNOFF_DISCHARGE:q,58.069320239858385,-154.46915010358515,2005-11-11T00:00:00Z,0.07969750514518896
urn:ioos:station:GOA_RUNOFF_DISCHARGE,urn:ioos:sensor:GOA_RUNOFF_DISCHARGE:q,58.069320239858385,-154.46915010358515,2005-11-12T00:00:00Z,0.05174037674588831
urn:ioos:station:GOA_RUNOFF_DISCHARGE,urn:ioos:sensor:GOA_RUNOFF_DISCHARGE:q,58.069320239858385,-154.46915010358515,2005-11-13T00:00:00Z,0.03359033341580727
urn:ioos:station:GOA_RUNOFF_DISCHARGE,urn:ioos:sensor:GOA_RUNOFF_DISCHARGE:q,58.069320239858385,-154.46915010358515,2005-11-14T00:00:00Z,0.8956094610934974
urn:ioos:station:GOA_RUNOFF_DISCHARGE,urn:ioos:sensor:GOA_RUNOFF_DISCHARGE:q,58.069320239858385,-154.46915010358515,2005-11-15T00:00:00Z,7.57783169015421
urn:ioos:station:GOA_RUNOFF_DISCHARGE,urn:ioos:sensor:GOA_RUNOFF_DISCHARGE:q,58.069320239858385,-154.46915010358515,2005-11-16T00:00:00Z,9.302063828206222
urn:ioos:station:GOA_RUNOFF_DISCHARGE,urn:ioos:sensor:GOA_RUNOFF_DISCHARGE:q,58.069320239858385,-154.46915010358515,2005-11-17T00:00:00Z,7.250817392518835
urn:ioos:station:GOA_RUNOFF_DISCHARGE,urn:ioos:sensor:GOA_RUNOFF_DISCHARGE:q,58.069320239858385,-154.46915010358515,2005-11-18T00:00:00Z,6.985902916825553
urn:ioos:station:GOA_RUNOFF_DISCHARGE,urn:ioos:sensor:GOA_RUNOFF_DISCHARGE:q,58.069320239858385,-154.46915010358515,2005-11-19T00:00:00Z,4.593916538376438
urn:ioos:station:GOA_RUNOFF_DISCHARGE,urn:ioos:sensor:GOA_RUNOFF_DISCHARGE:q,58.069320239858385,-154.46915010358515,2005-11-20T00:00:00Z,2.985703542873962
urn:ioos:station:GOA_RUNOFF_DISCHARGE,urn:ioos:sensor:GOA_RUNOFF_DISCHARGE:q,58.069320239858385,-154.46915010358515,2005-11-21T00:00:00Z,1.9385314884278246
urn:ioos:station:GOA_RUNOFF_DISCHARGE,urn:ioos:sensor:GOA_RUNOFF_DISCHARGE:q,58.069320239858385,-154.46915010358515,2005-11-22T00:00:00Z,1.2585230722592973
urn:ioos:station:GOA_RUNOFF_DISCHARGE,urn:ioos:sensor:GOA_RUNOFF_DISCHARGE:q,58.069320239858385,-154.46915010358515,2005-11-23T00:00:00Z,0.8170455612706957
urn:ioos:station:GOA_RUNOFF_DISCHARGE,urn:ioos:sensor:GOA_RUNOFF_DISCHARGE:q,58.069320239858385,-154.46915010358515,2005-11-24T00:00:00Z,0.5304336877975849
urn:ioos:station:GOA_RUNOFF_DISCHARGE,urn:ioos:sensor:GOA_RUNOFF_DISCHARGE:q,58.069320239858385,-154.46915010358515,2005-11-25T00:00:00Z,0.3443625069242009
urn:ioos:station:GOA_RUNOFF_DISCHARGE,urn:ioos:sensor:GOA_RUNOFF_DISCHARGE:q,58.069320239858385,-154.46915010358515,2005-11-26T00:00:00Z,0.22356339122539592
urn:ioos:station:GOA_RUNOFF_DISCHARGE,urn:ioos:sensor:GOA_RUNOFF_DISCHARGE:q,58.069320239858385,-154.46915010358515,2005-11-27T00:00:00Z,0.1451394684605864
urn:ioos:station:GOA_RUNOFF_DISCHARGE,urn:ioos:sensor:GOA_RUNOFF_DISCHARGE:q,58.069320239858385,-154.46915010358515,2005-11-28T00:00:00Z,0.09422589699215694
urn:ioos:station:GOA_RUNOFF_DISCHARGE,urn:ioos:sensor:GOA_RUNOFF_DISCHARGE:q,58.069320239858385,-154.46915010358515,2005-11-29T00:00:00Z,0.06117233826434152
urn:ioos:station:GOA_RUNOFF_DISCHARGE,urn:ioos:sensor:GOA_RUNOFF_DISCHARGE:q,58.069320239858385,-154.46915010358515,2005-11-30T00:00:00Z,0.03971365547136444
urn:ioos:station:GOA_RUNOFF_DISCHARGE,urn:ioos:sensor:GOA_RUNOFF_DISCHARGE:q,58.069320239858385,-154.46915010358515,2005-12-01T00:00:00Z,0.02578247865302716
urn:ioos:station:GOA_RUNOFF_DISCHARGE,urn:ioos:sensor:GOA_RUNOFF_DISCHARGE:q,58.069320239858385,-154.46915010358515,2005-12-02T00:00:00Z,0.016738224971480926
urn:ioos:station:GOA_RUNOFF_DISCHARGE,urn:ioos:sensor:GOA_RUNOFF_DISCHARGE:q,58.069320239858385,-154.46915010358515,2005-12-03T00:00:00Z,0.010866612277952757
urn:ioos:station:GOA_RUNOFF_DISCHARGE,urn:ioos:sensor:GOA_RUNOFF_DISCHARGE:q,58.069320239858385,-154.46915010358515,2005-12-04T00:00:00Z,0.007054707232017576
urn:ioos:station:GOA_RUNOFF_DISCHARGE,urn:ioos:sensor:GOA_RUNOFF_DISCHARGE:q,58.069320239858385,-154.46915010358515,2005-12-05T00:00:00Z,4.3694264898181165
urn:ioos:station:GOA_RUNOFF_DISCHARGE,urn:ioos:sensor:GOA_RUNOFF_DISCHARGE:q,58.069320239858385,-154.46915010358515,2005-12-06T00:00:00Z,8.359744588557497
urn:ioos:station:GOA_RUNOFF_DISCHARGE,urn:ioos:sensor:GOA_RUNOFF_DISCHARGE:q,58.069320239858385,-154.46915010358515,2005-12-07T00:00:00Z,13.765050246864941
urn:ioos:station:GOA_RUNOFF_DISCHARGE,urn:ioos:sensor:GOA_RUNOFF_DISCHARGE:q,58.069320239858385,-154.46915010358515,2005-12-08T00:00:00Z,12.42609706749323
urn:ioos:station:GOA_RUNOFF_DISCHARGE,urn:ioos:sensor:GOA_RUNOFF_DISCHARGE:q,58.069320239858385,-154.46915010358515,2005-12-09T00:00:00Z,10.416137022929492
urn:ioos:station:GOA_RUNOFF_DISCHARGE,urn:ioos:sensor:GOA_RUNOFF_DISCHARGE:q,58.069320239858385,-154.46915010358515,2005-12-10T00:00:00Z,7.684599454252501
urn:ioos:station:GOA_RUNOFF_DISCHARGE,urn:ioos:sensor:GOA_RUNOFF_DISCHARGE:q,58.069320239858385,-154.46915010358515,2005-12-11T00:00:00Z,5.014093461548716
urn:ioos:station:GOA_RUNOFF_DISCHARGE,urn:ioos:sensor:GOA_RUNOFF_DISCHARGE:q,58.069320239858385,-154.46915010358515,2005-12-12T00:00:00Z,3.2554690655939384
urn:ioos:station:GOA_RUNOFF_DISCHARGE,urn:ioos:sensor:GOA_RUNOFF_DISCHARGE:q,58.069320239858385,-154.46915010358515,2005-12-13T00:00:00Z,2.3753425274013513
urn:ioos:station:GOA_RUNOFF_DISCHARGE,urn:ioos:sensor:GOA_RUNOFF_DISCHARGE:q,58.069320239858385,-154.46915010358515,2005-12-14T00:00:00Z,6.147790282097495
urn:ioos:station:GOA_RUNOFF_DISCHARGE,urn:ioos:sensor:GOA_RUNOFF_DISCHARGE:q,58.069320239858385,-154.46915010358515,2005-12-15T00:00:00Z,8.740506392855073
urn:ioos:station:GOA_RUNOFF_DISCHARGE,urn:ioos:sensor:GOA_RUNOFF_DISCHARGE:q,58.069320239858385,-154.46915010358515,2005-12-16T00:00:00Z,8.374168014055645
urn:ioos:station:GOA_RUNOFF_DISCHARGE,urn:ioos:sensor:GOA_RUNOFF_DISCHARGE:q,58.069320239858385,-154.46915010358515,2005-12-17T00:00:00Z,6.077482857999373
urn:ioos:station:GOA_RUNOFF_DISCHARGE,urn:ioos:sensor:GOA_RUNOFF_DISCHARGE:q,58.069320239858385,-154.46915010358515,2005-12-18T00:00:00Z,4.5915658710153435
urn:ioos:station:GOA_RUNOFF_DISCHARGE,urn:ioos:sensor:GOA_RUNOFF_DISCHARGE:q,58.069320239858385,-154.46915010358515,2005-12-19T00:00:00Z,5.711171316906552
urn:ioos:station:GOA_RUNOFF_DISCHARGE,urn:ioos:sensor:GOA_RUNOFF_DISCHARGE:q,58.069320239858385,-154.46915010358515,2005-12-20T00:00:00Z,4.699188231888744
urn:ioos:station:GOA_RUNOFF_DISCHARGE,urn:ioos:sensor:GOA_RUNOFF_DISCHARGE:q,58.069320239858385,-154.46915010358515,2005-12-21T00:00:00Z,3.4324055923062122
urn:ioos:station:GOA_RUNOFF_DISCHARGE,urn:ioos:sensor:GOA_RUNOFF_DISCHARGE:q,58.069320239858385,-154.46915010358515,2005-12-22T00:00:00Z,2.220411341418619
urn:ioos:station:GOA_RUNOFF_DISCHARGE,urn:ioos:sensor:GOA_RUNOFF_DISCHARGE:q,58.069320239858385,-154.46915010358515,2005-12-23T00:00:00Z,1.441066311619607
urn:ioos:station:GOA_RUNOFF_DISCHARGE,urn:ioos:sensor:GOA_RUNOFF_DISCHARGE:q,58.069320239858385,-154.46915010358515,2005-12-24T00:00:00Z,1.7904461541055605
urn:ioos:station:GOA_RUNOFF_DISCHARGE,urn:ioos:sensor:GOA_RUNOFF_DISCHARGE:q,58.069320239858385,-154.46915010358515,2005-12-25T00:00:00Z,2.119855190826116
urn:ioos:station:GOA_RUNOFF_DISCHARGE,urn:ioos:sensor:GOA_RUNOFF_DISCHARGE:q,58.069320239858385,-154.46915010358515,2005-12-26T00:00:00Z,3.352185582338172
urn:ioos:station:GOA_RUNOFF_DISCHARGE,urn:ioos:sensor:GOA_RUNOFF_DISCHARGE:q,58.069320239858385,-154.46915010358515,2005-12-27T00:00:00Z,3.528959241007406
urn:ioos:station:GOA_RUNOFF_DISCHARGE,urn:ioos:sensor:GOA_RUNOFF_DISCHARGE:q,58.069320239858385,-154.46915010358515,2005-12-28T00:00:00Z,4.572670020645485
urn:ioos:station:GOA_RUNOFF_DISCHARGE,urn:ioos:sensor:GOA_RUNOFF_DISCHARGE:q,58.069320239858385,-154.46915010358515,2005-12-29T00:00:00Z,4.345588028481373
urn:ioos:station:GOA_RUNOFF_DISCHARGE,urn:ioos:sensor:GOA_RUNOFF_DISCHARGE:q,58.069320239858385,-154.46915010358515,2005-12-30T00:00:00Z,5.677624709876694
urn:ioos:station:GOA_RUNOFF_DISCHARGE,urn:ioos:sensor:GOA_RUNOFF_DISCHARGE:q,58.069320239858385,-154.46915010358515,2005-12-31T00:00:00Z,5.153739521159383
urn:ioos:station:GOA_RUNOFF_DISCHARGE,urn:ioos:sensor:GOA_RUNOFF_DISCHARGE:q,58.069320239858385,-154.46915010358515,2006-01-01T00:00:00Z,4.189354424383865
urn:ioos:station:GOA_RUNOFF_DISCHARGE,urn:ioos:sensor:GOA_RUNOFF_DISCHARGE:q,58.069320239858385,-154.46915010358515,2006-01-02T00:00:00Z,3.231037280449352
urn:ioos:station:GOA_RUNOFF_DISCHARGE,urn:ioos:sensor:GOA_RUNOFF_DISCHARGE:q,58.069320239858385,-154.46915010358515,2006-01-03T00:00:00Z,2.3820587950372683
urn:ioos:station:GOA_RUNOFF_DISCHARGE,urn:ioos:sensor:GOA_RUNOFF_DISCHARGE:q,58.069320239858385,-154.46915010358515,2006-01-04T00:00:00Z,1.835277885206495
urn:ioos:station:GOA_RUNOFF_DISCHARGE,urn:ioos:sensor:GOA_RUNOFF_DISCHARGE:q,58.069320239858385,-154.46915010358515,2006-01-05T00:00:00Z,1.5984193375088969
urn:ioos:station:GOA_RUNOFF_DISCHARGE,urn:ioos:sensor:GOA_RUNOFF_DISCHARGE:q,58.069320239858385,-154.46915010358515,2006-01-06T00:00:00Z,1.0496090234520081
urn:ioos:station:GOA_RUNOFF_DISCHARGE,urn:ioos:sensor:GOA_RUNOFF_DISCHARGE:q,58.069320239858385,-154.46915010358515,2006-01-07T00:00:00Z,2.025530913576741
urn:ioos:station:GOA_RUNOFF_DISCHARGE,urn:ioos:sensor:GOA_RUNOFF_DISCHARGE:q,58.069320239858385,-154.46915010358515,2006-01-08T00:00:00Z,2.2917188647600275
urn:ioos:station:GOA_RUNOFF_DISCHARGE,urn:ioos:sensor:GOA_RUNOFF_DISCHARGE:q,58.069320239858385,-154.46915010358515,2006-01-09T00:00:00Z,1.7796587116231912
urn:ioos:station:GOA_RUNOFF_DISCHARGE,urn:ioos:sensor:GOA_RUNOFF_DISCHARGE:q,58.069320239858385,-154.46915010358515,2006-01-10T00:00:00Z,1.6698203981512756
urn:ioos:station:GOA_RUNOFF_DISCHARGE,urn:ioos:sensor:GOA_RUNOFF_DISCHARGE:q,58.069320239858385,-154.46915010358515,2006-01-11T00:00:00Z,1.0981380433102843
urn:ioos:station:GOA_RUNOFF_DISCHARGE,urn:ioos:sensor:GOA_RUNOFF_DISCHARGE:q,58.069320239858385,-154.46915010358515,2006-01-12T00:00:00Z,0.7137116422656217
urn:ioos:station:GOA_RUNOFF_DISCHARGE,urn:ioos:sensor:GOA_RUNOFF_DISCHARGE:q,58.069320239858385,-154.46915010358515,2006-01-13T00:00:00Z,0.46339263624115284
urn:ioos:station:GOA_RUNOFF_DISCHARGE,urn:ioos:sensor:GOA_RUNOFF_DISCHARGE:q,58.069320239858385,-154.46915010358515,2006-01-14T00:00:00Z,0.3008413176065873
urn:ioos:station:GOA_RUNOFF_DISCHARGE,urn:ioos:sensor:GOA_RUNOFF_DISCHARGE:q,58.069320239858385,-154.46915010358515,2006-01-15T00:00:00Z,1.2029190277753066
urn:ioos:station:GOA_RUNOFF_DISCHARGE,urn:ioos:sensor:GOA_RUNOFF_DISCHARGE:q,58.069320239858385,-154.46915010358515,2006-01-16T00:00:00Z,7.714389834816388
urn:ioos:station:GOA_RUNOFF_DISCHARGE,urn:ioos:sensor:GOA_RUNOFF_DISCHARGE:q,58.069320239858385,-154.46915010358515,2006-01-17T00:00:00Z,5.250152666573043
urn:ioos:station:GOA_RUNOFF_DISCHARGE,urn:ioos:sensor:GOA_RUNOFF_DISCHARGE:q,58.069320239858385,-154.46915010358515,2006-01-18T00:00:00Z,3.4205222768040358
urn:ioos:station:GOA_RUNOFF_DISCHARGE,urn:ioos:sensor:GOA_RUNOFF_DISCHARGE:q,58.069320239858385,-154.46915010358515,2006-01-19T00:00:00Z,2.221312772622907
urn:ioos:station:GOA_RUNOFF_DISCHARGE,urn:ioos:sensor:GOA_RUNOFF_DISCHARGE:q,58.069320239858385,-154.46915010358515,2006-01-20T00:00:00Z,1.442135215375421
urn:ioos:station:GOA_RUNOFF_DISCHARGE,urn:ioos:sensor:GOA_RUNOFF_DISCHARGE:q,58.069320239858385,-154.46915010358515,2006-01-21T00:00:00Z,0.9362498396764796
urn:ioos:station:GOA_RUNOFF_DISCHARGE,urn:ioos:sensor:GOA_RUNOFF_DISCHARGE:q,58.069320239858385,-154.46915010358515,2006-01-22T00:00:00Z,0.6078222210504933
urn:ioos:station:GOA_RUNOFF_DISCHARGE,urn:ioos:sensor:GOA_RUNOFF_DISCHARGE:q,58.069320239858385,-154.46915010358515,2006-01-23T00:00:00Z,0.39460391059929145
urn:ioos:station:GOA_RUNOFF_DISCHARGE,urn:ioos:sensor:GOA_RUNOFF_DISCHARGE:q,58.069320239858385,-154.46915010358515,2006-01-24T00:00:00Z,0.2561805782172368
urn:ioos:station:GOA_RUNOFF_DISCHARGE,urn:ioos:sensor:GOA_RUNOFF_DISCHARGE:q,58.069320239858385,-154.46915010358515,2006-01-25T00:00:00Z,0.16631483009074832
urn:ioos:station:GOA_RUNOFF_DISCHARGE,urn:ioos:sensor:GOA_RUNOFF_DISCHARGE:q,58.069320239858385,-154.46915010358515,2006-01-26T00:00:00Z,0.1079731421967125
urn:ioos:station:GOA_RUNOFF_DISCHARGE,urn:ioos:sensor:GOA_RUNOFF_DISCHARGE:q,58.069320239858385,-154.46915010358515,2006-01-27T00:00:00Z,0.07009717895169014
urn:ioos:station:GOA_RUNOFF_DISCHARGE,urn:ioos:sensor:GOA_RUNOFF_DISCHARGE:q,58.069320239858385,-154.46915010358515,2006-01-28T00:00:00Z,0.04550774283662597
urn:ioos:station:GOA_RUNOFF_DISCHARGE,urn:ioos:sensor:GOA_RUNOFF_DISCHARGE:q,58.069320239858385,-154.46915010358515,2006-01-29T00:00:00Z,0.029544057860112882
urn:ioos:station:GOA_RUNOFF_DISCHARGE,urn:ioos:sensor:GOA_RUNOFF_DISCHARGE:q,58.069320239858385,-154.46915010358515,2006-01-30T00:00:00Z,0.019180277436944504
urn:ioos:station:GOA_RUNOFF_DISCHARGE,urn:ioos:sensor:GOA_RUNOFF_DISCHARGE:q,58.069320239858385,-154.46915010358515,2006-01-31T00:00:00Z,0.012452016495328802
urn:ioos:station:GOA_RUNOFF_DISCHARGE,urn:ioos:sensor:GOA_RUNOFF_DISCHARGE:q,58.069320239858385,-154.46915010358515,2006-02-01T00:00:00Z,0.008083966478099898
urn:ioos:station:GOA_RUNOFF_DISCHARGE,urn:ioos:sensor:GOA_RUNOFF_DISCHARGE:q,58.069320239858385,-154.46915010358515,2006-02-02T00:00:00Z,0.005248186397558381
urn:ioos:station:GOA_RUNOFF_DISCHARGE,urn:ioos:sensor:GOA_RUNOFF_DISCHARGE:q,58.069320239858385,-154.46915010358515,2006-02-03T00:00:00Z,0.0034071718333406483
urn:ioos:station:GOA_RUNOFF_DISCHARGE,urn:ioos:sensor:GOA_RUNOFF_DISCHARGE:q,58.069320239858385,-154.46915010358515,2006-02-04T00:00:00Z,0.002211967848648355
urn:ioos:station:GOA_RUNOFF_DISCHARGE,urn:ioos:sensor:GOA_RUNOFF_DISCHARGE:q,58.069320239858385,-154.46915010358515,2006-02-05T00:00:00Z,0.0014360303134093944
urn:ioos:station:GOA_RUNOFF_DISCHARGE,urn:ioos:sensor:GOA_RUNOFF_DISCHARGE:q,58.069320239858385,-154.46915010358515,2006-02-06T00:00:00Z,9.322843660501802E-4
urn:ioos:station:GOA_RUNOFF_DISCHARGE,urn:ioos:sensor:GOA_RUNOFF_DISCHARGE:q,58.069320239858385,-154.46915010358515,2006-02-07T00:00:00Z,6.052478018134413E-4
urn:ioos:station:GOA_RUNOFF_DISCHARGE,urn:ioos:sensor:GOA_RUNOFF_DISCHARGE:q,58.069320239858385,-154.46915010358515,2006-02-08T00:00:00Z,3.9293248943554247E-4
urn:ioos:station:GOA_RUNOFF_DISCHARGE,urn:ioos:sensor:GOA_RUNOFF_DISCHARGE:q,58.069320239858385,-154.46915010358515,2006-02-09T00:00:00Z,2.5509547119091934E-4
urn:ioos:station:GOA_RUNOFF_DISCHARGE,urn:ioos:sensor:GOA_RUNOFF_DISCHARGE:q,58.069320239858385,-154.46915010358515,2006-02-10T00:00:00Z,2.237722451524781
urn:ioos:station:GOA_RUNOFF_DISCHARGE,urn:ioos:sensor:GOA_RUNOFF_DISCHARGE:q,58.069320239858385,-154.46915010358515,2006-02-11T00:00:00Z,2.1504991157060314
urn:ioos:station:GOA_RUNOFF_DISCHARGE,urn:ioos:sensor:GOA_RUNOFF_DISCHARGE:q,58.069320239858385,-154.46915010358515,2006-02-12T00:00:00Z,1.4169036928854077
urn:ioos:station:GOA_RUNOFF_DISCHARGE,urn:ioos:sensor:GOA_RUNOFF_DISCHARGE:q,58.069320239858385,-154.46915010358515,2006-02-13T00:00:00Z,1.127608344755662
urn:ioos:station:GOA_RUNOFF_DISCHARGE,urn:ioos:sensor:GOA_RUNOFF_DISCHARGE:q,58.069320239858385,-154.46915010358515,2006-02-14T00:00:00Z,1.8938248684003398
urn:ioos:station:GOA_RUNOFF_DISCHARGE,urn:ioos:sensor:GOA_RUNOFF_DISCHARGE:q,58.069320239858385,-154.46915010358515,2006-02-15T00:00:00Z,5.580732169350888
urn:ioos:station:GOA_RUNOFF_DISCHARGE,urn:ioos:sensor:GOA_RUNOFF_DISCHARGE:q,58.069320239858385,-154.46915010358515,2006-02-16T00:00:00Z,5.170692532062674
urn:ioos:station:GOA_RUNOFF_DISCHARGE,urn:ioos:sensor:GOA_RUNOFF_DISCHARGE:q,58.069320239858385,-154.46915010358515,2006-02-17T00:00:00Z,6.0966339296967735
urn:ioos:station:GOA_RUNOFF_DISCHARGE,urn:ioos:sensor:GOA_RUNOFF_DISCHARGE:q,58.069320239858385,-154.46915010358515,2006-02-18T00:00:00Z,7.59660492904094
urn:ioos:station:GOA_RUNOFF_DISCHARGE,urn:ioos:sensor:GOA_RUNOFF_DISCHARGE:q,58.069320239858385,-154.46915010358515,2006-02-19T00:00:00Z,7.314946881801814
urn:ioos:station:GOA_RUNOFF_DISCHARGE,urn:ioos:sensor:GOA_RUNOFF_DISCHARGE:q,58.069320239858385,-154.46915010358515,2006-02-20T00:00:00Z,5.4126997095925855
urn:ioos:station:GOA_RUNOFF_DISCHARGE,urn:ioos:sensor:GOA_RUNOFF_DISCHARGE:q,58.069320239858385,-154.46915010358515,2006-02-21T00:00:00Z,3.5340281470642085
urn:ioos:station:GOA_RUNOFF_DISCHARGE,urn:ioos:sensor:GOA_RUNOFF_DISCHARGE:q,58.069320239858385,-154.46915010358515,2006-02-22T00:00:00Z,2.295449832208014
urn:ioos:station:GOA_RUNOFF_DISCHARGE,urn:ioos:sensor:GOA_RUNOFF_DISCHARGE:q,58.069320239858385,-154.46915010358515,2006-02-23T00:00:00Z,1.4902907438167428
urn:ioos:station:GOA_RUNOFF_DISCHARGE,urn:ioos:sensor:GOA_RUNOFF_DISCHARGE:q,58.069320239858385,-154.46915010358515,2006-02-24T00:00:00Z,0.9675142549643083
urn:ioos:station:GOA_RUNOFF_DISCHARGE,urn:ioos:sensor:GOA_RUNOFF_DISCHARGE:q,58.069320239858385,-154.46915010358515,2006-02-25T00:00:00Z,0.6281195522462831
urn:ioos:station:GOA_RUNOFF_DISCHARGE,urn:ioos:sensor:GOA_RUNOFF_DISCHARGE:q,58.069320239858385,-154.46915010358515,2006-02-26T00:00:00Z,0.4077811258755445
urn:ioos:station:GOA_RUNOFF_DISCHARGE,urn:ioos:sensor:GOA_RUNOFF_DISCHARGE:q,58.069320239858385,-154.46915010358515,2006-02-27T00:00:00Z,0.2647353109791347
urn:ioos:station:GOA_RUNOFF_DISCHARGE,urn:ioos:sensor:GOA_RUNOFF_DISCHARGE:q,58.069320239858385,-154.46915010358515,2006-02-28T00:00:00Z,0.17186867311455403
urn:ioos:station:GOA_RUNOFF_DISCHARGE,urn:ioos:sensor:GOA_RUNOFF_DISCHARGE:q,58.069320239858385,-154.46915010358515,2006-03-01T00:00:00Z,0.11157875190115175
urn:ioos:station:GOA_RUNOFF_DISCHARGE,urn:ioos:sensor:GOA_RUNOFF_DISCHARGE:q,58.069320239858385,-154.46915010358515,2006-03-02T00:00:00Z,0.07243797128654764
urn:ioos:station:GOA_RUNOFF_DISCHARGE,urn:ioos:sensor:GOA_RUNOFF_DISCHARGE:q,58.069320239858385,-154.46915010358515,2006-03-03T00:00:00Z,0.04702741563977188
urn:ioos:station:GOA_RUNOFF_DISCHARGE,urn:ioos:sensor:GOA_RUNOFF_DISCHARGE:q,58.069320239858385,-154.46915010358515,2006-03-04T00:00:00Z,0.030530637526472067
urn:ioos:station:GOA_RUNOFF_DISCHARGE,urn:ioos:sensor:GOA_RUNOFF_DISCHARGE:q,58.069320239858385,-154.46915010358515,2006-03-05T00:00:00Z,0.019820776900933243
urn:ioos:station:GOA_RUNOFF_DISCHARGE,urn:ioos:sensor:GOA_RUNOFF_DISCHARGE:q,58.069320239858385,-154.46915010358515,2006-03-06T00:00:00Z,0.012867834445429542
urn:ioos:station:GOA_RUNOFF_DISCHARGE,urn:ioos:sensor:GOA_RUNOFF_DISCHARGE:q,58.069320239858385,-154.46915010358515,2006-03-07T00:00:00Z,0.008353919149422845
urn:ioos:station:GOA_RUNOFF_DISCHARGE,urn:ioos:sensor:GOA_RUNOFF_DISCHARGE:q,58.069320239858385,-154.46915010358515,2006-03-08T00:00:00Z,0.005423442418452774
urn:ioos:station:GOA_RUNOFF_DISCHARGE,urn:ioos:sensor:GOA_RUNOFF_DISCHARGE:q,58.069320239858385,-154.46915010358515,2006-03-09T00:00:00Z,0.003520949700550577
urn:ioos:station:GOA_RUNOFF_DISCHARGE,urn:ioos:sensor:GOA_RUNOFF_DISCHARGE:q,58.069320239858385,-154.46915010358515,2006-03-10T00:00:00Z,0.0022858337232394437
urn:ioos:station:GOA_RUNOFF_DISCHARGE,urn:ioos:sensor:GOA_RUNOFF_DISCHARGE:q,58.069320239858385,-154.46915010358515,2006-03-11T00:00:00Z,0.0014839846505246542
urn:ioos:station:GOA_RUNOFF_DISCHARGE,urn:ioos:sensor:GOA_RUNOFF_DISCHARGE:q,58.069320239858385,-154.46915010358515,2006-03-12T00:00:00Z,9.634167660713095E-4
urn:ioos:station:GOA_RUNOFF_DISCHARGE,urn:ioos:sensor:GOA_RUNOFF_DISCHARGE:q,58.069320239858385,-154.46915010358515,2006-03-13T00:00:00Z,6.254592044529766E-4
urn:ioos:station:GOA_RUNOFF_DISCHARGE,urn:ioos:sensor:GOA_RUNOFF_DISCHARGE:q,58.069320239858385,-154.46915010358515,2006-03-14T00:00:00Z,4.0605395752670953E-4
urn:ioos:station:GOA_RUNOFF_DISCHARGE,urn:ioos:sensor:GOA_RUNOFF_DISCHARGE:q,58.069320239858385,-154.46915010358515,2006-03-15T00:00:00Z,2.636140527798672E-4
urn:ioos:station:GOA_RUNOFF_DISCHARGE,urn:ioos:sensor:GOA_RUNOFF_DISCHARGE:q,58.069320239858385,-154.46915010358515,2006-03-16T00:00:00Z,1.7114072537525684E-4
urn:ioos:station:GOA_RUNOFF_DISCHARGE,urn:ioos:sensor:GOA_RUNOFF_DISCHARGE:q,58.069320239858385,-154.46915010358515,2006-03-17T00:00:00Z,1.1110615383493178E-4
urn:ioos:station:GOA_RUNOFF_DISCHARGE,urn:ioos:sensor:GOA_RUNOFF_DISCHARGE:q,58.069320239858385,-154.46915010358515,2006-03-18T00:00:00Z,7.213117034230115E-5
urn:ioos:station:GOA_RUNOFF_DISCHARGE,urn:ioos:sensor:GOA_RUNOFF_DISCHARGE:q,58.069320239858385,-154.46915010358515,2006-03-19T00:00:00Z,4.682823030688825E-5
urn:ioos:station:GOA_RUNOFF_DISCHARGE,urn:ioos:sensor:GOA_RUNOFF_DISCHARGE:q,58.069320239858385,-154.46915010358515,2006-03-20T00:00:00Z,3.0401322687088648E-5
urn:ioos:station:GOA_RUNOFF_DISCHARGE,urn:ioos:sensor:GOA_RUNOFF_DISCHARGE:q,58.069320239858385,-154.46915010358515,2006-03-21T00:00:00Z,1.9736825672093578E-5
urn:ioos:station:GOA_RUNOFF_DISCHARGE,urn:ioos:sensor:GOA_RUNOFF_DISCHARGE:q,58.069320239858385,-154.46915010358515,2006-03-22T00:00:00Z,1.2813331209936789E-5
urn:ioos:station:GOA_RUNOFF_DISCHARGE,urn:ioos:sensor:GOA_RUNOFF_DISCHARGE:q,58.069320239858385,-154.46915010358515,2006-03-23T00:00:00Z,8.318535010470089E-6
urn:ioos:station:GOA_RUNOFF_DISCHARGE,urn:ioos:sensor:GOA_RUNOFF_DISCHARGE:q,58.069320239858385,-154.46915010358515,2006-03-24T00:00:00Z,5.400471217445745E-6
urn:ioos:station:GOA_RUNOFF_DISCHARGE,urn:ioos:sensor:GOA_RUNOFF_DISCHARGE:q,58.069320239858385,-154.46915010358515,2006-03-25T00:00:00Z,3.506036387387663E-6
urn:ioos:station:GOA_RUNOFF_DISCHARGE,urn:ioos:sensor:GOA_RUNOFF_DISCHARGE:q,58.069320239858385,-154.46915010358515,2006-03-26T00:00:00Z,2.276151436120395E-6
urn:ioos:station:GOA_RUNOFF_DISCHARGE,urn:ioos:sensor:GOA_RUNOFF_DISCHARGE:q,58.069320239858385,-154.46915010358515,2006-03-27T00:00:00Z,1.942641998932491
urn:ioos:station:GOA_RUNOFF_DISCHARGE,urn:ioos:sensor:GOA_RUNOFF_DISCHARGE:q,58.069320239858385,-154.46915010358515,2006-03-28T00:00:00Z,3.0143588463172137
urn:ioos:station:GOA_RUNOFF_DISCHARGE,urn:ioos:sensor:GOA_RUNOFF_DISCHARGE:q,58.069320239858385,-154.46915010358515,2006-03-29T00:00:00Z,4.476078483417316
urn:ioos:station:GOA_RUNOFF_DISCHARGE,urn:ioos:sensor:GOA_RUNOFF_DISCHARGE:q,58.069320239858385,-154.46915010358515,2006-03-30T00:00:00Z,10.612391172988996
urn:ioos:station:GOA_RUNOFF_DISCHARGE,urn:ioos:sensor:GOA_RUNOFF_DISCHARGE:q,58.069320239858385,-154.46915010358515,2006-03-31T00:00:00Z,12.899714179275573
urn:ioos:station:GOA_RUNOFF_DISCHARGE,urn:ioos:sensor:GOA_RUNOFF_DISCHARGE:q,58.069320239858385,-154.46915010358515,2006-04-01T00:00:00Z,10.4102895602663
urn:ioos:station:GOA_RUNOFF_DISCHARGE,urn:ioos:sensor:GOA_RUNOFF_DISCHARGE:q,58.069320239858385,-154.46915010358515,2006-04-02T00:00:00Z,9.15660872068888
urn:ioos:station:GOA_RUNOFF_DISCHARGE,urn:ioos:sensor:GOA_RUNOFF_DISCHARGE:q,58.069320239858385,-154.46915010358515,2006-04-03T00:00:00Z,12.883452633989583
urn:ioos:station:GOA_RUNOFF_DISCHARGE,urn:ioos:sensor:GOA_RUNOFF_DISCHARGE:q,58.069320239858385,-154.46915010358515,2006-04-04T00:00:00Z,12.077874140653876
urn:ioos:station:GOA_RUNOFF_DISCHARGE,urn:ioos:sensor:GOA_RUNOFF_DISCHARGE:q,58.069320239858385,-154.46915010358515,2006-04-05T00:00:00Z,8.005427397400073
urn:ioos:station:GOA_RUNOFF_DISCHARGE,urn:ioos:sensor:GOA_RUNOFF_DISCHARGE:q,58.069320239858385,-154.46915010358515,2006-04-06T00:00:00Z,5.709130072515756
urn:ioos:station:GOA_RUNOFF_DISCHARGE,urn:ioos:sensor:GOA_RUNOFF_DISCHARGE:q,58.069320239858385,-154.46915010358515,2006-04-07T00:00:00Z,4.045183316947353
urn:ioos:station:GOA_RUNOFF_DISCHARGE,urn:ioos:sensor:GOA_RUNOFF_DISCHARGE:q,58.069320239858385,-154.46915010358515,2006-04-08T00:00:00Z,3.4054318553622607
urn:ioos:station:GOA_RUNOFF_DISCHARGE,urn:ioos:sensor:GOA_RUNOFF_DISCHARGE:q,58.069320239858385,-154.46915010358515,2006-04-09T00:00:00Z,2.4360241607295765
urn:ioos:station:GOA_RUNOFF_DISCHARGE,urn:ioos:sensor:GOA_RUNOFF_DISCHARGE:q,58.069320239858385,-154.46915010358515,2006-04-10T00:00:00Z,1.5735361789752398
urn:ioos:station:GOA_RUNOFF_DISCHARGE,urn:ioos:sensor:GOA_RUNOFF_DISCHARGE:q,58.069320239858385,-154.46915010358515,2006-04-11T00:00:00Z,2.0724894013689363
urn:ioos:station:GOA_RUNOFF_DISCHARGE,urn:ioos:sensor:GOA_RUNOFF_DISCHARGE:q,58.069320239858385,-154.46915010358515,2006-04-12T00:00:00Z,3.6937048710505995
urn:ioos:station:GOA_RUNOFF_DISCHARGE,urn:ioos:sensor:GOA_RUNOFF_DISCHARGE:q,58.069320239858385,-154.46915010358515,2006-04-13T00:00:00Z,2.46301473701885
urn:ioos:station:GOA_RUNOFF_DISCHARGE,urn:ioos:sensor:GOA_RUNOFF_DISCHARGE:q,58.069320239858385,-154.46915010358515,2006-04-14T00:00:00Z,1.6026625894153623
urn:ioos:station:GOA_RUNOFF_DISCHARGE,urn:ioos:sensor:GOA_RUNOFF_DISCHARGE:q,58.069320239858385,-154.46915010358515,2006-04-15T00:00:00Z,1.0406684493236076
urn:ioos:station:GOA_RUNOFF_DISCHARGE,urn:ioos:sensor:GOA_RUNOFF_DISCHARGE:q,58.069320239858385,-154.46915010358515,2006-04-16T00:00:00Z,0.9993885702905315
urn:ioos:station:GOA_RUNOFF_DISCHARGE,urn:ioos:sensor:GOA_RUNOFF_DISCHARGE:q,58.069320239858385,-154.46915010358515,2006-04-17T00:00:00Z,1.372960631922384
urn:ioos:station:GOA_RUNOFF_DISCHARGE,urn:ioos:sensor:GOA_RUNOFF_DISCHARGE:q,58.069320239858385,-154.46915010358515,2006-04-18T00:00:00Z,3.8272898188042976
urn:ioos:station:GOA_RUNOFF_DISCHARGE,urn:ioos:sensor:GOA_RUNOFF_DISCHARGE:q,58.069320239858385,-154.46915010358515,2006-04-19T00:00:00Z,2.7307292801015173
urn:ioos:station:GOA_RUNOFF_DISCHARGE,urn:ioos:sensor:GOA_RUNOFF_DISCHARGE:q,58.069320239858385,-154.46915010358515,2006-04-20T00:00:00Z,1.9129268691930124
urn:ioos:station:GOA_RUNOFF_DISCHARGE,urn:ioos:sensor:GOA_RUNOFF_DISCHARGE:q,58.069320239858385,-154.46915010358515,2006-04-21T00:00:00Z,3.089703076470118
urn:ioos:station:GOA_RUNOFF_DISCHARGE,urn:ioos:sensor:GOA_RUNOFF_DISCHARGE:q,58.069320239858385,-154.46915010358515,2006-04-22T00:00:00Z,2.2696559018957103
urn:ioos:station:GOA_RUNOFF_DISCHARGE,urn:ioos:sensor:GOA_RUNOFF_DISCHARGE:q,58.069320239858385,-154.46915010358515,2006-04-23T00:00:00Z,1.6147182450923223
urn:ioos:station:GOA_RUNOFF_DISCHARGE,urn:ioos:sensor:GOA_RUNOFF_DISCHARGE:q,58.069320239858385,-154.46915010358515,2006-04-24T00:00:00Z,1.058021920907846
urn:ioos:station:GOA_RUNOFF_DISCHARGE,urn:ioos:sensor:GOA_RUNOFF_DISCHARGE:q,58.069320239858385,-154.46915010358515,2006-04-25T00:00:00Z,0.7077538687348303
urn:ioos:station:GOA_RUNOFF_DISCHARGE,urn:ioos:sensor:GOA_RUNOFF_DISCHARGE:q,58.069320239858385,-154.46915010358515,2006-04-26T00:00:00Z,1.508288057244791
urn:ioos:station:GOA_RUNOFF_DISCHARGE,urn:ioos:sensor:GOA_RUNOFF_DISCHARGE:q,58.069320239858385,-154.46915010358515,2006-04-27T00:00:00Z,2.5876829883095858
urn:ioos:station:GOA_RUNOFF_DISCHARGE,urn:ioos:sensor:GOA_RUNOFF_DISCHARGE:q,58.069320239858385,-154.46915010358515,2006-04-28T00:00:00Z,1.9059749822799676
urn:ioos:station:GOA_RUNOFF_DISCHARGE,urn:ioos:sensor:GOA_RUNOFF_DISCHARGE:q,58.069320239858385,-154.46915010358515,2006-04-29T00:00:00Z,1.3564726763762378
urn:ioos:station:GOA_RUNOFF_DISCHARGE,urn:ioos:sensor:GOA_RUNOFF_DISCHARGE:q,58.069320239858385,-154.46915010358515,2006-04-30T00:00:00Z,0.960847584462661
urn:ioos:station:GOA_RUNOFF_DISCHARGE,urn:ioos:sensor:GOA_RUNOFF_DISCHARGE:q,58.069320239858385,-154.46915010358515,2006-05-01T00:00:00Z,1.4884098678786657
urn:ioos:station:GOA_RUNOFF_DISCHARGE,urn:ioos:sensor:GOA_RUNOFF_DISCHARGE:q,58.069320239858385,-154.46915010358515,2006-05-02T00:00:00Z,1.5002099075559276
urn:ioos:station:GOA_RUNOFF_DISCHARGE,urn:ioos:sensor:GOA_RUNOFF_DISCHARGE:q,58.069320239858385,-154.46915010358515,2006-05-03T00:00:00Z,1.4012734914916196
urn:ioos:station:GOA_RUNOFF_DISCHARGE,urn:ioos:sensor:GOA_RUNOFF_DISCHARGE:q,58.069320239858385,-154.46915010358515,2006-05-04T00:00:00Z,3.1174401093637596
urn:ioos:station:GOA_RUNOFF_DISCHARGE,urn:ioos:sensor:GOA_RUNOFF_DISCHARGE:q,58.069320239858385,-154.46915010358515,2006-05-05T00:00:00Z,3.4251380992257587
urn:ioos:station:GOA_RUNOFF_DISCHARGE,urn:ioos:sensor:GOA_RUNOFF_DISCHARGE:q,58.069320239858385,-154.46915010358515,2006-05-06T00:00:00Z,2.4872773393659013
urn:ioos:station:GOA_RUNOFF_DISCHARGE,urn:ioos:sensor:GOA_RUNOFF_DISCHARGE:q,58.069320239858385,-154.46915010358515,2006-05-07T00:00:00Z,1.6189459732273186
urn:ioos:station:GOA_RUNOFF_DISCHARGE,urn:ioos:sensor:GOA_RUNOFF_DISCHARGE:q,58.069320239858385,-154.46915010358515,2006-05-08T00:00:00Z,1.1530260209459187
urn:ioos:station:GOA_RUNOFF_DISCHARGE,urn:ioos:sensor:GOA_RUNOFF_DISCHARGE:q,58.069320239858385,-154.46915010358515,2006-05-09T00:00:00Z,1.8532616482238544
urn:ioos:station:GOA_RUNOFF_DISCHARGE,urn:ioos:sensor:GOA_RUNOFF_DISCHARGE:q,58.069320239858385,-154.46915010358515,2006-05-10T00:00:00Z,1.5179822578550601
urn:ioos:station:GOA_RUNOFF_DISCHARGE,urn:ioos:sensor:GOA_RUNOFF_DISCHARGE:q,58.069320239858385,-154.46915010358515,2006-05-11T00:00:00Z,1.2921392731459953
urn:ioos:station:GOA_RUNOFF_DISCHARGE,urn:ioos:sensor:GOA_RUNOFF_DISCHARGE:q,58.069320239858385,-154.46915010358515,2006-05-12T00:00:00Z,0.925518045968105
urn:ioos:station:GOA_RUNOFF_DISCHARGE,urn:ioos:sensor:GOA_RUNOFF_DISCHARGE:q,58.069320239858385,-154.46915010358515,2006-05-13T00:00:00Z,0.6561707441760954
urn:ioos:station:GOA_RUNOFF_DISCHARGE,urn:ioos:sensor:GOA_RUNOFF_DISCHARGE:q,58.069320239858385,-154.46915010358515,2006-05-14T00:00:00Z,0.4645438949201842
urn:ioos:station:GOA_RUNOFF_DISCHARGE,urn:ioos:sensor:GOA_RUNOFF_DISCHARGE:q,58.069320239858385,-154.46915010358515,2006-05-15T00:00:00Z,0.3288130488756597
urn:ioos:station:GOA_RUNOFF_DISCHARGE,urn:ioos:sensor:GOA_RUNOFF_DISCHARGE:q,58.069320239858385,-154.46915010358515,2006-05-16T00:00:00Z,0.2327335001018527
urn:ioos:station:GOA_RUNOFF_DISCHARGE,urn:ioos:sensor:GOA_RUNOFF_DISCHARGE:q,58.069320239858385,-154.46915010358515,2006-05-17T00:00:00Z,0.1647278369068276
urn:ioos:station:GOA_RUNOFF_DISCHARGE,urn:ioos:sensor:GOA_RUNOFF_DISCHARGE:q,58.069320239858385,-154.46915010358515,2006-05-18T00:00:00Z,0.11659365365127594
urn:ioos:station:GOA_RUNOFF_DISCHARGE,urn:ioos:sensor:GOA_RUNOFF_DISCHARGE:q,58.069320239858385,-154.46915010358515,2006-05-19T00:00:00Z,0.841856297463728
urn:ioos:station:GOA_RUNOFF_DISCHARGE,urn:ioos:sensor:GOA_RUNOFF_DISCHARGE:q,58.069320239858385,-154.46915010358515,2006-05-20T00:00:00Z,1.8362731168265238
urn:ioos:station:GOA_RUNOFF_DISCHARGE,urn:ioos:sensor:GOA_RUNOFF_DISCHARGE:q,58.069320239858385,-154.46915010358515,2006-05-21T00:00:00Z,1.3602719221072113
urn:ioos:station:GOA_RUNOFF_DISCHARGE,urn:ioos:sensor:GOA_RUNOFF_DISCHARGE:q,58.069320239858385,-154.46915010358515,2006-05-22T00:00:00Z,0.9688425241053026
urn:ioos:station:GOA_RUNOFF_DISCHARGE,urn:ioos:sensor:GOA_RUNOFF_DISCHARGE:q,58.069320239858385,-154.46915010358515,2006-05-23T00:00:00Z,0.686346390542925
urn:ioos:station:GOA_RUNOFF_DISCHARGE,urn:ioos:sensor:GOA_RUNOFF_DISCHARGE:q,58.069320239858385,-154.46915010358515,2006-05-24T00:00:00Z,0.48585316552394
urn:ioos:station:GOA_RUNOFF_DISCHARGE,urn:ioos:sensor:GOA_RUNOFF_DISCHARGE:q,58.069320239858385,-154.46915010358515,2006-05-25T00:00:00Z,0.34389077502975035
urn:ioos:station:GOA_RUNOFF_DISCHARGE,urn:ioos:sensor:GOA_RUNOFF_DISCHARGE:q,58.069320239858385,-154.46915010358515,2006-05-26T00:00:00Z,0.24340495830437975
urn:ioos:station:GOA_RUNOFF_DISCHARGE,urn:ioos:sensor:GOA_RUNOFF_DISCHARGE:q,58.069320239858385,-154.46915010358515,2006-05-27T00:00:00Z,0.17228099040485448
urn:ioos:station:GOA_RUNOFF_DISCHARGE,urn:ioos:sensor:GOA_RUNOFF_DISCHARGE:q,58.069320239858385,-154.46915010358515,2006-05-28T00:00:00Z,0.12193973467429771
urn:ioos:station:GOA_RUNOFF_DISCHARGE,urn:ioos:sensor:GOA_RUNOFF_DISCHARGE:q,58.069320239858385,-154.46915010358515,2006-05-29T00:00:00Z,0.08630840353779248
urn:ioos:station:GOA_RUNOFF_DISCHARGE,urn:ioos:sensor:GOA_RUNOFF_DISCHARGE:q,58.069320239858385,-154.46915010358515,2006-05-30T00:00:00Z,0.06108870476778564
urn:ioos:station:GOA_RUNOFF_DISCHARGE,urn:ioos:sensor:GOA_RUNOFF_DISCHARGE:q,58.069320239858385,-154.46915010358515,2006-05-31T00:00:00Z,0.04323831627214224
urn:ioos:station:GOA_RUNOFF_DISCHARGE,urn:ioos:sensor:GOA_RUNOFF_DISCHARGE:q,58.069320239858385,-154.46915010358515,2006-06-01T00:00:00Z,0.030603888267507526
urn:ioos:station:GOA_RUNOFF_DISCHARGE,urn:ioos:sensor:GOA_RUNOFF_DISCHARGE:q,58.069320239858385,-154.46915010358515,2006-06-02T00:00:00Z,0.0216612955554758
urn:ioos:station:GOA_RUNOFF_DISCHARGE,urn:ioos:sensor:GOA_RUNOFF_DISCHARGE:q,58.069320239858385,-154.46915010358515,2006-06-03T00:00:00Z,0.01533177065970927
urn:ioos:station:GOA_RUNOFF_DISCHARGE,urn:ioos:sensor:GOA_RUNOFF_DISCHARGE:q,58.069320239858385,-154.46915010358515,2006-06-04T00:00:00Z,0.010851758626915231
urn:ioos:station:GOA_RUNOFF_DISCHARGE,urn:ioos:sensor:GOA_RUNOFF_DISCHARGE:q,58.069320239858385,-154.46915010358515,2006-06-05T00:00:00Z,0.007680826343218357
urn:ioos:station:GOA_RUNOFF_DISCHARGE,urn:ioos:sensor:GOA_RUNOFF_DISCHARGE:q,58.069320239858385,-154.46915010358515,2006-06-06T00:00:00Z,0.005436454779991702
urn:ioos:station:GOA_RUNOFF_DISCHARGE,urn:ioos:sensor:GOA_RUNOFF_DISCHARGE:q,58.069320239858385,-154.46915010358515,2006-06-07T00:00:00Z,0.003847898838224115
urn:ioos:station:GOA_RUNOFF_DISCHARGE,urn:ioos:sensor:GOA_RUNOFF_DISCHARGE:q,58.069320239858385,-154.46915010358515,2006-06-08T00:00:00Z,1.9755067440341785
urn:ioos:station:GOA_RUNOFF_DISCHARGE,urn:ioos:sensor:GOA_RUNOFF_DISCHARGE:q,58.069320239858385,-154.46915010358515,2006-06-09T00:00:00Z,5.4438046115507
urn:ioos:station:GOA_RUNOFF_DISCHARGE,urn:ioos:sensor:GOA_RUNOFF_DISCHARGE:q,58.069320239858385,-154.46915010358515,2006-06-10T00:00:00Z,4.985578135163456
urn:ioos:station:GOA_RUNOFF_DISCHARGE,urn:ioos:sensor:GOA_RUNOFF_DISCHARGE:q,58.069320239858385,-154.46915010358515,2006-06-11T00:00:00Z,4.157438076473028
urn:ioos:station:GOA_RUNOFF_DISCHARGE,urn:ioos:sensor:GOA_RUNOFF_DISCHARGE:q,58.069320239858385,-154.46915010358515,2006-06-12T00:00:00Z,4.313600902697228
urn:ioos:station:GOA_RUNOFF_DISCHARGE,urn:ioos:sensor:GOA_RUNOFF_DISCHARGE:q,58.069320239858385,-154.46915010358515,2006-06-13T00:00:00Z,3.119742100492281
urn:ioos:station:GOA_RUNOFF_DISCHARGE,urn:ioos:sensor:GOA_RUNOFF_DISCHARGE:q,58.069320239858385,-154.46915010358515,2006-06-14T00:00:00Z,2.3477728355018503
urn:ioos:station:GOA_RUNOFF_DISCHARGE,urn:ioos:sensor:GOA_RUNOFF_DISCHARGE:q,58.069320239858385,-154.46915010358515,2006-06-15T00:00:00Z,1.6686983452117876
urn:ioos:station:GOA_RUNOFF_DISCHARGE,urn:ioos:sensor:GOA_RUNOFF_DISCHARGE:q,58.069320239858385,-154.46915010358515,2006-06-16T00:00:00Z,1.1817917010354635
urn:ioos:station:GOA_RUNOFF_DISCHARGE,urn:ioos:sensor:GOA_RUNOFF_DISCHARGE:q,58.069320239858385,-154.46915010358515,2006-06-17T00:00:00Z,0.8365363141370213
urn:ioos:station:GOA_RUNOFF_DISCHARGE,urn:ioos:sensor:GOA_RUNOFF_DISCHARGE:q,58.069320239858385,-154.46915010358515,2006-06-18T00:00:00Z,0.5921036130937628
urn:ioos:station:GOA_RUNOFF_DISCHARGE,urn:ioos:sensor:GOA_RUNOFF_DISCHARGE:q,58.069320239858385,-154.46915010358515,2006-06-19T00:00:00Z,1.3400707593600982
urn:ioos:station:GOA_RUNOFF_DISCHARGE,urn:ioos:sensor:GOA_RUNOFF_DISCHARGE:q,58.069320239858385,-154.46915010358515,2006-06-20T00:00:00Z,0.992063586632688
urn:ioos:station:GOA_RUNOFF_DISCHARGE,urn:ioos:sensor:GOA_RUNOFF_DISCHARGE:q,58.069320239858385,-154.46915010358515,2006-06-21T00:00:00Z,0.7065287405839356
urn:ioos:station:GOA_RUNOFF_DISCHARGE,urn:ioos:sensor:GOA_RUNOFF_DISCHARGE:q,58.069320239858385,-154.46915010358515,2006-06-22T00:00:00Z,0.5005123418566001
urn:ioos:station:GOA_RUNOFF_DISCHARGE,urn:ioos:sensor:GOA_RUNOFF_DISCHARGE:q,58.069320239858385,-154.46915010358515,2006-06-23T00:00:00Z,0.3543037723041215
urn:ioos:station:GOA_RUNOFF_DISCHARGE,urn:ioos:sensor:GOA_RUNOFF_DISCHARGE:q,58.069320239858385,-154.46915010358515,2006-06-24T00:00:00Z,0.25077896353293216
urn:ioos:station:GOA_RUNOFF_DISCHARGE,urn:ioos:sensor:GOA_RUNOFF_DISCHARGE:q,58.069320239858385,-154.46915010358515,2006-06-25T00:00:00Z,0.17750069411459268
urn:ioos:station:GOA_RUNOFF_DISCHARGE,urn:ioos:sensor:GOA_RUNOFF_DISCHARGE:q,58.069320239858385,-154.46915010358515,2006-06-26T00:00:00Z,0.1256342360595378
urn:ioos:station:GOA_RUNOFF_DISCHARGE,urn:ioos:sensor:GOA_RUNOFF_DISCHARGE:q,58.069320239858385,-154.46915010358515,2006-06-27T00:00:00Z,0.08892336146367974
urn:ioos:station:GOA_RUNOFF_DISCHARGE,urn:ioos:sensor:GOA_RUNOFF_DISCHARGE:q,58.069320239858385,-154.46915010358515,2006-06-28T00:00:00Z,0.0629395609549974
urn:ioos:station:GOA_RUNOFF_DISCHARGE,urn:ioos:sensor:GOA_RUNOFF_DISCHARGE:q,58.069320239858385,-154.46915010358515,2006-06-29T00:00:00Z,0.04454834415942665
urn:ioos:station:GOA_RUNOFF_DISCHARGE,urn:ioos:sensor:GOA_RUNOFF_DISCHARGE:q,58.069320239858385,-154.46915010358515,2006-06-30T00:00:00Z,0.03153111910840927
urn:ioos:station:GOA_RUNOFF_DISCHARGE,urn:ioos:sensor:GOA_RUNOFF_DISCHARGE:q,58.069320239858385,-154.46915010358515,2006-07-01T00:00:00Z,0.02231758601687255
urn:ioos:station:GOA_RUNOFF_DISCHARGE,urn:ioos:sensor:GOA_RUNOFF_DISCHARGE:q,58.069320239858385,-154.46915010358515,2006-07-02T00:00:00Z,0.01579628848160015
urn:ioos:station:GOA_RUNOFF_DISCHARGE,urn:ioos:sensor:GOA_RUNOFF_DISCHARGE:q,58.069320239858385,-154.46915010358515,2006-07-03T00:00:00Z,0.011180543144282948
urn:ioos:station:GOA_RUNOFF_DISCHARGE,urn:ioos:sensor:GOA_RUNOFF_DISCHARGE:q,58.069320239858385,-154.46915010358515,2006-07-04T00:00:00Z,0.007913539024363982
urn:ioos:station:GOA_RUNOFF_DISCHARGE,urn:ioos:sensor:GOA_RUNOFF_DISCHARGE:q,58.069320239858385,-154.46915010358515,2006-07-05T00:00:00Z,0.005601167709802304
urn:ioos:station:GOA_RUNOFF_DISCHARGE,urn:ioos:sensor:GOA_RUNOFF_DISCHARGE:q,58.069320239858385,-154.46915010358515,2006-07-06T00:00:00Z,2.175147312749487
urn:ioos:station:GOA_RUNOFF_DISCHARGE,urn:ioos:sensor:GOA_RUNOFF_DISCHARGE:q,58.069320239858385,-154.46915010358515,2006-07-07T00:00:00Z,2.127486045404854
urn:ioos:station:GOA_RUNOFF_DISCHARGE,urn:ioos:sensor:GOA_RUNOFF_DISCHARGE:q,58.069320239858385,-154.46915010358515,2006-07-08T00:00:00Z,1.5390349915574204
urn:ioos:station:GOA_RUNOFF_DISCHARGE,urn:ioos:sensor:GOA_RUNOFF_DISCHARGE:q,58.069320239858385,-154.46915010358515,2006-07-09T00:00:00Z,1.0926382868165228
urn:ioos:station:GOA_RUNOFF_DISCHARGE,urn:ioos:sensor:GOA_RUNOFF_DISCHARGE:q,58.069320239858385,-154.46915010358515,2006-07-10T00:00:00Z,0.7736956925581294
urn:ioos:station:GOA_RUNOFF_DISCHARGE,urn:ioos:sensor:GOA_RUNOFF_DISCHARGE:q,58.069320239858385,-154.46915010358515,2006-07-11T00:00:00Z,0.9627451681886751
urn:ioos:station:GOA_RUNOFF_DISCHARGE,urn:ioos:sensor:GOA_RUNOFF_DISCHARGE:q,58.069320239858385,-154.46915010358515,2006-07-12T00:00:00Z,0.7010661490515301
urn:ioos:station:GOA_RUNOFF_DISCHARGE,urn:ioos:sensor:GOA_RUNOFF_DISCHARGE:q,58.069320239858385,-154.46915010358515,2006-07-13T00:00:00Z,0.4981726924265277
urn:ioos:station:GOA_RUNOFF_DISCHARGE,urn:ioos:sensor:GOA_RUNOFF_DISCHARGE:q,58.069320239858385,-154.46915010358515,2006-07-14T00:00:00Z,0.3528002358365201
urn:ioos:station:GOA_RUNOFF_DISCHARGE,urn:ioos:sensor:GOA_RUNOFF_DISCHARGE:q,58.069320239858385,-154.46915010358515,2006-07-15T00:00:00Z,0.24972999072099564
urn:ioos:station:GOA_RUNOFF_DISCHARGE,urn:ioos:sensor:GOA_RUNOFF_DISCHARGE:q,58.069320239858385,-154.46915010358515,2006-07-16T00:00:00Z,0.17675974647573545
urn:ioos:station:GOA_RUNOFF_DISCHARGE,urn:ioos:sensor:GOA_RUNOFF_DISCHARGE:q,58.069320239858385,-154.46915010358515,2006-07-17T00:00:00Z,0.1251099469896475
urn:ioos:station:GOA_RUNOFF_DISCHARGE,urn:ioos:sensor:GOA_RUNOFF_DISCHARGE:q,58.069320239858385,-154.46915010358515,2006-07-18T00:00:00Z,0.08855228741368056
urn:ioos:station:GOA_RUNOFF_DISCHARGE,urn:ioos:sensor:GOA_RUNOFF_DISCHARGE:q,58.069320239858385,-154.46915010358515,2006-07-19T00:00:00Z,0.7769959411265422
urn:ioos:station:GOA_RUNOFF_DISCHARGE,urn:ioos:sensor:GOA_RUNOFF_DISCHARGE:q,58.069320239858385,-154.46915010358515,2006-07-20T00:00:00Z,0.5837453777315298
urn:ioos:station:GOA_RUNOFF_DISCHARGE,urn:ioos:sensor:GOA_RUNOFF_DISCHARGE:q,58.069320239858385,-154.46915010358515,2006-07-21T00:00:00Z,0.4165467286814548
urn:ioos:station:GOA_RUNOFF_DISCHARGE,urn:ioos:sensor:GOA_RUNOFF_DISCHARGE:q,58.069320239858385,-154.46915010358515,2006-07-22T00:00:00Z,0.5359555130427357
urn:ioos:station:GOA_RUNOFF_DISCHARGE,urn:ioos:sensor:GOA_RUNOFF_DISCHARGE:q,58.069320239858385,-154.46915010358515,2006-07-23T00:00:00Z,1.5576231292029903
urn:ioos:station:GOA_RUNOFF_DISCHARGE,urn:ioos:sensor:GOA_RUNOFF_DISCHARGE:q,58.069320239858385,-154.46915010358515,2006-07-24T00:00:00Z,4.494631232126232
urn:ioos:station:GOA_RUNOFF_DISCHARGE,urn:ioos:sensor:GOA_RUNOFF_DISCHARGE:q,58.069320239858385,-154.46915010358515,2006-07-25T00:00:00Z,4.545195576292964
urn:ioos:station:GOA_RUNOFF_DISCHARGE,urn:ioos:sensor:GOA_RUNOFF_DISCHARGE:q,58.069320239858385,-154.46915010358515,2006-07-26T00:00:00Z,3.363932867503916
urn:ioos:station:GOA_RUNOFF_DISCHARGE,urn:ioos:sensor:GOA_RUNOFF_DISCHARGE:q,58.069320239858385,-154.46915010358515,2006-07-27T00:00:00Z,2.3917661513860704
urn:ioos:station:GOA_RUNOFF_DISCHARGE,urn:ioos:sensor:GOA_RUNOFF_DISCHARGE:q,58.069320239858385,-154.46915010358515,2006-07-28T00:00:00Z,1.6939589418839593
urn:ioos:station:GOA_RUNOFF_DISCHARGE,urn:ioos:sensor:GOA_RUNOFF_DISCHARGE:q,58.069320239858385,-154.46915010358515,2006-07-29T00:00:00Z,1.199084261550294
urn:ioos:station:GOA_RUNOFF_DISCHARGE,urn:ioos:sensor:GOA_RUNOFF_DISCHARGE:q,58.069320239858385,-154.46915010358515,2006-07-30T00:00:00Z,0.8487171466661239
urn:ioos:station:GOA_RUNOFF_DISCHARGE,urn:ioos:sensor:GOA_RUNOFF_DISCHARGE:q,58.069320239858385,-154.46915010358515,2006-07-31T00:00:00Z,0.6007193720377811
urn:ioos:station:GOA_RUNOFF_DISCHARGE,urn:ioos:sensor:GOA_RUNOFF_DISCHARGE:q,58.069320239858385,-154.46915010358515,2006-08-01T00:00:00Z,0.4251865955163351
urn:ioos:station:GOA_RUNOFF_DISCHARGE,urn:ioos:sensor:GOA_RUNOFF_DISCHARGE:q,58.069320239858385,-154.46915010358515,2006-08-02T00:00:00Z,0.3009451821623061
urn:ioos:station:GOA_RUNOFF_DISCHARGE,urn:ioos:sensor:GOA_RUNOFF_DISCHARGE:q,58.069320239858385,-154.46915010358515,2006-08-03T00:00:00Z,3.1680612863209543
urn:ioos:station:GOA_RUNOFF_DISCHARGE,urn:ioos:sensor:GOA_RUNOFF_DISCHARGE:q,58.069320239858385,-154.46915010358515,2006-08-04T00:00:00Z,4.435790875963099
urn:ioos:station:GOA_RUNOFF_DISCHARGE,urn:ioos:sensor:GOA_RUNOFF_DISCHARGE:q,58.069320239858385,-154.46915010358515,2006-08-05T00:00:00Z,3.2507419456242257
urn:ioos:station:GOA_RUNOFF_DISCHARGE,urn:ioos:sensor:GOA_RUNOFF_DISCHARGE:q,58.069320239858385,-154.46915010358515,2006-08-06T00:00:00Z,2.3119555480011797
urn:ioos:station:GOA_RUNOFF_DISCHARGE,urn:ioos:sensor:GOA_RUNOFF_DISCHARGE:q,58.069320239858385,-154.46915010358515,2006-08-07T00:00:00Z,1.6374999059527025
urn:ioos:station:GOA_RUNOFF_DISCHARGE,urn:ioos:sensor:GOA_RUNOFF_DISCHARGE:q,58.069320239858385,-154.46915010358515,2006-08-08T00:00:00Z,1.1591258106741749
urn:ioos:station:GOA_RUNOFF_DISCHARGE,urn:ioos:sensor:GOA_RUNOFF_DISCHARGE:q,58.069320239858385,-154.46915010358515,2006-08-09T00:00:00Z,0.8204351373037483
urn:ioos:station:GOA_RUNOFF_DISCHARGE,urn:ioos:sensor:GOA_RUNOFF_DISCHARGE:q,58.069320239858385,-154.46915010358515,2006-08-10T00:00:00Z,0.5807014687284343
urn:ioos:station:GOA_RUNOFF_DISCHARGE,urn:ioos:sensor:GOA_RUNOFF_DISCHARGE:q,58.069320239858385,-154.46915010358515,2006-08-11T00:00:00Z,2.6553132196162226
urn:ioos:station:GOA_RUNOFF_DISCHARGE,urn:ioos:sensor:GOA_RUNOFF_DISCHARGE:q,58.069320239858385,-154.46915010358515,2006-08-12T00:00:00Z,1.9855860131113112
urn:ioos:station:GOA_RUNOFF_DISCHARGE,urn:ioos:sensor:GOA_RUNOFF_DISCHARGE:q,58.069320239858385,-154.46915010358515,2006-08-13T00:00:00Z,1.415990816188596
urn:ioos:station:GOA_RUNOFF_DISCHARGE,urn:ioos:sensor:GOA_RUNOFF_DISCHARGE:q,58.069320239858385,-154.46915010358515,2006-08-14T00:00:00Z,2.606555947694397
urn:ioos:station:GOA_RUNOFF_DISCHARGE,urn:ioos:sensor:GOA_RUNOFF_DISCHARGE:q,58.069320239858385,-154.46915010358515,2006-08-15T00:00:00Z,2.5131167885335293
urn:ioos:station:GOA_RUNOFF_DISCHARGE,urn:ioos:sensor:GOA_RUNOFF_DISCHARGE:q,58.069320239858385,-154.46915010358515,2006-08-16T00:00:00Z,1.814373942906944
urn:ioos:station:GOA_RUNOFF_DISCHARGE,urn:ioos:sensor:GOA_RUNOFF_DISCHARGE:q,58.069320239858385,-154.46915010358515,2006-08-17T00:00:00Z,1.287760911804795
urn:ioos:station:GOA_RUNOFF_DISCHARGE,urn:ioos:sensor:GOA_RUNOFF_DISCHARGE:q,58.069320239858385,-154.46915010358515,2006-08-18T00:00:00Z,0.9118265399832469
urn:ioos:station:GOA_RUNOFF_DISCHARGE,urn:ioos:sensor:GOA_RUNOFF_DISCHARGE:q,58.069320239858385,-154.46915010358515,2006-08-19T00:00:00Z,0.645422242679784
urn:ioos:station:GOA_RUNOFF_DISCHARGE,urn:ioos:sensor:GOA_RUNOFF_DISCHARGE:q,58.069320239858385,-154.46915010358515,2006-08-20T00:00:00Z,3.5551102180634975
urn:ioos:station:GOA_RUNOFF_DISCHARGE,urn:ioos:sensor:GOA_RUNOFF_DISCHARGE:q,58.069320239858385,-154.46915010358515,2006-08-21T00:00:00Z,2.6628567200911006
urn:ioos:station:GOA_RUNOFF_DISCHARGE,urn:ioos:sensor:GOA_RUNOFF_DISCHARGE:q,58.069320239858385,-154.46915010358515,2006-08-22T00:00:00Z,1.8993939556361707
urn:ioos:station:GOA_RUNOFF_DISCHARGE,urn:ioos:sensor:GOA_RUNOFF_DISCHARGE:q,58.069320239858385,-154.46915010358515,2006-08-23T00:00:00Z,1.3458441552153482
urn:ioos:station:GOA_RUNOFF_DISCHARGE,urn:ioos:sensor:GOA_RUNOFF_DISCHARGE:q,58.069320239858385,-154.46915010358515,2006-08-24T00:00:00Z,4.818690224657533
urn:ioos:station:GOA_RUNOFF_DISCHARGE,urn:ioos:sensor:GOA_RUNOFF_DISCHARGE:q,58.069320239858385,-154.46915010358515,2006-08-25T00:00:00Z,3.5935431294993188
urn:ioos:station:GOA_RUNOFF_DISCHARGE,urn:ioos:sensor:GOA_RUNOFF_DISCHARGE:q,58.069320239858385,-154.46915010358515,2006-08-26T00:00:00Z,3.588823113628414
urn:ioos:station:GOA_RUNOFF_DISCHARGE,urn:ioos:sensor:GOA_RUNOFF_DISCHARGE:q,58.069320239858385,-154.46915010358515,2006-08-27T00:00:00Z,2.5905625163597104
urn:ioos:station:GOA_RUNOFF_DISCHARGE,urn:ioos:sensor:GOA_RUNOFF_DISCHARGE:q,58.069320239858385,-154.46915010358515,2006-08-28T00:00:00Z,1.8386226001711499
urn:ioos:station:GOA_RUNOFF_DISCHARGE,urn:ioos:sensor:GOA_RUNOFF_DISCHARGE:q,58.069320239858385,-154.46915010358515,2006-08-29T00:00:00Z,1.301871493840625
urn:ioos:station:GOA_RUNOFF_DISCHARGE,urn:ioos:sensor:GOA_RUNOFF_DISCHARGE:q,58.069320239858385,-154.46915010358515,2006-08-30T00:00:00Z,4.213825413629279
urn:ioos:station:GOA_RUNOFF_DISCHARGE,urn:ioos:sensor:GOA_RUNOFF_DISCHARGE:q,58.069320239858385,-154.46915010358515,2006-08-31T00:00:00Z,3.3714982065047594
urn:ioos:station:GOA_RUNOFF_DISCHARGE,urn:ioos:sensor:GOA_RUNOFF_DISCHARGE:q,58.069320239858385,-154.46915010358515,2006-09-01T00:00:00Z,0.05418757433846882
urn:ioos:station:GOA_RUNOFF_DISCHARGE,urn:ioos:sensor:GOA_RUNOFF_DISCHARGE:q,58.069320239858385,-154.46915010358515,2006-09-02T00:00:00Z,0.03835383311373226
urn:ioos:station:GOA_RUNOFF_DISCHARGE,urn:ioos:sensor:GOA_RUNOFF_DISCHARGE:q,58.069320239858385,-154.46915010358515,2006-09-03T00:00:00Z,0.02714668351605819
urn:ioos:station:GOA_RUNOFF_DISCHARGE,urn:ioos:sensor:GOA_RUNOFF_DISCHARGE:q,58.069320239858385,-154.46915010358515,2006-09-04T00:00:00Z,0.019214303521309876
urn:ioos:station:GOA_RUNOFF_DISCHARGE,urn:ioos:sensor:GOA_RUNOFF_DISCHARGE:q,58.069320239858385,-154.46915010358515,2006-09-05T00:00:00Z,0.013599798153777569
urn:ioos:station:GOA_RUNOFF_DISCHARGE,urn:ioos:sensor:GOA_RUNOFF_DISCHARGE:q,58.069320239858385,-154.46915010358515,2006-09-06T00:00:00Z,0.009625876076638997
urn:ioos:station:GOA_RUNOFF_DISCHARGE,urn:ioos:sensor:GOA_RUNOFF_DISCHARGE:q,58.069320239858385,-154.46915010358515,2006-09-07T00:00:00Z,0.446226633931011
urn:ioos:station:GOA_RUNOFF_DISCHARGE,urn:ioos:sensor:GOA_RUNOFF_DISCHARGE:q,58.069320239858385,-154.46915010358515,2006-09-08T00:00:00Z,3.920800282068015
urn:ioos:station:GOA_RUNOFF_DISCHARGE,urn:ioos:sensor:GOA_RUNOFF_DISCHARGE:q,58.069320239858385,-154.46915010358515,2006-09-09T00:00:00Z,2.9467515059956244
urn:ioos:station:GOA_RUNOFF_DISCHARGE,urn:ioos:sensor:GOA_RUNOFF_DISCHARGE:q,58.069320239858385,-154.46915010358515,2006-09-10T00:00:00Z,2.1028360065580034
urn:ioos:station:GOA_RUNOFF_DISCHARGE,urn:ioos:sensor:GOA_RUNOFF_DISCHARGE:q,58.069320239858385,-154.46915010358515,2006-09-11T00:00:00Z,1.490089329459801
urn:ioos:station:GOA_RUNOFF_DISCHARGE,urn:ioos:sensor:GOA_RUNOFF_DISCHARGE:q,58.069320239858385,-154.46915010358515,2006-09-12T00:00:00Z,1.054849546117975
urn:ioos:station:GOA_RUNOFF_DISCHARGE,urn:ioos:sensor:GOA_RUNOFF_DISCHARGE:q,58.069320239858385,-154.46915010358515,2006-09-13T00:00:00Z,0.746634798846396
urn:ioos:station:GOA_RUNOFF_DISCHARGE,urn:ioos:sensor:GOA_RUNOFF_DISCHARGE:q,58.069320239858385,-154.46915010358515,2006-09-14T00:00:00Z,5.066768512405698
urn:ioos:station:GOA_RUNOFF_DISCHARGE,urn:ioos:sensor:GOA_RUNOFF_DISCHARGE:q,58.069320239858385,-154.46915010358515,2006-09-15T00:00:00Z,6.357820069089777
urn:ioos:station:GOA_RUNOFF_DISCHARGE,urn:ioos:sensor:GOA_RUNOFF_DISCHARGE:q,58.069320239858385,-154.46915010358515,2006-09-16T00:00:00Z,4.745015457724478
urn:ioos:station:GOA_RUNOFF_DISCHARGE,urn:ioos:sensor:GOA_RUNOFF_DISCHARGE:q,58.069320239858385,-154.46915010358515,2006-09-17T00:00:00Z,3.3775730003298023
urn:ioos:station:GOA_RUNOFF_DISCHARGE,urn:ioos:sensor:GOA_RUNOFF_DISCHARGE:q,58.069320239858385,-154.46915010358515,2006-09-18T00:00:00Z,3.6555542817636986
urn:ioos:station:GOA_RUNOFF_DISCHARGE,urn:ioos:sensor:GOA_RUNOFF_DISCHARGE:q,58.069320239858385,-154.46915010358515,2006-09-19T00:00:00Z,4.593965477723781
urn:ioos:station:GOA_RUNOFF_DISCHARGE,urn:ioos:sensor:GOA_RUNOFF_DISCHARGE:q,58.069320239858385,-154.46915010358515,2006-09-20T00:00:00Z,3.6185390327122042
urn:ioos:station:GOA_RUNOFF_DISCHARGE,urn:ioos:sensor:GOA_RUNOFF_DISCHARGE:q,58.069320239858385,-154.46915010358515,2006-09-21T00:00:00Z,3.7050248578287888
urn:ioos:station:GOA_RUNOFF_DISCHARGE,urn:ioos:sensor:GOA_RUNOFF_DISCHARGE:q,58.069320239858385,-154.46915010358515,2006-09-22T00:00:00Z,5.384784811113976
urn:ioos:station:GOA_RUNOFF_DISCHARGE,urn:ioos:sensor:GOA_RUNOFF_DISCHARGE:q,58.069320239858385,-154.46915010358515,2006-09-23T00:00:00Z,3.944908172929917
urn:ioos:station:GOA_RUNOFF_DISCHARGE,urn:ioos:sensor:GOA_RUNOFF_DISCHARGE:q,58.069320239858385,-154.46915010358515,2006-09-24T00:00:00Z,2.8055275471052976
urn:ioos:station:GOA_RUNOFF_DISCHARGE,urn:ioos:sensor:GOA_RUNOFF_DISCHARGE:q,58.069320239858385,-154.46915010358515,2006-09-25T00:00:00Z,1.98707208533601
urn:ioos:station:GOA_RUNOFF_DISCHARGE,urn:ioos:sensor:GOA_RUNOFF_DISCHARGE:q,58.069320239858385,-154.46915010358515,2006-09-26T00:00:00Z,4.074544820435062
urn:ioos:station:GOA_RUNOFF_DISCHARGE,urn:ioos:sensor:GOA_RUNOFF_DISCHARGE:q,58.069320239858385,-154.46915010358515,2006-09-27T00:00:00Z,3.1783267090983305
urn:ioos:station:GOA_RUNOFF_DISCHARGE,urn:ioos:sensor:GOA_RUNOFF_DISCHARGE:q,58.069320239858385,-154.46915010358515,2006-09-28T00:00:00Z,2.35757465005332
urn:ioos:station:GOA_RUNOFF_DISCHARGE,urn:ioos:sensor:GOA_RUNOFF_DISCHARGE:q,58.069320239858385,-154.46915010358515,2006-09-29T00:00:00Z,1.6748689128133518
urn:ioos:station:GOA_RUNOFF_DISCHARGE,urn:ioos:sensor:GOA_RUNOFF_DISCHARGE:q,58.069320239858385,-154.46915010358515,2006-09-30T00:00:00Z,1.2788486882929333
urn:ioos:station:GOA_RUNOFF_DISCHARGE,urn:ioos:sensor:GOA_RUNOFF_DISCHARGE:q,58.069320239858385,-154.46915010358515,2006-10-01T00:00:00Z,3.191666627970892
urn:ioos:station:GOA_RUNOFF_DISCHARGE,urn:ioos:sensor:GOA_RUNOFF_DISCHARGE:q,58.069320239858385,-154.46915010358515,2006-10-02T00:00:00Z,3.2018281204138566
urn:ioos:station:GOA_RUNOFF_DISCHARGE,urn:ioos:sensor:GOA_RUNOFF_DISCHARGE:q,58.069320239858385,-154.46915010358515,2006-10-03T00:00:00Z,3.5976235133627443
urn:ioos:station:GOA_RUNOFF_DISCHARGE,urn:ioos:sensor:GOA_RUNOFF_DISCHARGE:q,58.069320239858385,-154.46915010358515,2006-10-04T00:00:00Z,3.794698055277172
urn:ioos:station:GOA_RUNOFF_DISCHARGE,urn:ioos:sensor:GOA_RUNOFF_DISCHARGE:q,58.069320239858385,-154.46915010358515,2006-10-05T00:00:00Z,3.306237323707933
urn:ioos:station:GOA_RUNOFF_DISCHARGE,urn:ioos:sensor:GOA_RUNOFF_DISCHARGE:q,58.069320239858385,-154.46915010358515,2006-10-06T00:00:00Z,3.29172391295822
urn:ioos:station:GOA_RUNOFF_DISCHARGE,urn:ioos:sensor:GOA_RUNOFF_DISCHARGE:q,58.069320239858385,-154.46915010358515,2006-10-07T00:00:00Z,7.101285584744857
urn:ioos:station:GOA_RUNOFF_DISCHARGE,urn:ioos:sensor:GOA_RUNOFF_DISCHARGE:q,58.069320239858385,-154.46915010358515,2006-10-08T00:00:00Z,12.078631911193382
urn:ioos:station:GOA_RUNOFF_DISCHARGE,urn:ioos:sensor:GOA_RUNOFF_DISCHARGE:q,58.069320239858385,-154.46915010358515,2006-10-09T00:00:00Z,15.123209752035892
urn:ioos:station:GOA_RUNOFF_DISCHARGE,urn:ioos:sensor:GOA_RUNOFF_DISCHARGE:q,58.069320239858385,-154.46915010358515,2006-10-10T00:00:00Z,12.602792317960805
urn:ioos:station:GOA_RUNOFF_DISCHARGE,urn:ioos:sensor:GOA_RUNOFF_DISCHARGE:q,58.069320239858385,-154.46915010358515,2006-10-11T00:00:00Z,10.028534234594705
urn:ioos:station:GOA_RUNOFF_DISCHARGE,urn:ioos:sensor:GOA_RUNOFF_DISCHARGE:q,58.069320239858385,-154.46915010358515,2006-10-12T00:00:00Z,7.584609526646462
urn:ioos:station:GOA_RUNOFF_DISCHARGE,urn:ioos:sensor:GOA_RUNOFF_DISCHARGE:q,58.069320239858385,-154.46915010358515,2006-10-13T00:00:00Z,5.932410845588115
urn:ioos:station:GOA_RUNOFF_DISCHARGE,urn:ioos:sensor:GOA_RUNOFF_DISCHARGE:q,58.069320239858385,-154.46915010358515,2006-10-14T00:00:00Z,4.226986940687332
urn:ioos:station:GOA_RUNOFF_DISCHARGE,urn:ioos:sensor:GOA_RUNOFF_DISCHARGE:q,58.069320239858385,-154.46915010358515,2006-10-15T00:00:00Z,2.994644182781055
urn:ioos:station:GOA_RUNOFF_DISCHARGE,urn:ioos:sensor:GOA_RUNOFF_DISCHARGE:q,58.069320239858385,-154.46915010358515,2006-10-16T00:00:00Z,2.929198593415224
urn:ioos:station:GOA_RUNOFF_DISCHARGE,urn:ioos:sensor:GOA_RUNOFF_DISCHARGE:q,58.069320239858385,-154.46915010358515,2006-10-17T00:00:00Z,2.2526826311550785
urn:ioos:station:GOA_RUNOFF_DISCHARGE,urn:ioos:sensor:GOA_RUNOFF_DISCHARGE:q,58.069320239858385,-154.46915010358515,2006-10-18T00:00:00Z,5.191445446483865
urn:ioos:station:GOA_RUNOFF_DISCHARGE,urn:ioos:sensor:GOA_RUNOFF_DISCHARGE:q,58.069320239858385,-154.46915010358515,2006-10-19T00:00:00Z,4.215293067820032
urn:ioos:station:GOA_RUNOFF_DISCHARGE,urn:ioos:sensor:GOA_RUNOFF_DISCHARGE:q,58.069320239858385,-154.46915010358515,2006-10-20T00:00:00Z,3.117280135583197
urn:ioos:station:GOA_RUNOFF_DISCHARGE,urn:ioos:sensor:GOA_RUNOFF_DISCHARGE:q,58.069320239858385,-154.46915010358515,2006-10-21T00:00:00Z,2.2145383566226737
urn:ioos:station:GOA_RUNOFF_DISCHARGE,urn:ioos:sensor:GOA_RUNOFF_DISCHARGE:q,58.069320239858385,-154.46915010358515,2006-10-22T00:00:00Z,2.026666911599074
urn:ioos:station:GOA_RUNOFF_DISCHARGE,urn:ioos:sensor:GOA_RUNOFF_DISCHARGE:q,58.069320239858385,-154.46915010358515,2006-10-23T00:00:00Z,1.456232247000562
urn:ioos:station:GOA_RUNOFF_DISCHARGE,urn:ioos:sensor:GOA_RUNOFF_DISCHARGE:q,58.069320239858385,-154.46915010358515,2006-10-24T00:00:00Z,5.505214546564118
urn:ioos:station:GOA_RUNOFF_DISCHARGE,urn:ioos:sensor:GOA_RUNOFF_DISCHARGE:q,58.069320239858385,-154.46915010358515,2006-10-25T00:00:00Z,3.9500060216114923
urn:ioos:station:GOA_RUNOFF_DISCHARGE,urn:ioos:sensor:GOA_RUNOFF_DISCHARGE:q,58.069320239858385,-154.46915010358515,2006-10-26T00:00:00Z,2.5798708476538614
urn:ioos:station:GOA_RUNOFF_DISCHARGE,urn:ioos:sensor:GOA_RUNOFF_DISCHARGE:q,58.069320239858385,-154.46915010358515,2006-10-27T00:00:00Z,1.8383314636774124
urn:ioos:station:GOA_RUNOFF_DISCHARGE,urn:ioos:sensor:GOA_RUNOFF_DISCHARGE:q,58.069320239858385,-154.46915010358515,2006-10-28T00:00:00Z,1.302392197971765
urn:ioos:station:GOA_RUNOFF_DISCHARGE,urn:ioos:sensor:GOA_RUNOFF_DISCHARGE:q,58.069320239858385,-154.46915010358515,2006-10-29T00:00:00Z,1.3342194815327324
urn:ioos:station:GOA_RUNOFF_DISCHARGE,urn:ioos:sensor:GOA_RUNOFF_DISCHARGE:q,58.069320239858385,-154.46915010358515,2006-10-30T00:00:00Z,1.1076451693186127
urn:ioos:station:GOA_RUNOFF_DISCHARGE,urn:ioos:sensor:GOA_RUNOFF_DISCHARGE:q,58.069320239858385,-154.46915010358515,2006-10-31T00:00:00Z,0.8032172356050934
urn:ioos:station:GOA_RUNOFF_DISCHARGE,urn:ioos:sensor:GOA_RUNOFF_DISCHARGE:q,58.069320239858385,-154.46915010358515,2006-11-01T00:00:00Z,0.5194878173339306
urn:ioos:station:GOA_RUNOFF_DISCHARGE,urn:ioos:sensor:GOA_RUNOFF_DISCHARGE:q,58.069320239858385,-154.46915010358515,2006-11-02T00:00:00Z,0.33714161804750054
urn:ioos:station:GOA_RUNOFF_DISCHARGE,urn:ioos:sensor:GOA_RUNOFF_DISCHARGE:q,58.069320239858385,-154.46915010358515,2006-11-03T00:00:00Z,0.22078600104030782
urn:ioos:station:GOA_RUNOFF_DISCHARGE,urn:ioos:sensor:GOA_RUNOFF_DISCHARGE:q,58.069320239858385,-154.46915010358515,2006-11-04T00:00:00Z,0.1433882258810799
urn:ioos:station:GOA_RUNOFF_DISCHARGE,urn:ioos:sensor:GOA_RUNOFF_DISCHARGE:q,58.069320239858385,-154.46915010358515,2006-11-05T00:00:00Z,0.10212684710531603
urn:ioos:station:GOA_RUNOFF_DISCHARGE,urn:ioos:sensor:GOA_RUNOFF_DISCHARGE:q,58.069320239858385,-154.46915010358515,2006-11-06T00:00:00Z,0.07234857804321525
urn:ioos:station:GOA_RUNOFF_DISCHARGE,urn:ioos:sensor:GOA_RUNOFF_DISCHARGE:q,58.069320239858385,-154.46915010358515,2006-11-07T00:00:00Z,0.04666556705141903
urn:ioos:station:GOA_RUNOFF_DISCHARGE,urn:ioos:sensor:GOA_RUNOFF_DISCHARGE:q,58.069320239858385,-154.46915010358515,2006-11-08T00:00:00Z,0.030278670188632766
urn:ioos:station:GOA_RUNOFF_DISCHARGE,urn:ioos:sensor:GOA_RUNOFF_DISCHARGE:q,58.069320239858385,-154.46915010358515,2006-11-09T00:00:00Z,0.019656239723567104
urn:ioos:station:GOA_RUNOFF_DISCHARGE,urn:ioos:sensor:GOA_RUNOFF_DISCHARGE:q,58.069320239858385,-154.46915010358515,2006-11-10T00:00:00Z,0.012760961542313362
urn:ioos:station:GOA_RUNOFF_DISCHARGE,urn:ioos:sensor:GOA_RUNOFF_DISCHARGE:q,58.069320239858385,-154.46915010358515,2006-11-11T00:00:00Z,0.008284532906581482
urn:ioos:station:GOA_RUNOFF_DISCHARGE,urn:ioos:sensor:GOA_RUNOFF_DISCHARGE:q,58.069320239858385,-154.46915010358515,2006-11-12T00:00:00Z,0.005378396347481789
urn:ioos:station:GOA_RUNOFF_DISCHARGE,urn:ioos:sensor:GOA_RUNOFF_DISCHARGE:q,58.069320239858385,-154.46915010358515,2006-11-13T00:00:00Z,0.003491705418804366
urn:ioos:station:GOA_RUNOFF_DISCHARGE,urn:ioos:sensor:GOA_RUNOFF_DISCHARGE:q,58.069320239858385,-154.46915010358515,2006-11-14T00:00:00Z,0.0022668478341728304
urn:ioos:station:GOA_RUNOFF_DISCHARGE,urn:ioos:sensor:GOA_RUNOFF_DISCHARGE:q,58.069320239858385,-154.46915010358515,2006-11-15T00:00:00Z,0.001471658982564431
urn:ioos:station:GOA_RUNOFF_DISCHARGE,urn:ioos:sensor:GOA_RUNOFF_DISCHARGE:q,58.069320239858385,-154.46915010358515,2006-11-16T00:00:00Z,9.55414762413751E-4
urn:ioos:station:GOA_RUNOFF_DISCHARGE,urn:ioos:sensor:GOA_RUNOFF_DISCHARGE:q,58.069320239858385,-154.46915010358515,2006-11-17T00:00:00Z,6.202642294205122E-4
urn:ioos:station:GOA_RUNOFF_DISCHARGE,urn:ioos:sensor:GOA_RUNOFF_DISCHARGE:q,58.069320239858385,-154.46915010358515,2006-11-18T00:00:00Z,4.026813541950007E-4
urn:ioos:station:GOA_RUNOFF_DISCHARGE,urn:ioos:sensor:GOA_RUNOFF_DISCHARGE:q,58.069320239858385,-154.46915010358515,2006-11-19T00:00:00Z,2.614245023610689E-4
urn:ioos:station:GOA_RUNOFF_DISCHARGE,urn:ioos:sensor:GOA_RUNOFF_DISCHARGE:q,58.069320239858385,-154.46915010358515,2006-11-20T00:00:00Z,1.6971924076068513E-4
urn:ioos:station:GOA_RUNOFF_DISCHARGE,urn:ioos:sensor:GOA_RUNOFF_DISCHARGE:q,58.069320239858385,-154.46915010358515,2006-11-21T00:00:00Z,1.1018333305710381E-4
urn:ioos:station:GOA_RUNOFF_DISCHARGE,urn:ioos:sensor:GOA_RUNOFF_DISCHARGE:q,58.069320239858385,-154.46915010358515,2006-11-22T00:00:00Z,7.153204786005716E-5
urn:ioos:station:GOA_RUNOFF_DISCHARGE,urn:ioos:sensor:GOA_RUNOFF_DISCHARGE:q,58.069320239858385,-154.46915010358515,2006-11-23T00:00:00Z,4.6439275244300815E-5
urn:ioos:station:GOA_RUNOFF_DISCHARGE,urn:ioos:sensor:GOA_RUNOFF_DISCHARGE:q,58.069320239858385,-154.46915010358515,2006-11-24T00:00:00Z,3.0148815051804023E-5
urn:ioos:station:GOA_RUNOFF_DISCHARGE,urn:ioos:sensor:GOA_RUNOFF_DISCHARGE:q,58.069320239858385,-154.46915010358515,2006-11-25T00:00:00Z,1.9572892836466308E-5
urn:ioos:station:GOA_RUNOFF_DISCHARGE,urn:ioos:sensor:GOA_RUNOFF_DISCHARGE:q,58.069320239858385,-154.46915010358515,2006-11-26T00:00:00Z,1.2706905548935204E-5
urn:ioos:station:GOA_RUNOFF_DISCHARGE,urn:ioos:sensor:GOA_RUNOFF_DISCHARGE:q,58.069320239858385,-154.46915010358515,2006-11-27T00:00:00Z,8.249443093553978E-6
urn:ioos:station:GOA_RUNOFF_DISCHARGE,urn:ioos:sensor:GOA_RUNOFF_DISCHARGE:q,58.069320239858385,-154.46915010358515,2006-11-28T00:00:00Z,5.355615721608026E-6
urn:ioos:station:GOA_RUNOFF_DISCHARGE,urn:ioos:sensor:GOA_RUNOFF_DISCHARGE:q,58.069320239858385,-154.46915010358515,2006-11-29T00:00:00Z,3.4769154447050133E-6
urn:ioos:station:GOA_RUNOFF_DISCHARGE,urn:ioos:sensor:GOA_RUNOFF_DISCHARGE:q,58.069320239858385,-154.46915010358515,2006-11-30T00:00:00Z,0.09599869031584794
urn:ioos:station:GOA_RUNOFF_DISCHARGE,urn:ioos:sensor:GOA_RUNOFF_DISCHARGE:q,58.069320239858385,-154.46915010358515,2006-12-01T00:00:00Z,0.06493981288675738
urn:ioos:station:GOA_RUNOFF_DISCHARGE,urn:ioos:sensor:GOA_RUNOFF_DISCHARGE:q,58.069320239858385,-154.46915010358515,2006-12-02T00:00:00Z,3.266205990040341
urn:ioos:station:GOA_RUNOFF_DISCHARGE,urn:ioos:sensor:GOA_RUNOFF_DISCHARGE:q,58.069320239858385,-154.46915010358515,2006-12-03T00:00:00Z,13.23372048882652
urn:ioos:station:GOA_RUNOFF_DISCHARGE,urn:ioos:sensor:GOA_RUNOFF_DISCHARGE:q,58.069320239858385,-154.46915010358515,2006-12-04T00:00:00Z,8.89690602237287
urn:ioos:station:GOA_RUNOFF_DISCHARGE,urn:ioos:sensor:GOA_RUNOFF_DISCHARGE:q,58.069320239858385,-154.46915010358515,2006-12-05T00:00:00Z,7.355689677809276
urn:ioos:station:GOA_RUNOFF_DISCHARGE,urn:ioos:sensor:GOA_RUNOFF_DISCHARGE:q,58.069320239858385,-154.46915010358515,2006-12-06T00:00:00Z,13.750654711532484
urn:ioos:station:GOA_RUNOFF_DISCHARGE,urn:ioos:sensor:GOA_RUNOFF_DISCHARGE:q,58.069320239858385,-154.46915010358515,2006-12-07T00:00:00Z,10.475726203729929
urn:ioos:station:GOA_RUNOFF_DISCHARGE,urn:ioos:sensor:GOA_RUNOFF_DISCHARGE:q,58.069320239858385,-154.46915010358515,2006-12-08T00:00:00Z,8.026097167553734
urn:ioos:station:GOA_RUNOFF_DISCHARGE,urn:ioos:sensor:GOA_RUNOFF_DISCHARGE:q,58.069320239858385,-154.46915010358515,2006-12-09T00:00:00Z,8.02953713006537
urn:ioos:station:GOA_RUNOFF_DISCHARGE,urn:ioos:sensor:GOA_RUNOFF_DISCHARGE:q,58.069320239858385,-154.46915010358515,2006-12-10T00:00:00Z,6.412458482365438
urn:ioos:station:GOA_RUNOFF_DISCHARGE,urn:ioos:sensor:GOA_RUNOFF_DISCHARGE:q,58.069320239858385,-154.46915010358515,2006-12-11T00:00:00Z,6.239852035433948
urn:ioos:station:GOA_RUNOFF_DISCHARGE,urn:ioos:sensor:GOA_RUNOFF_DISCHARGE:q,58.069320239858385,-154.46915010358515,2006-12-12T00:00:00Z,4.108586346348535
urn:ioos:station:GOA_RUNOFF_DISCHARGE,urn:ioos:sensor:GOA_RUNOFF_DISCHARGE:q,58.069320239858385,-154.46915010358515,2006-12-13T00:00:00Z,2.6705670353305786
urn:ioos:station:GOA_RUNOFF_DISCHARGE,urn:ioos:sensor:GOA_RUNOFF_DISCHARGE:q,58.069320239858385,-154.46915010358515,2006-12-14T00:00:00Z,1.7339387050565018
urn:ioos:station:GOA_RUNOFF_DISCHARGE,urn:ioos:sensor:GOA_RUNOFF_DISCHARGE:q,58.069320239858385,-154.46915010358515,2006-12-15T00:00:00Z,1.1256994470945094
urn:ioos:station:GOA_RUNOFF_DISCHARGE,urn:ioos:sensor:GOA_RUNOFF_DISCHARGE:q,58.069320239858385,-154.46915010358515,2006-12-16T00:00:00Z,0.730815220596424
urn:ioos:station:GOA_RUNOFF_DISCHARGE,urn:ioos:sensor:GOA_RUNOFF_DISCHARGE:q,58.069320239858385,-154.46915010358515,2006-12-17T00:00:00Z,0.47445210650704045
urn:ioos:station:GOA_RUNOFF_DISCHARGE,urn:ioos:sensor:GOA_RUNOFF_DISCHARGE:q,58.069320239858385,-154.46915010358515,2006-12-18T00:00:00Z,0.3080187596567821
urn:ioos:station:GOA_RUNOFF_DISCHARGE,urn:ioos:sensor:GOA_RUNOFF_DISCHARGE:q,58.069320239858385,-154.46915010358515,2006-12-19T00:00:00Z,0.19996867283432412
urn:ioos:station:GOA_RUNOFF_DISCHARGE,urn:ioos:sensor:GOA_RUNOFF_DISCHARGE:q,58.069320239858385,-154.46915010358515,2006-12-20T00:00:00Z,0.12982155141022772
urn:ioos:station:GOA_RUNOFF_DISCHARGE,urn:ioos:sensor:GOA_RUNOFF_DISCHARGE:q,58.069320239858385,-154.46915010358515,2006-12-21T00:00:00Z,0.0842813591222762
urn:ioos:station:GOA_RUNOFF_DISCHARGE,urn:ioos:sensor:GOA_RUNOFF_DISCHARGE:q,58.069320239858385,-154.46915010358515,2006-12-22T00:00:00Z,0.054716245913757934
urn:ioos:station:GOA_RUNOFF_DISCHARGE,urn:ioos:sensor:GOA_RUNOFF_DISCHARGE:q,58.069320239858385,-154.46915010358515,2006-12-23T00:00:00Z,0.035522302953412174
urn:ioos:station:GOA_RUNOFF_DISCHARGE,urn:ioos:sensor:GOA_RUNOFF_DISCHARGE:q,58.069320239858385,-154.46915010358515,2006-12-24T00:00:00Z,0.023061411473533893
urn:ioos:station:GOA_RUNOFF_DISCHARGE,urn:ioos:sensor:GOA_RUNOFF_DISCHARGE:q,58.069320239858385,-154.46915010358515,2006-12-25T00:00:00Z,0.014971683706969365
urn:ioos:station:GOA_RUNOFF_DISCHARGE,urn:ioos:sensor:GOA_RUNOFF_DISCHARGE:q,58.069320239858385,-154.46915010358515,2006-12-26T00:00:00Z,0.009719758715745817
urn:ioos:station:GOA_RUNOFF_DISCHARGE,urn:ioos:sensor:GOA_RUNOFF_DISCHARGE:q,58.069320239858385,-154.46915010358515,2006-12-27T00:00:00Z,0.006310158209736909
urn:ioos:station:GOA_RUNOFF_DISCHARGE,urn:ioos:sensor:GOA_RUNOFF_DISCHARGE:q,58.069320239858385,-154.46915010358515,2006-12-28T00:00:00Z,0.004096614241944765
urn:ioos:station:GOA_RUNOFF_DISCHARGE,urn:ioos:sensor:GOA_RUNOFF_DISCHARGE:q,58.069320239858385,-154.46915010358515,2006-12-29T00:00:00Z,0.0026595602476307636
urn:ioos:station:GOA_RUNOFF_DISCHARGE,urn:ioos:sensor:GOA_RUNOFF_DISCHARGE:q,58.069320239858385,-154.46915010358515,2006-12-30T00:00:00Z,0.0017266117994274822
urn:ioos:station:GOA_RUNOFF_DISCHARGE,urn:ioos:sensor:GOA_RUNOFF_DISCHARGE:q,58.069320239858385,-154.46915010358515,2006-12-31T00:00:00Z,0.0011209325176544372
urn:ioos:station:GOA_RUNOFF_DISCHARGE,urn:ioos:sensor:GOA_RUNOFF_DISCHARGE:q,58.069320239858385,-154.46915010358515,2007-01-01T00:00:00Z,7.277198906420253E-4
urn:ioos:station:GOA_RUNOFF_DISCHARGE,urn:ioos:sensor:GOA_RUNOFF_DISCHARGE:q,58.069320239858385,-154.46915010358515,2007-01-02T00:00:00Z,4.724425484319564E-4
urn:ioos:station:GOA_RUNOFF_DISCHARGE,urn:ioos:sensor:GOA_RUNOFF_DISCHARGE:q,58.069320239858385,-154.46915010358515,2007-01-03T00:00:00Z,3.067141279348284E-4
urn:ioos:station:GOA_RUNOFF_DISCHARGE,urn:ioos:sensor:GOA_RUNOFF_DISCHARGE:q,58.069320239858385,-154.46915010358515,2007-01-04T00:00:00Z,1.9912169007136414E-4
urn:ioos:station:GOA_RUNOFF_DISCHARGE,urn:ioos:sensor:GOA_RUNOFF_DISCHARGE:q,58.069320239858385,-154.46915010358515,2007-01-05T00:00:00Z,1.2927166408673285E-4
urn:ioos:station:GOA_RUNOFF_DISCHARGE,urn:ioos:sensor:GOA_RUNOFF_DISCHARGE:q,58.069320239858385,-154.46915010358515,2007-01-06T00:00:00Z,8.392437777175857E-5
urn:ioos:station:GOA_RUNOFF_DISCHARGE,urn:ioos:sensor:GOA_RUNOFF_DISCHARGE:q,58.069320239858385,-154.46915010358515,2007-01-07T00:00:00Z,5.448449033186169E-5
urn:ioos:station:GOA_RUNOFF_DISCHARGE,urn:ioos:sensor:GOA_RUNOFF_DISCHARGE:q,58.069320239858385,-154.46915010358515,2007-01-08T00:00:00Z,3.5371845596008176E-5
urn:ioos:station:GOA_RUNOFF_DISCHARGE,urn:ioos:sensor:GOA_RUNOFF_DISCHARGE:q,58.069320239858385,-154.46915010358515,2007-01-09T00:00:00Z,2.296373345524988E-5
urn:ioos:station:GOA_RUNOFF_DISCHARGE,urn:ioos:sensor:GOA_RUNOFF_DISCHARGE:q,58.069320239858385,-154.46915010358515,2007-01-10T00:00:00Z,1.4908271561759103E-5
urn:ioos:station:GOA_RUNOFF_DISCHARGE,urn:ioos:sensor:GOA_RUNOFF_DISCHARGE:q,58.069320239858385,-154.46915010358515,2007-01-11T00:00:00Z,9.678590480177E-6
urn:ioos:station:GOA_RUNOFF_DISCHARGE,urn:ioos:sensor:GOA_RUNOFF_DISCHARGE:q,58.069320239858385,-154.46915010358515,2007-01-12T00:00:00Z,6.2834314283918204E-6
urn:ioos:station:GOA_RUNOFF_DISCHARGE,urn:ioos:sensor:GOA_RUNOFF_DISCHARGE:q,58.069320239858385,-154.46915010358515,2007-01-13T00:00:00Z,4.0792625743925625E-6
urn:ioos:station:GOA_RUNOFF_DISCHARGE,urn:ioos:sensor:GOA_RUNOFF_DISCHARGE:q,58.069320239858385,-154.46915010358515,2007-01-14T00:00:00Z,2.648295473874849E-6
urn:ioos:station:GOA_RUNOFF_DISCHARGE,urn:ioos:sensor:GOA_RUNOFF_DISCHARGE:q,58.069320239858385,-154.46915010358515,2007-01-15T00:00:00Z,1.7192984084291399E-6
urn:ioos:station:GOA_RUNOFF_DISCHARGE,urn:ioos:sensor:GOA_RUNOFF_DISCHARGE:q,58.069320239858385,-154.46915010358515,2007-01-16T00:00:00Z,1.0129208918391392
urn:ioos:station:GOA_RUNOFF_DISCHARGE,urn:ioos:sensor:GOA_RUNOFF_DISCHARGE:q,58.069320239858385,-154.46915010358515,2007-01-17T00:00:00Z,2.220935202927007
urn:ioos:station:GOA_RUNOFF_DISCHARGE,urn:ioos:sensor:GOA_RUNOFF_DISCHARGE:q,58.069320239858385,-154.46915010358515,2007-01-18T00:00:00Z,2.05035710776255
urn:ioos:station:GOA_RUNOFF_DISCHARGE,urn:ioos:sensor:GOA_RUNOFF_DISCHARGE:q,58.069320239858385,-154.46915010358515,2007-01-19T00:00:00Z,1.7294445732162105
urn:ioos:station:GOA_RUNOFF_DISCHARGE,urn:ioos:sensor:GOA_RUNOFF_DISCHARGE:q,58.069320239858385,-154.46915010358515,2007-01-20T00:00:00Z,1.134144115658905
urn:ioos:station:GOA_RUNOFF_DISCHARGE,urn:ioos:sensor:GOA_RUNOFF_DISCHARGE:q,58.069320239858385,-154.46915010358515,2007-01-21T00:00:00Z,0.7369353359407137
urn:ioos:station:GOA_RUNOFF_DISCHARGE,urn:ioos:sensor:GOA_RUNOFF_DISCHARGE:q,58.069320239858385,-154.46915010358515,2007-01-22T00:00:00Z,0.478461219156963
urn:ioos:station:GOA_RUNOFF_DISCHARGE,urn:ioos:sensor:GOA_RUNOFF_DISCHARGE:q,58.069320239858385,-154.46915010358515,2007-01-23T00:00:00Z,0.31062353010764276
urn:ioos:station:GOA_RUNOFF_DISCHARGE,urn:ioos:sensor:GOA_RUNOFF_DISCHARGE:q,58.069320239858385,-154.46915010358515,2007-01-24T00:00:00Z,0.20165981013340753
urn:ioos:station:GOA_RUNOFF_DISCHARGE,urn:ioos:sensor:GOA_RUNOFF_DISCHARGE:q,58.069320239858385,-154.46915010358515,2007-01-25T00:00:00Z,2.4999531565573117
urn:ioos:station:GOA_RUNOFF_DISCHARGE,urn:ioos:sensor:GOA_RUNOFF_DISCHARGE:q,58.069320239858385,-154.46915010358515,2007-01-26T00:00:00Z,5.8014738848863585
urn:ioos:station:GOA_RUNOFF_DISCHARGE,urn:ioos:sensor:GOA_RUNOFF_DISCHARGE:q,58.069320239858385,-154.46915010358515,2007-01-27T00:00:00Z,6.074281277469958
urn:ioos:station:GOA_RUNOFF_DISCHARGE,urn:ioos:sensor:GOA_RUNOFF_DISCHARGE:q,58.069320239858385,-154.46915010358515,2007-01-28T00:00:00Z,5.2472910303273235
urn:ioos:station:GOA_RUNOFF_DISCHARGE,urn:ioos:sensor:GOA_RUNOFF_DISCHARGE:q,58.069320239858385,-154.46915010358515,2007-01-29T00:00:00Z,16.72380636427202
urn:ioos:station:GOA_RUNOFF_DISCHARGE,urn:ioos:sensor:GOA_RUNOFF_DISCHARGE:q,58.069320239858385,-154.46915010358515,2007-01-30T00:00:00Z,18.83859238592656
urn:ioos:station:GOA_RUNOFF_DISCHARGE,urn:ioos:sensor:GOA_RUNOFF_DISCHARGE:q,58.069320239858385,-154.46915010358515,2007-01-31T00:00:00Z,21.56225966558351
urn:ioos:station:GOA_RUNOFF_DISCHARGE,urn:ioos:sensor:GOA_RUNOFF_DISCHARGE:q,58.069320239858385,-154.46915010358515,2007-02-01T00:00:00Z,20.47506101353565
urn:ioos:station:GOA_RUNOFF_DISCHARGE,urn:ioos:sensor:GOA_RUNOFF_DISCHARGE:q,58.069320239858385,-154.46915010358515,2007-02-02T00:00:00Z,20.214255338101026
urn:ioos:station:GOA_RUNOFF_DISCHARGE,urn:ioos:sensor:GOA_RUNOFF_DISCHARGE:q,58.069320239858385,-154.46915010358515,2007-02-03T00:00:00Z,13.496084856162547
urn:ioos:station:GOA_RUNOFF_DISCHARGE,urn:ioos:sensor:GOA_RUNOFF_DISCHARGE:q,58.069320239858385,-154.46915010358515,2007-02-04T00:00:00Z,8.777548742727946
urn:ioos:station:GOA_RUNOFF_DISCHARGE,urn:ioos:sensor:GOA_RUNOFF_DISCHARGE:q,58.069320239858385,-154.46915010358515,2007-02-05T00:00:00Z,5.6993516751788755
urn:ioos:station:GOA_RUNOFF_DISCHARGE,urn:ioos:sensor:GOA_RUNOFF_DISCHARGE:q,58.069320239858385,-154.46915010358515,2007-02-06T00:00:00Z,8.316929500616302
urn:ioos:station:GOA_RUNOFF_DISCHARGE,urn:ioos:sensor:GOA_RUNOFF_DISCHARGE:q,58.069320239858385,-154.46915010358515,2007-02-07T00:00:00Z,8.843587392786848
urn:ioos:station:GOA_RUNOFF_DISCHARGE,urn:ioos:sensor:GOA_RUNOFF_DISCHARGE:q,58.069320239858385,-154.46915010358515,2007-02-08T00:00:00Z,6.788310565042462
urn:ioos:station:GOA_RUNOFF_DISCHARGE,urn:ioos:sensor:GOA_RUNOFF_DISCHARGE:q,58.069320239858385,-154.46915010358515,2007-02-09T00:00:00Z,4.955193641447413
urn:ioos:station:GOA_RUNOFF_DISCHARGE,urn:ioos:sensor:GOA_RUNOFF_DISCHARGE:q,58.069320239858385,-154.46915010358515,2007-02-10T00:00:00Z,3.5815861418613566
urn:ioos:station:GOA_RUNOFF_DISCHARGE,urn:ioos:sensor:GOA_RUNOFF_DISCHARGE:q,58.069320239858385,-154.46915010358515,2007-02-11T00:00:00Z,2.919591746908815
urn:ioos:station:GOA_RUNOFF_DISCHARGE,urn:ioos:sensor:GOA_RUNOFF_DISCHARGE:q,58.069320239858385,-154.46915010358515,2007-02-12T00:00:00Z,2.749481996036136
urn:ioos:station:GOA_RUNOFF_DISCHARGE,urn:ioos:sensor:GOA_RUNOFF_DISCHARGE:q,58.069320239858385,-154.46915010358515,2007-02-13T00:00:00Z,4.625649232177352
urn:ioos:station:GOA_RUNOFF_DISCHARGE,urn:ioos:sensor:GOA_RUNOFF_DISCHARGE:q,58.069320239858385,-154.46915010358515,2007-02-14T00:00:00Z,3.435118568706508
urn:ioos:station:GOA_RUNOFF_DISCHARGE,urn:ioos:sensor:GOA_RUNOFF_DISCHARGE:q,58.069320239858385,-154.46915010358515,2007-02-15T00:00:00Z,2.266921876313762
urn:ioos:station:GOA_RUNOFF_DISCHARGE,urn:ioos:sensor:GOA_RUNOFF_DISCHARGE:q,58.069320239858385,-154.46915010358515,2007-02-16T00:00:00Z,1.4941203793037274
urn:ioos:station:GOA_RUNOFF_DISCHARGE,urn:ioos:sensor:GOA_RUNOFF_DISCHARGE:q,58.069320239858385,-154.46915010358515,2007-02-17T00:00:00Z,1.0529437400553776
urn:ioos:station:GOA_RUNOFF_DISCHARGE,urn:ioos:sensor:GOA_RUNOFF_DISCHARGE:q,58.069320239858385,-154.46915010358515,2007-02-18T00:00:00Z,0.6858606148975904
urn:ioos:station:GOA_RUNOFF_DISCHARGE,urn:ioos:sensor:GOA_RUNOFF_DISCHARGE:q,58.069320239858385,-154.46915010358515,2007-02-19T00:00:00Z,0.44539515836637283
urn:ioos:station:GOA_RUNOFF_DISCHARGE,urn:ioos:sensor:GOA_RUNOFF_DISCHARGE:q,58.069320239858385,-154.46915010358515,2007-02-20T00:00:00Z,0.28916188316232744
urn:ioos:station:GOA_RUNOFF_DISCHARGE,urn:ioos:sensor:GOA_RUNOFF_DISCHARGE:q,58.069320239858385,-154.46915010358515,2007-02-21T00:00:00Z,0.1877270114591792
urn:ioos:station:GOA_RUNOFF_DISCHARGE,urn:ioos:sensor:GOA_RUNOFF_DISCHARGE:q,58.069320239858385,-154.46915010358515,2007-02-22T00:00:00Z,0.1218741615400468
urn:ioos:station:GOA_RUNOFF_DISCHARGE,urn:ioos:sensor:GOA_RUNOFF_DISCHARGE:q,58.069320239858385,-154.46915010358515,2007-02-23T00:00:00Z,0.07912184291632694
urn:ioos:station:GOA_RUNOFF_DISCHARGE,urn:ioos:sensor:GOA_RUNOFF_DISCHARGE:q,58.069320239858385,-154.46915010358515,2007-02-24T00:00:00Z,0.051366646881172755
urn:ioos:station:GOA_RUNOFF_DISCHARGE,urn:ioos:sensor:GOA_RUNOFF_DISCHARGE:q,58.069320239858385,-154.46915010358515,2007-02-25T00:00:00Z,0.03334771076349476
urn:ioos:station:GOA_RUNOFF_DISCHARGE,urn:ioos:sensor:GOA_RUNOFF_DISCHARGE:q,58.069320239858385,-154.46915010358515,2007-02-26T00:00:00Z,0.02164964450453743
urn:ioos:station:GOA_RUNOFF_DISCHARGE,urn:ioos:sensor:GOA_RUNOFF_DISCHARGE:q,58.069320239858385,-154.46915010358515,2007-02-27T00:00:00Z,0.5492007434872048
urn:ioos:station:GOA_RUNOFF_DISCHARGE,urn:ioos:sensor:GOA_RUNOFF_DISCHARGE:q,58.069320239858385,-154.46915010358515,2007-02-28T00:00:00Z,0.3711326917036991
urn:ioos:station:GOA_RUNOFF_DISCHARGE,urn:ioos:sensor:GOA_RUNOFF_DISCHARGE:q,58.069320239858385,-154.46915010358515,2007-03-01T00:00:00Z,0.24176160922551784
urn:ioos:station:GOA_RUNOFF_DISCHARGE,urn:ioos:sensor:GOA_RUNOFF_DISCHARGE:q,58.069320239858385,-154.46915010358515,2007-03-02T00:00:00Z,0.15699987653304215
urn:ioos:station:GOA_RUNOFF_DISCHARGE,urn:ioos:sensor:GOA_RUNOFF_DISCHARGE:q,58.069320239858385,-154.46915010358515,2007-03-03T00:00:00Z,0.1019283681225345
urn:ioos:station:GOA_RUNOFF_DISCHARGE,urn:ioos:sensor:GOA_RUNOFF_DISCHARGE:q,58.069320239858385,-154.46915010358515,2007-03-04T00:00:00Z,0.06617300303867192
urn:ioos:station:GOA_RUNOFF_DISCHARGE,urn:ioos:sensor:GOA_RUNOFF_DISCHARGE:q,58.069320239858385,-154.46915010358515,2007-03-05T00:00:00Z,0.042960138180859885
urn:ioos:station:GOA_RUNOFF_DISCHARGE,urn:ioos:sensor:GOA_RUNOFF_DISCHARGE:q,58.069320239858385,-154.46915010358515,2007-03-06T00:00:00Z,0.027890122522900126
urn:ioos:station:GOA_RUNOFF_DISCHARGE,urn:ioos:sensor:GOA_RUNOFF_DISCHARGE:q,58.069320239858385,-154.46915010358515,2007-03-07T00:00:00Z,0.018106528669298672
urn:ioos:station:GOA_RUNOFF_DISCHARGE,urn:ioos:sensor:GOA_RUNOFF_DISCHARGE:q,58.069320239858385,-154.46915010358515,2007-03-08T00:00:00Z,0.011754929883182504
urn:ioos:station:GOA_RUNOFF_DISCHARGE,urn:ioos:sensor:GOA_RUNOFF_DISCHARGE:q,58.069320239858385,-154.46915010358515,2007-03-09T00:00:00Z,0.0076314106142494455
urn:ioos:station:GOA_RUNOFF_DISCHARGE,urn:ioos:sensor:GOA_RUNOFF_DISCHARGE:q,58.069320239858385,-154.46915010358515,2007-03-10T00:00:00Z,0.004954382783391757
urn:ioos:station:GOA_RUNOFF_DISCHARGE,urn:ioos:sensor:GOA_RUNOFF_DISCHARGE:q,58.069320239858385,-154.46915010358515,2007-03-11T00:00:00Z,0.003216431867920025
urn:ioos:station:GOA_RUNOFF_DISCHARGE,urn:ioos:sensor:GOA_RUNOFF_DISCHARGE:q,58.069320239858385,-154.46915010358515,2007-03-12T00:00:00Z,0.002088137661069445
urn:ioos:station:GOA_RUNOFF_DISCHARGE,urn:ioos:sensor:GOA_RUNOFF_DISCHARGE:q,58.069320239858385,-154.46915010358515,2007-03-13T00:00:00Z,0.0013556386015254474
urn:ioos:station:GOA_RUNOFF_DISCHARGE,urn:ioos:sensor:GOA_RUNOFF_DISCHARGE:q,58.069320239858385,-154.46915010358515,2007-03-14T00:00:00Z,8.800934057734294E-4
urn:ioos:station:GOA_RUNOFF_DISCHARGE,urn:ioos:sensor:GOA_RUNOFF_DISCHARGE:q,58.069320239858385,-154.46915010358515,2007-03-15T00:00:00Z,5.713648374942226E-4
urn:ioos:station:GOA_RUNOFF_DISCHARGE,urn:ioos:sensor:GOA_RUNOFF_DISCHARGE:q,58.069320239858385,-154.46915010358515,2007-03-16T00:00:00Z,3.709353944248534E-4
urn:ioos:station:GOA_RUNOFF_DISCHARGE,urn:ioos:sensor:GOA_RUNOFF_DISCHARGE:q,58.069320239858385,-154.46915010358515,2007-03-17T00:00:00Z,2.4081471787852762E-4
urn:ioos:station:GOA_RUNOFF_DISCHARGE,urn:ioos:sensor:GOA_RUNOFF_DISCHARGE:q,58.069320239858385,-154.46915010358515,2007-03-18T00:00:00Z,1.5633918660767736E-4
urn:ioos:station:GOA_RUNOFF_DISCHARGE,urn:ioos:sensor:GOA_RUNOFF_DISCHARGE:q,58.069320239858385,-154.46915010358515,2007-03-19T00:00:00Z,1.0149686805674848E-4
urn:ioos:station:GOA_RUNOFF_DISCHARGE,urn:ioos:sensor:GOA_RUNOFF_DISCHARGE:q,58.069320239858385,-154.46915010358515,2007-03-20T00:00:00Z,1.058190248582377
urn:ioos:station:GOA_RUNOFF_DISCHARGE,urn:ioos:sensor:GOA_RUNOFF_DISCHARGE:q,58.069320239858385,-154.46915010358515,2007-03-21T00:00:00Z,0.7158282690382117
urn:ioos:station:GOA_RUNOFF_DISCHARGE,urn:ioos:sensor:GOA_RUNOFF_DISCHARGE:q,58.069320239858385,-154.46915010358515,2007-03-22T00:00:00Z,0.46634139636530775
urn:ioos:station:GOA_RUNOFF_DISCHARGE,urn:ioos:sensor:GOA_RUNOFF_DISCHARGE:q,58.069320239858385,-154.46915010358515,2007-03-23T00:00:00Z,0.30284408146217345
urn:ioos:station:GOA_RUNOFF_DISCHARGE,urn:ioos:sensor:GOA_RUNOFF_DISCHARGE:q,58.069320239858385,-154.46915010358515,2007-03-24T00:00:00Z,0.19661432129119388
urn:ioos:station:GOA_RUNOFF_DISCHARGE,urn:ioos:sensor:GOA_RUNOFF_DISCHARGE:q,58.069320239858385,-154.46915010358515,2007-03-25T00:00:00Z,0.12764416157028788
urn:ioos:station:GOA_RUNOFF_DISCHARGE,urn:ioos:sensor:GOA_RUNOFF_DISCHARGE:q,58.069320239858385,-154.46915010358515,2007-03-26T00:00:00Z,0.0828677996839046
urn:ioos:station:GOA_RUNOFF_DISCHARGE,urn:ioos:sensor:GOA_RUNOFF_DISCHARGE:q,58.069320239858385,-154.46915010358515,2007-03-27T00:00:00Z,0.053798550927708536
urn:ioos:station:GOA_RUNOFF_DISCHARGE,urn:ioos:sensor:GOA_RUNOFF_DISCHARGE:q,58.069320239858385,-154.46915010358515,2007-03-28T00:00:00Z,0.034926524778099384
urn:ioos:station:GOA_RUNOFF_DISCHARGE,urn:ioos:sensor:GOA_RUNOFF_DISCHARGE:q,58.069320239858385,-154.46915010358515,2007-03-29T00:00:00Z,0.022674626593908384
urn:ioos:station:GOA_RUNOFF_DISCHARGE,urn:ioos:sensor:GOA_RUNOFF_DISCHARGE:q,58.069320239858385,-154.46915010358515,2007-03-30T00:00:00Z,0.014720581770055445
urn:ioos:station:GOA_RUNOFF_DISCHARGE,urn:ioos:sensor:GOA_RUNOFF_DISCHARGE:q,58.069320239858385,-154.46915010358515,2007-03-31T00:00:00Z,1.3101631611658806
urn:ioos:station:GOA_RUNOFF_DISCHARGE,urn:ioos:sensor:GOA_RUNOFF_DISCHARGE:q,58.069320239858385,-154.46915010358515,2007-04-01T00:00:00Z,3.496657166842779
urn:ioos:station:GOA_RUNOFF_DISCHARGE,urn:ioos:sensor:GOA_RUNOFF_DISCHARGE:q,58.069320239858385,-154.46915010358515,2007-04-02T00:00:00Z,2.5659128721850157
urn:ioos:station:GOA_RUNOFF_DISCHARGE,urn:ioos:sensor:GOA_RUNOFF_DISCHARGE:q,58.069320239858385,-154.46915010358515,2007-04-03T00:00:00Z,1.671418031038735
urn:ioos:station:GOA_RUNOFF_DISCHARGE,urn:ioos:sensor:GOA_RUNOFF_DISCHARGE:q,58.069320239858385,-154.46915010358515,2007-04-04T00:00:00Z,1.315274954930301
urn:ioos:station:GOA_RUNOFF_DISCHARGE,urn:ioos:sensor:GOA_RUNOFF_DISCHARGE:q,58.069320239858385,-154.46915010358515,2007-04-05T00:00:00Z,3.116594458490852
urn:ioos:station:GOA_RUNOFF_DISCHARGE,urn:ioos:sensor:GOA_RUNOFF_DISCHARGE:q,58.069320239858385,-154.46915010358515,2007-04-06T00:00:00Z,3.5671527180019247
urn:ioos:station:GOA_RUNOFF_DISCHARGE,urn:ioos:sensor:GOA_RUNOFF_DISCHARGE:q,58.069320239858385,-154.46915010358515,2007-04-07T00:00:00Z,4.489060566201777
urn:ioos:station:GOA_RUNOFF_DISCHARGE,urn:ioos:sensor:GOA_RUNOFF_DISCHARGE:q,58.069320239858385,-154.46915010358515,2007-04-08T00:00:00Z,5.8664863873396795
urn:ioos:station:GOA_RUNOFF_DISCHARGE,urn:ioos:sensor:GOA_RUNOFF_DISCHARGE:q,58.069320239858385,-154.46915010358515,2007-04-09T00:00:00Z,4.660861881935042
urn:ioos:station:GOA_RUNOFF_DISCHARGE,urn:ioos:sensor:GOA_RUNOFF_DISCHARGE:q,58.069320239858385,-154.46915010358515,2007-04-10T00:00:00Z,3.3299484374956765
urn:ioos:station:GOA_RUNOFF_DISCHARGE,urn:ioos:sensor:GOA_RUNOFF_DISCHARGE:q,58.069320239858385,-154.46915010358515,2007-04-11T00:00:00Z,2.3600197756170815
urn:ioos:station:GOA_RUNOFF_DISCHARGE,urn:ioos:sensor:GOA_RUNOFF_DISCHARGE:q,58.069320239858385,-154.46915010358515,2007-04-12T00:00:00Z,1.6707206453390955
urn:ioos:station:GOA_RUNOFF_DISCHARGE,urn:ioos:sensor:GOA_RUNOFF_DISCHARGE:q,58.069320239858385,-154.46915010358515,2007-04-13T00:00:00Z,1.1825594699362552
urn:ioos:station:GOA_RUNOFF_DISCHARGE,urn:ioos:sensor:GOA_RUNOFF_DISCHARGE:q,58.069320239858385,-154.46915010358515,2007-04-14T00:00:00Z,0.8370134727736168
urn:ioos:station:GOA_RUNOFF_DISCHARGE,urn:ioos:sensor:GOA_RUNOFF_DISCHARGE:q,58.069320239858385,-154.46915010358515,2007-04-15T00:00:00Z,0.8399710143532425
urn:ioos:station:GOA_RUNOFF_DISCHARGE,urn:ioos:sensor:GOA_RUNOFF_DISCHARGE:q,58.069320239858385,-154.46915010358515,2007-04-16T00:00:00Z,0.606237546565489
urn:ioos:station:GOA_RUNOFF_DISCHARGE,urn:ioos:sensor:GOA_RUNOFF_DISCHARGE:q,58.069320239858385,-154.46915010358515,2007-04-17T00:00:00Z,1.5477092277592184
urn:ioos:station:GOA_RUNOFF_DISCHARGE,urn:ioos:sensor:GOA_RUNOFF_DISCHARGE:q,58.069320239858385,-154.46915010358515,2007-04-18T00:00:00Z,6.319573706026355
urn:ioos:station:GOA_RUNOFF_DISCHARGE,urn:ioos:sensor:GOA_RUNOFF_DISCHARGE:q,58.069320239858385,-154.46915010358515,2007-04-19T00:00:00Z,5.467870667164067
urn:ioos:station:GOA_RUNOFF_DISCHARGE,urn:ioos:sensor:GOA_RUNOFF_DISCHARGE:q,58.069320239858385,-154.46915010358515,2007-04-20T00:00:00Z,5.898275913931057
urn:ioos:station:GOA_RUNOFF_DISCHARGE,urn:ioos:sensor:GOA_RUNOFF_DISCHARGE:q,58.069320239858385,-154.46915010358515,2007-04-21T00:00:00Z,6.228684392107972
urn:ioos:station:GOA_RUNOFF_DISCHARGE,urn:ioos:sensor:GOA_RUNOFF_DISCHARGE:q,58.069320239858385,-154.46915010358515,2007-04-22T00:00:00Z,6.546381269484666
urn:ioos:station:GOA_RUNOFF_DISCHARGE,urn:ioos:sensor:GOA_RUNOFF_DISCHARGE:q,58.069320239858385,-154.46915010358515,2007-04-23T00:00:00Z,5.967011490389245
urn:ioos:station:GOA_RUNOFF_DISCHARGE,urn:ioos:sensor:GOA_RUNOFF_DISCHARGE:q,58.069320239858385,-154.46915010358515,2007-04-24T00:00:00Z,4.802177141650788
urn:ioos:station:GOA_RUNOFF_DISCHARGE,urn:ioos:sensor:GOA_RUNOFF_DISCHARGE:q,58.069320239858385,-154.46915010358515,2007-04-25T00:00:00Z,4.242001848189926
urn:ioos:station:GOA_RUNOFF_DISCHARGE,urn:ioos:sensor:GOA_RUNOFF_DISCHARGE:q,58.069320239858385,-154.46915010358515,2007-04-26T00:00:00Z,3.0439789916244835
urn:ioos:station:GOA_RUNOFF_DISCHARGE,urn:ioos:sensor:GOA_RUNOFF_DISCHARGE:q,58.069320239858385,-154.46915010358515,2007-04-27T00:00:00Z,2.158659751875497
urn:ioos:station:GOA_RUNOFF_DISCHARGE,urn:ioos:sensor:GOA_RUNOFF_DISCHARGE:q,58.069320239858385,-154.46915010358515,2007-04-28T00:00:00Z,1.5283037240785873
urn:ioos:station:GOA_RUNOFF_DISCHARGE,urn:ioos:sensor:GOA_RUNOFF_DISCHARGE:q,58.069320239858385,-154.46915010358515,2007-04-29T00:00:00Z,1.081767897402702
urn:ioos:station:GOA_RUNOFF_DISCHARGE,urn:ioos:sensor:GOA_RUNOFF_DISCHARGE:q,58.069320239858385,-154.46915010358515,2007-04-30T00:00:00Z,0.7656747045531923
urn:ioos:station:GOA_RUNOFF_DISCHARGE,urn:ioos:sensor:GOA_RUNOFF_DISCHARGE:q,58.069320239858385,-154.46915010358515,2007-05-01T00:00:00Z,0.5419415714113731
urn:ioos:station:GOA_RUNOFF_DISCHARGE,urn:ioos:sensor:GOA_RUNOFF_DISCHARGE:q,58.069320239858385,-154.46915010358515,2007-05-02T00:00:00Z,1.9340144656024856
urn:ioos:station:GOA_RUNOFF_DISCHARGE,urn:ioos:sensor:GOA_RUNOFF_DISCHARGE:q,58.069320239858385,-154.46915010358515,2007-05-03T00:00:00Z,1.4422304629224008
urn:ioos:station:GOA_RUNOFF_DISCHARGE,urn:ioos:sensor:GOA_RUNOFF_DISCHARGE:q,58.069320239858385,-154.46915010358515,2007-05-04T00:00:00Z,1.0281282677964734
urn:ioos:station:GOA_RUNOFF_DISCHARGE,urn:ioos:sensor:GOA_RUNOFF_DISCHARGE:q,58.069320239858385,-154.46915010358515,2007-05-05T00:00:00Z,0.728436071061406
urn:ioos:station:GOA_RUNOFF_DISCHARGE,urn:ioos:sensor:GOA_RUNOFF_DISCHARGE:q,58.069320239858385,-154.46915010358515,2007-05-06T00:00:00Z,0.5156568333837462
urn:ioos:station:GOA_RUNOFF_DISCHARGE,urn:ioos:sensor:GOA_RUNOFF_DISCHARGE:q,58.069320239858385,-154.46915010358515,2007-05-07T00:00:00Z,0.36498688977992355
urn:ioos:station:GOA_RUNOFF_DISCHARGE,urn:ioos:sensor:GOA_RUNOFF_DISCHARGE:q,58.069320239858385,-154.46915010358515,2007-05-08T00:00:00Z,0.25833683665215784
urn:ioos:station:GOA_RUNOFF_DISCHARGE,urn:ioos:sensor:GOA_RUNOFF_DISCHARGE:q,58.069320239858385,-154.46915010358515,2007-05-09T00:00:00Z,0.3423575723717568
urn:ioos:station:GOA_RUNOFF_DISCHARGE,urn:ioos:sensor:GOA_RUNOFF_DISCHARGE:q,58.069320239858385,-154.46915010358515,2007-05-10T00:00:00Z,0.24986477126226722
urn:ioos:station:GOA_RUNOFF_DISCHARGE,urn:ioos:sensor:GOA_RUNOFF_DISCHARGE:q,58.069320239858385,-154.46915010358515,2007-05-11T00:00:00Z,0.17760666358847677
urn:ioos:station:GOA_RUNOFF_DISCHARGE,urn:ioos:sensor:GOA_RUNOFF_DISCHARGE:q,58.069320239858385,-154.46915010358515,2007-05-12T00:00:00Z,0.1257844581489126
urn:ioos:station:GOA_RUNOFF_DISCHARGE,urn:ioos:sensor:GOA_RUNOFF_DISCHARGE:q,58.069320239858385,-154.46915010358515,2007-05-13T00:00:00Z,0.11909407442855942
urn:ioos:station:GOA_RUNOFF_DISCHARGE,urn:ioos:sensor:GOA_RUNOFF_DISCHARGE:q,58.069320239858385,-154.46915010358515,2007-05-14T00:00:00Z,1.6476567938871804
urn:ioos:station:GOA_RUNOFF_DISCHARGE,urn:ioos:sensor:GOA_RUNOFF_DISCHARGE:q,58.069320239858385,-154.46915010358515,2007-05-15T00:00:00Z,1.240234359222741
urn:ioos:station:GOA_RUNOFF_DISCHARGE,urn:ioos:sensor:GOA_RUNOFF_DISCHARGE:q,58.069320239858385,-154.46915010358515,2007-05-16T00:00:00Z,0.9891921493617615
urn:ioos:station:GOA_RUNOFF_DISCHARGE,urn:ioos:sensor:GOA_RUNOFF_DISCHARGE:q,58.069320239858385,-154.46915010358515,2007-05-17T00:00:00Z,0.7058022807021379
urn:ioos:station:GOA_RUNOFF_DISCHARGE,urn:ioos:sensor:GOA_RUNOFF_DISCHARGE:q,58.069320239858385,-154.46915010358515,2007-05-18T00:00:00Z,0.5001285560742433
urn:ioos:station:GOA_RUNOFF_DISCHARGE,urn:ioos:sensor:GOA_RUNOFF_DISCHARGE:q,58.069320239858385,-154.46915010358515,2007-05-19T00:00:00Z,0.3540451962632535
urn:ioos:station:GOA_RUNOFF_DISCHARGE,urn:ioos:sensor:GOA_RUNOFF_DISCHARGE:q,58.069320239858385,-154.46915010358515,2007-05-20T00:00:00Z,0.25059724989444376
urn:ioos:station:GOA_RUNOFF_DISCHARGE,urn:ioos:sensor:GOA_RUNOFF_DISCHARGE:q,58.069320239858385,-154.46915010358515,2007-05-21T00:00:00Z,0.17737217899379748
urn:ioos:station:GOA_RUNOFF_DISCHARGE,urn:ioos:sensor:GOA_RUNOFF_DISCHARGE:q,58.069320239858385,-154.46915010358515,2007-05-22T00:00:00Z,0.6583826842743579
urn:ioos:station:GOA_RUNOFF_DISCHARGE,urn:ioos:sensor:GOA_RUNOFF_DISCHARGE:q,58.069320239858385,-154.46915010358515,2007-05-23T00:00:00Z,1.7957593622269228
urn:ioos:station:GOA_RUNOFF_DISCHARGE,urn:ioos:sensor:GOA_RUNOFF_DISCHARGE:q,58.069320239858385,-154.46915010358515,2007-05-24T00:00:00Z,1.6815655783988546
urn:ioos:station:GOA_RUNOFF_DISCHARGE,urn:ioos:sensor:GOA_RUNOFF_DISCHARGE:q,58.069320239858385,-154.46915010358515,2007-05-25T00:00:00Z,1.436093837126252
urn:ioos:station:GOA_RUNOFF_DISCHARGE,urn:ioos:sensor:GOA_RUNOFF_DISCHARGE:q,58.069320239858385,-154.46915010358515,2007-05-26T00:00:00Z,1.6127654072644693
urn:ioos:station:GOA_RUNOFF_DISCHARGE,urn:ioos:sensor:GOA_RUNOFF_DISCHARGE:q,58.069320239858385,-154.46915010358515,2007-05-27T00:00:00Z,1.1703909380226811
urn:ioos:station:GOA_RUNOFF_DISCHARGE,urn:ioos:sensor:GOA_RUNOFF_DISCHARGE:q,58.069320239858385,-154.46915010358515,2007-05-28T00:00:00Z,0.8312815832734387
urn:ioos:station:GOA_RUNOFF_DISCHARGE,urn:ioos:sensor:GOA_RUNOFF_DISCHARGE:q,58.069320239858385,-154.46915010358515,2007-05-29T00:00:00Z,0.5886654266068304
urn:ioos:station:GOA_RUNOFF_DISCHARGE,urn:ioos:sensor:GOA_RUNOFF_DISCHARGE:q,58.069320239858385,-154.46915010358515,2007-05-30T00:00:00Z,0.416683548362199
urn:ioos:station:GOA_RUNOFF_DISCHARGE,urn:ioos:sensor:GOA_RUNOFF_DISCHARGE:q,58.069320239858385,-154.46915010358515,2007-05-31T00:00:00Z,0.4376938548077901
urn:ioos:station:GOA_RUNOFF_DISCHARGE,urn:ioos:sensor:GOA_RUNOFF_DISCHARGE:q,58.069320239858385,-154.46915010358515,2007-06-01T00:00:00Z,0.7527395877552947
urn:ioos:station:GOA_RUNOFF_DISCHARGE,urn:ioos:sensor:GOA_RUNOFF_DISCHARGE:q,58.069320239858385,-154.46915010358515,2007-06-02T00:00:00Z,0.5540941848813222
urn:ioos:station:GOA_RUNOFF_DISCHARGE,urn:ioos:sensor:GOA_RUNOFF_DISCHARGE:q,58.069320239858385,-154.46915010358515,2007-06-03T00:00:00Z,0.394313267445749
urn:ioos:station:GOA_RUNOFF_DISCHARGE,urn:ioos:sensor:GOA_RUNOFF_DISCHARGE:q,58.069320239858385,-154.46915010358515,2007-06-04T00:00:00Z,0.7660931228172375
urn:ioos:station:GOA_RUNOFF_DISCHARGE,urn:ioos:sensor:GOA_RUNOFF_DISCHARGE:q,58.069320239858385,-154.46915010358515,2007-06-05T00:00:00Z,0.6672232747899068
urn:ioos:station:GOA_RUNOFF_DISCHARGE,urn:ioos:sensor:GOA_RUNOFF_DISCHARGE:q,58.069320239858385,-154.46915010358515,2007-06-06T00:00:00Z,0.47938149595669954
urn:ioos:station:GOA_RUNOFF_DISCHARGE,urn:ioos:sensor:GOA_RUNOFF_DISCHARGE:q,58.069320239858385,-154.46915010358515,2007-06-07T00:00:00Z,0.7015079845301642
urn:ioos:station:GOA_RUNOFF_DISCHARGE,urn:ioos:sensor:GOA_RUNOFF_DISCHARGE:q,58.069320239858385,-154.46915010358515,2007-06-08T00:00:00Z,0.5885409733203073
urn:ioos:station:GOA_RUNOFF_DISCHARGE,urn:ioos:sensor:GOA_RUNOFF_DISCHARGE:q,58.069320239858385,-154.46915010358515,2007-06-09T00:00:00Z,0.42182194960780267
urn:ioos:station:GOA_RUNOFF_DISCHARGE,urn:ioos:sensor:GOA_RUNOFF_DISCHARGE:q,58.069320239858385,-154.46915010358515,2007-06-10T00:00:00Z,0.29908851278313003
urn:ioos:station:GOA_RUNOFF_DISCHARGE,urn:ioos:sensor:GOA_RUNOFF_DISCHARGE:q,58.069320239858385,-154.46915010358515,2007-06-11T00:00:00Z,0.21174590374990437
urn:ioos:station:GOA_RUNOFF_DISCHARGE,urn:ioos:sensor:GOA_RUNOFF_DISCHARGE:q,58.069320239858385,-154.46915010358515,2007-06-12T00:00:00Z,0.14987805036749602
urn:ioos:station:GOA_RUNOFF_DISCHARGE,urn:ioos:sensor:GOA_RUNOFF_DISCHARGE:q,58.069320239858385,-154.46915010358515,2007-06-13T00:00:00Z,0.10608353413718417
urn:ioos:station:GOA_RUNOFF_DISCHARGE,urn:ioos:sensor:GOA_RUNOFF_DISCHARGE:q,58.069320239858385,-154.46915010358515,2007-06-14T00:00:00Z,0.07508551433231406
urn:ioos:station:GOA_RUNOFF_DISCHARGE,urn:ioos:sensor:GOA_RUNOFF_DISCHARGE:q,58.069320239858385,-154.46915010358515,2007-06-15T00:00:00Z,0.05314519995164028
urn:ioos:station:GOA_RUNOFF_DISCHARGE,urn:ioos:sensor:GOA_RUNOFF_DISCHARGE:q,58.069320239858385,-154.46915010358515,2007-06-16T00:00:00Z,0.037615935961747386
urn:ioos:station:GOA_RUNOFF_DISCHARGE,urn:ioos:sensor:GOA_RUNOFF_DISCHARGE:q,58.069320239858385,-154.46915010358515,2007-06-17T00:00:00Z,0.026624392473957627
urn:ioos:station:GOA_RUNOFF_DISCHARGE,urn:ioos:sensor:GOA_RUNOFF_DISCHARGE:q,58.069320239858385,-154.46915010358515,2007-06-18T00:00:00Z,0.01884462726852983
urn:ioos:station:GOA_RUNOFF_DISCHARGE,urn:ioos:sensor:GOA_RUNOFF_DISCHARGE:q,58.069320239858385,-154.46915010358515,2007-06-19T00:00:00Z,0.01333814284785913
urn:ioos:station:GOA_RUNOFF_DISCHARGE,urn:ioos:sensor:GOA_RUNOFF_DISCHARGE:q,58.069320239858385,-154.46915010358515,2007-06-20T00:00:00Z,0.00944067822302346
urn:ioos:station:GOA_RUNOFF_DISCHARGE,urn:ioos:sensor:GOA_RUNOFF_DISCHARGE:q,58.069320239858385,-154.46915010358515,2007-06-21T00:00:00Z,0.006682069910275509
urn:ioos:station:GOA_RUNOFF_DISCHARGE,urn:ioos:sensor:GOA_RUNOFF_DISCHARGE:q,58.069320239858385,-154.46915010358515,2007-06-22T00:00:00Z,0.004729539906148315
urn:ioos:station:GOA_RUNOFF_DISCHARGE,urn:ioos:sensor:GOA_RUNOFF_DISCHARGE:q,58.069320239858385,-154.46915010358515,2007-06-23T00:00:00Z,2.5412029747278395
urn:ioos:station:GOA_RUNOFF_DISCHARGE,urn:ioos:sensor:GOA_RUNOFF_DISCHARGE:q,58.069320239858385,-154.46915010358515,2007-06-24T00:00:00Z,1.9187064482453728
urn:ioos:station:GOA_RUNOFF_DISCHARGE,urn:ioos:sensor:GOA_RUNOFF_DISCHARGE:q,58.069320239858385,-154.46915010358515,2007-06-25T00:00:00Z,1.370040321082807
urn:ioos:station:GOA_RUNOFF_DISCHARGE,urn:ioos:sensor:GOA_RUNOFF_DISCHARGE:q,58.069320239858385,-154.46915010358515,2007-06-26T00:00:00Z,0.9709055412433703
urn:ioos:station:GOA_RUNOFF_DISCHARGE,urn:ioos:sensor:GOA_RUNOFF_DISCHARGE:q,58.069320239858385,-154.46915010358515,2007-06-27T00:00:00Z,0.6873222174486175
urn:ioos:station:GOA_RUNOFF_DISCHARGE,urn:ioos:sensor:GOA_RUNOFF_DISCHARGE:q,58.069320239858385,-154.46915010358515,2007-06-28T00:00:00Z,0.4864955273471648
urn:ioos:station:GOA_RUNOFF_DISCHARGE,urn:ioos:sensor:GOA_RUNOFF_DISCHARGE:q,58.069320239858385,-154.46915010358515,2007-06-29T00:00:00Z,0.34434056973019694
urn:ioos:station:GOA_RUNOFF_DISCHARGE,urn:ioos:sensor:GOA_RUNOFF_DISCHARGE:q,58.069320239858385,-154.46915010358515,2007-06-30T00:00:00Z,0.24372283383668572
urn:ioos:station:GOA_RUNOFF_DISCHARGE,urn:ioos:sensor:GOA_RUNOFF_DISCHARGE:q,58.069320239858385,-154.46915010358515,2007-07-01T00:00:00Z,0.17250595353377046
urn:ioos:station:GOA_RUNOFF_DISCHARGE,urn:ioos:sensor:GOA_RUNOFF_DISCHARGE:q,58.069320239858385,-154.46915010358515,2007-07-02T00:00:00Z,0.12209895199989453
urn:ioos:station:GOA_RUNOFF_DISCHARGE,urn:ioos:sensor:GOA_RUNOFF_DISCHARGE:q,58.069320239858385,-154.46915010358515,2007-07-03T00:00:00Z,0.08642109066066506
urn:ioos:station:GOA_RUNOFF_DISCHARGE,urn:ioos:sensor:GOA_RUNOFF_DISCHARGE:q,58.069320239858385,-154.46915010358515,2007-07-04T00:00:00Z,0.061168473766147424
urn:ioos:station:GOA_RUNOFF_DISCHARGE,urn:ioos:sensor:GOA_RUNOFF_DISCHARGE:q,58.069320239858385,-154.46915010358515,2007-07-05T00:00:00Z,0.04329477083512239
urn:ioos:station:GOA_RUNOFF_DISCHARGE,urn:ioos:sensor:GOA_RUNOFF_DISCHARGE:q,58.069320239858385,-154.46915010358515,2007-07-06T00:00:00Z,0.030643846767717663
urn:ioos:station:GOA_RUNOFF_DISCHARGE,urn:ioos:sensor:GOA_RUNOFF_DISCHARGE:q,58.069320239858385,-154.46915010358515,2007-07-07T00:00:00Z,0.021689578337737814
urn:ioos:station:GOA_RUNOFF_DISCHARGE,urn:ioos:sensor:GOA_RUNOFF_DISCHARGE:q,58.069320239858385,-154.46915010358515,2007-07-08T00:00:00Z,0.015351786910328964
urn:ioos:station:GOA_RUNOFF_DISCHARGE,urn:ioos:sensor:GOA_RUNOFF_DISCHARGE:q,58.069320239858385,-154.46915010358515,2007-07-09T00:00:00Z,0.01086592571284806
urn:ioos:station:GOA_RUNOFF_DISCHARGE,urn:ioos:sensor:GOA_RUNOFF_DISCHARGE:q,58.069320239858385,-154.46915010358515,2007-07-10T00:00:00Z,0.007690855024369662
urn:ioos:station:GOA_RUNOFF_DISCHARGE,urn:ioos:sensor:GOA_RUNOFF_DISCHARGE:q,58.069320239858385,-154.46915010358515,2007-07-11T00:00:00Z,0.020441415310905296
urn:ioos:station:GOA_RUNOFF_DISCHARGE,urn:ioos:sensor:GOA_RUNOFF_DISCHARGE:q,58.069320239858385,-154.46915010358515,2007-07-12T00:00:00Z,0.015177822824070205
urn:ioos:station:GOA_RUNOFF_DISCHARGE,urn:ioos:sensor:GOA_RUNOFF_DISCHARGE:q,58.069320239858385,-154.46915010358515,2007-07-13T00:00:00Z,0.010813642957891799
urn:ioos:station:GOA_RUNOFF_DISCHARGE,urn:ioos:sensor:GOA_RUNOFF_DISCHARGE:q,58.069320239858385,-154.46915010358515,2007-07-14T00:00:00Z,0.0076609231497266825
urn:ioos:station:GOA_RUNOFF_DISCHARGE,urn:ioos:sensor:GOA_RUNOFF_DISCHARGE:q,58.069320239858385,-154.46915010358515,2007-07-15T00:00:00Z,0.005423073954994639
urn:ioos:station:GOA_RUNOFF_DISCHARGE,urn:ioos:sensor:GOA_RUNOFF_DISCHARGE:q,58.069320239858385,-154.46915010358515,2007-07-16T00:00:00Z,0.003838498394977369
urn:ioos:station:GOA_RUNOFF_DISCHARGE,urn:ioos:sensor:GOA_RUNOFF_DISCHARGE:q,58.069320239858385,-154.46915010358515,2007-07-17T00:00:00Z,0.00271687866984819
urn:ioos:station:GOA_RUNOFF_DISCHARGE,urn:ioos:sensor:GOA_RUNOFF_DISCHARGE:q,58.069320239858385,-154.46915010358515,2007-07-18T00:00:00Z,2.2316197675340477
urn:ioos:station:GOA_RUNOFF_DISCHARGE,urn:ioos:sensor:GOA_RUNOFF_DISCHARGE:q,58.069320239858385,-154.46915010358515,2007-07-19T00:00:00Z,1.6850072511564982
urn:ioos:station:GOA_RUNOFF_DISCHARGE,urn:ioos:sensor:GOA_RUNOFF_DISCHARGE:q,58.069320239858385,-154.46915010358515,2007-07-20T00:00:00Z,1.2031734597585366
urn:ioos:station:GOA_RUNOFF_DISCHARGE,urn:ioos:sensor:GOA_RUNOFF_DISCHARGE:q,58.069320239858385,-154.46915010358515,2007-07-21T00:00:00Z,0.8526526200696074
urn:ioos:station:GOA_RUNOFF_DISCHARGE,urn:ioos:sensor:GOA_RUNOFF_DISCHARGE:q,58.069320239858385,-154.46915010358515,2007-07-22T00:00:00Z,0.6036087668918054
urn:ioos:station:GOA_RUNOFF_DISCHARGE,urn:ioos:sensor:GOA_RUNOFF_DISCHARGE:q,58.069320239858385,-154.46915010358515,2007-07-23T00:00:00Z,0.4272420809940926
urn:ioos:station:GOA_RUNOFF_DISCHARGE,urn:ioos:sensor:GOA_RUNOFF_DISCHARGE:q,58.069320239858385,-154.46915010358515,2007-07-24T00:00:00Z,1.2649355738924852
urn:ioos:station:GOA_RUNOFF_DISCHARGE,urn:ioos:sensor:GOA_RUNOFF_DISCHARGE:q,58.069320239858385,-154.46915010358515,2007-07-25T00:00:00Z,4.5643045496270584
urn:ioos:station:GOA_RUNOFF_DISCHARGE,urn:ioos:sensor:GOA_RUNOFF_DISCHARGE:q,58.069320239858385,-154.46915010358515,2007-07-26T00:00:00Z,3.556590238648471
urn:ioos:station:GOA_RUNOFF_DISCHARGE,urn:ioos:sensor:GOA_RUNOFF_DISCHARGE:q,58.069320239858385,-154.46915010358515,2007-07-27T00:00:00Z,2.542007316581753
urn:ioos:station:GOA_RUNOFF_DISCHARGE,urn:ioos:sensor:GOA_RUNOFF_DISCHARGE:q,58.069320239858385,-154.46915010358515,2007-07-28T00:00:00Z,1.8016848384196154
urn:ioos:station:GOA_RUNOFF_DISCHARGE,urn:ioos:sensor:GOA_RUNOFF_DISCHARGE:q,58.069320239858385,-154.46915010358515,2007-07-29T00:00:00Z,1.2754704261950192
urn:ioos:station:GOA_RUNOFF_DISCHARGE,urn:ioos:sensor:GOA_RUNOFF_DISCHARGE:q,58.069320239858385,-154.46915010358515,2007-07-30T00:00:00Z,0.9027969015049774
urn:ioos:station:GOA_RUNOFF_DISCHARGE,urn:ioos:sensor:GOA_RUNOFF_DISCHARGE:q,58.069320239858385,-154.46915010358515,2007-07-31T00:00:00Z,0.6389980982179944
urn:ioos:station:GOA_RUNOFF_DISCHARGE,urn:ioos:sensor:GOA_RUNOFF_DISCHARGE:q,58.069320239858385,-154.46915010358515,2007-08-01T00:00:00Z,0.45228021412766956
urn:ioos:station:GOA_RUNOFF_DISCHARGE,urn:ioos:sensor:GOA_RUNOFF_DISCHARGE:q,58.069320239858385,-154.46915010358515,2007-08-02T00:00:00Z,1.3356505627703628
urn:ioos:station:GOA_RUNOFF_DISCHARGE,urn:ioos:sensor:GOA_RUNOFF_DISCHARGE:q,58.069320239858385,-154.46915010358515,2007-08-03T00:00:00Z,0.9934075111025366
urn:ioos:station:GOA_RUNOFF_DISCHARGE,urn:ioos:sensor:GOA_RUNOFF_DISCHARGE:q,58.069320239858385,-154.46915010358515,2007-08-04T00:00:00Z,1.1629200572245055
urn:ioos:station:GOA_RUNOFF_DISCHARGE,urn:ioos:sensor:GOA_RUNOFF_DISCHARGE:q,58.069320239858385,-154.46915010358515,2007-08-05T00:00:00Z,0.8451124085293624
urn:ioos:station:GOA_RUNOFF_DISCHARGE,urn:ioos:sensor:GOA_RUNOFF_DISCHARGE:q,58.069320239858385,-154.46915010358515,2007-08-06T00:00:00Z,0.6003639039826169
urn:ioos:station:GOA_RUNOFF_DISCHARGE,urn:ioos:sensor:GOA_RUNOFF_DISCHARGE:q,58.069320239858385,-154.46915010358515,2007-08-07T00:00:00Z,0.425154363956929
urn:ioos:station:GOA_RUNOFF_DISCHARGE,urn:ioos:sensor:GOA_RUNOFF_DISCHARGE:q,58.069320239858385,-154.46915010358515,2007-08-08T00:00:00Z,0.3009442612606088
urn:ioos:station:GOA_RUNOFF_DISCHARGE,urn:ioos:sensor:GOA_RUNOFF_DISCHARGE:q,58.069320239858385,-154.46915010358515,2007-08-09T00:00:00Z,0.21300918354254508
urn:ioos:station:GOA_RUNOFF_DISCHARGE,urn:ioos:sensor:GOA_RUNOFF_DISCHARGE:q,58.069320239858385,-154.46915010358515,2007-08-10T00:00:00Z,0.15076718095625544
urn:ioos:station:GOA_RUNOFF_DISCHARGE,urn:ioos:sensor:GOA_RUNOFF_DISCHARGE:q,58.069320239858385,-154.46915010358515,2007-08-11T00:00:00Z,0.1067123537720565
urn:ioos:station:GOA_RUNOFF_DISCHARGE,urn:ioos:sensor:GOA_RUNOFF_DISCHARGE:q,58.069320239858385,-154.46915010358515,2007-08-12T00:00:00Z,0.07553054007754242
urn:ioos:station:GOA_RUNOFF_DISCHARGE,urn:ioos:sensor:GOA_RUNOFF_DISCHARGE:q,58.069320239858385,-154.46915010358515,2007-08-13T00:00:00Z,0.05346018122146897
urn:ioos:station:GOA_RUNOFF_DISCHARGE,urn:ioos:sensor:GOA_RUNOFF_DISCHARGE:q,58.069320239858385,-154.46915010358515,2007-08-14T00:00:00Z,0.037838880507032185
urn:ioos:station:GOA_RUNOFF_DISCHARGE,urn:ioos:sensor:GOA_RUNOFF_DISCHARGE:q,58.069320239858385,-154.46915010358515,2007-08-15T00:00:00Z,0.02678219350207799
urn:ioos:station:GOA_RUNOFF_DISCHARGE,urn:ioos:sensor:GOA_RUNOFF_DISCHARGE:q,58.069320239858385,-154.46915010358515,2007-08-16T00:00:00Z,0.018956315377507537
urn:ioos:station:GOA_RUNOFF_DISCHARGE,urn:ioos:sensor:GOA_RUNOFF_DISCHARGE:q,58.069320239858385,-154.46915010358515,2007-08-17T00:00:00Z,0.013417197530730245
urn:ioos:station:GOA_RUNOFF_DISCHARGE,urn:ioos:sensor:GOA_RUNOFF_DISCHARGE:q,58.069320239858385,-154.46915010358515,2007-08-18T00:00:00Z,3.6291159833780444
urn:ioos:station:GOA_RUNOFF_DISCHARGE,urn:ioos:sensor:GOA_RUNOFF_DISCHARGE:q,58.069320239858385,-154.46915010358515,2007-08-19T00:00:00Z,3.943223712168139
urn:ioos:station:GOA_RUNOFF_DISCHARGE,urn:ioos:sensor:GOA_RUNOFF_DISCHARGE:q,58.069320239858385,-154.46915010358515,2007-08-20T00:00:00Z,3.001821164380401
urn:ioos:station:GOA_RUNOFF_DISCHARGE,urn:ioos:sensor:GOA_RUNOFF_DISCHARGE:q,58.069320239858385,-154.46915010358515,2007-08-21T00:00:00Z,2.1385389706908216
urn:ioos:station:GOA_RUNOFF_DISCHARGE,urn:ioos:sensor:GOA_RUNOFF_DISCHARGE:q,58.069320239858385,-154.46915010358515,2007-08-22T00:00:00Z,1.5150327412759397
urn:ioos:station:GOA_RUNOFF_DISCHARGE,urn:ioos:sensor:GOA_RUNOFF_DISCHARGE:q,58.069320239858385,-154.46915010358515,2007-08-23T00:00:00Z,1.074633014166662
urn:ioos:station:GOA_RUNOFF_DISCHARGE,urn:ioos:sensor:GOA_RUNOFF_DISCHARGE:q,58.069320239858385,-154.46915010358515,2007-08-24T00:00:00Z,0.7607365007587161
urn:ioos:station:GOA_RUNOFF_DISCHARGE,urn:ioos:sensor:GOA_RUNOFF_DISCHARGE:q,58.069320239858385,-154.46915010358515,2007-08-25T00:00:00Z,0.5384575042863066
urn:ioos:station:GOA_RUNOFF_DISCHARGE,urn:ioos:sensor:GOA_RUNOFF_DISCHARGE:q,58.069320239858385,-154.46915010358515,2007-08-26T00:00:00Z,0.38111898259874927
urn:ioos:station:GOA_RUNOFF_DISCHARGE,urn:ioos:sensor:GOA_RUNOFF_DISCHARGE:q,58.069320239858385,-154.46915010358515,2007-08-27T00:00:00Z,0.2697544390102627
urn:ioos:station:GOA_RUNOFF_DISCHARGE,urn:ioos:sensor:GOA_RUNOFF_DISCHARGE:q,58.069320239858385,-154.46915010358515,2007-08-28T00:00:00Z,0.21410528678777646
urn:ioos:station:GOA_RUNOFF_DISCHARGE,urn:ioos:sensor:GOA_RUNOFF_DISCHARGE:q,58.069320239858385,-154.46915010358515,2007-08-29T00:00:00Z,0.1526390287687641
urn:ioos:station:GOA_RUNOFF_DISCHARGE,urn:ioos:sensor:GOA_RUNOFF_DISCHARGE:q,58.069320239858385,-154.46915010358515,2007-08-30T00:00:00Z,0.10814670749964697
urn:ioos:station:GOA_RUNOFF_DISCHARGE,urn:ioos:sensor:GOA_RUNOFF_DISCHARGE:q,58.069320239858385,-154.46915010358515,2007-08-31T00:00:00Z,0.07655668768312404
urn:ioos:station:GOA_RUNOFF_DISCHARGE,urn:ioos:sensor:GOA_RUNOFF_DISCHARGE:q,58.069320239858385,-154.46915010358515,2007-09-01T00:00:00Z,0.22018091929115116
urn:ioos:station:GOA_RUNOFF_DISCHARGE,urn:ioos:sensor:GOA_RUNOFF_DISCHARGE:q,58.069320239858385,-154.46915010358515,2007-09-02T00:00:00Z,0.15584578937022617
urn:ioos:station:GOA_RUNOFF_DISCHARGE,urn:ioos:sensor:GOA_RUNOFF_DISCHARGE:q,58.069320239858385,-154.46915010358515,2007-09-03T00:00:00Z,0.11030724154959128
urn:ioos:station:GOA_RUNOFF_DISCHARGE,urn:ioos:sensor:GOA_RUNOFF_DISCHARGE:q,58.069320239858385,-154.46915010358515,2007-09-04T00:00:00Z,3.0537597569943
urn:ioos:station:GOA_RUNOFF_DISCHARGE,urn:ioos:sensor:GOA_RUNOFF_DISCHARGE:q,58.069320239858385,-154.46915010358515,2007-09-05T00:00:00Z,3.879679916364653
urn:ioos:station:GOA_RUNOFF_DISCHARGE,urn:ioos:sensor:GOA_RUNOFF_DISCHARGE:q,58.069320239858385,-154.46915010358515,2007-09-06T00:00:00Z,2.8346998710729006
urn:ioos:station:GOA_RUNOFF_DISCHARGE,urn:ioos:sensor:GOA_RUNOFF_DISCHARGE:q,58.069320239858385,-154.46915010358515,2007-09-07T00:00:00Z,2.015243389158629
urn:ioos:station:GOA_RUNOFF_DISCHARGE,urn:ioos:sensor:GOA_RUNOFF_DISCHARGE:q,58.069320239858385,-154.46915010358515,2007-09-08T00:00:00Z,1.427264626324534
urn:ioos:station:GOA_RUNOFF_DISCHARGE,urn:ioos:sensor:GOA_RUNOFF_DISCHARGE:q,58.069320239858385,-154.46915010358515,2007-09-09T00:00:00Z,5.929024032260155
urn:ioos:station:GOA_RUNOFF_DISCHARGE,urn:ioos:sensor:GOA_RUNOFF_DISCHARGE:q,58.069320239858385,-154.46915010358515,2007-09-10T00:00:00Z,4.9661223765616285
urn:ioos:station:GOA_RUNOFF_DISCHARGE,urn:ioos:sensor:GOA_RUNOFF_DISCHARGE:q,58.069320239858385,-154.46915010358515,2007-09-11T00:00:00Z,3.5636338210590917
urn:ioos:station:GOA_RUNOFF_DISCHARGE,urn:ioos:sensor:GOA_RUNOFF_DISCHARGE:q,58.069320239858385,-154.46915010358515,2007-09-12T00:00:00Z,2.994282136856624
urn:ioos:station:GOA_RUNOFF_DISCHARGE,urn:ioos:sensor:GOA_RUNOFF_DISCHARGE:q,58.069320239858385,-154.46915010358515,2007-09-13T00:00:00Z,3.217425564018697
urn:ioos:station:GOA_RUNOFF_DISCHARGE,urn:ioos:sensor:GOA_RUNOFF_DISCHARGE:q,58.069320239858385,-154.46915010358515,2007-09-14T00:00:00Z,2.4389699937019076
urn:ioos:station:GOA_RUNOFF_DISCHARGE,urn:ioos:sensor:GOA_RUNOFF_DISCHARGE:q,58.069320239858385,-154.46915010358515,2007-09-15T00:00:00Z,1.7367331154783172
urn:ioos:station:GOA_RUNOFF_DISCHARGE,urn:ioos:sensor:GOA_RUNOFF_DISCHARGE:q,58.069320239858385,-154.46915010358515,2007-09-16T00:00:00Z,1.2302946725314443
urn:ioos:station:GOA_RUNOFF_DISCHARGE,urn:ioos:sensor:GOA_RUNOFF_DISCHARGE:q,58.069320239858385,-154.46915010358515,2007-09-17T00:00:00Z,0.8709012081036379
urn:ioos:station:GOA_RUNOFF_DISCHARGE,urn:ioos:sensor:GOA_RUNOFF_DISCHARGE:q,58.069320239858385,-154.46915010358515,2007-09-18T00:00:00Z,0.6164304154448551
urn:ioos:station:GOA_RUNOFF_DISCHARGE,urn:ioos:sensor:GOA_RUNOFF_DISCHARGE:q,58.069320239858385,-154.46915010358515,2007-09-19T00:00:00Z,2.868945574048407
urn:ioos:station:GOA_RUNOFF_DISCHARGE,urn:ioos:sensor:GOA_RUNOFF_DISCHARGE:q,58.069320239858385,-154.46915010358515,2007-09-20T00:00:00Z,2.833399031646748
urn:ioos:station:GOA_RUNOFF_DISCHARGE,urn:ioos:sensor:GOA_RUNOFF_DISCHARGE:q,58.069320239858385,-154.46915010358515,2007-09-21T00:00:00Z,2.0494901445932188
urn:ioos:station:GOA_RUNOFF_DISCHARGE,urn:ioos:sensor:GOA_RUNOFF_DISCHARGE:q,58.069320239858385,-154.46915010358515,2007-09-22T00:00:00Z,1.455015998973177
urn:ioos:station:GOA_RUNOFF_DISCHARGE,urn:ioos:sensor:GOA_RUNOFF_DISCHARGE:q,58.069320239858385,-154.46915010358515,2007-09-23T00:00:00Z,1.0302929130147094
urn:ioos:station:GOA_RUNOFF_DISCHARGE,urn:ioos:sensor:GOA_RUNOFF_DISCHARGE:q,58.069320239858385,-154.46915010358515,2007-09-24T00:00:00Z,1.7556019965841834
urn:ioos:station:GOA_RUNOFF_DISCHARGE,urn:ioos:sensor:GOA_RUNOFF_DISCHARGE:q,58.069320239858385,-154.46915010358515,2007-09-25T00:00:00Z,1.2911620648877569
urn:ioos:station:GOA_RUNOFF_DISCHARGE,urn:ioos:sensor:GOA_RUNOFF_DISCHARGE:q,58.069320239858385,-154.46915010358515,2007-09-26T00:00:00Z,1.5525843497874283
urn:ioos:station:GOA_RUNOFF_DISCHARGE,urn:ioos:sensor:GOA_RUNOFF_DISCHARGE:q,58.069320239858385,-154.46915010358515,2007-09-27T00:00:00Z,1.9747323972641202
urn:ioos:station:GOA_RUNOFF_DISCHARGE,urn:ioos:sensor:GOA_RUNOFF_DISCHARGE:q,58.069320239858385,-154.46915010358515,2007-09-28T00:00:00Z,1.4407389968449034
urn:ioos:station:GOA_RUNOFF_DISCHARGE,urn:ioos:sensor:GOA_RUNOFF_DISCHARGE:q,58.069320239858385,-154.46915010358515,2007-09-29T00:00:00Z,3.0255212273477765
urn:ioos:station:GOA_RUNOFF_DISCHARGE,urn:ioos:sensor:GOA_RUNOFF_DISCHARGE:q,58.069320239858385,-154.46915010358515,2007-09-30T00:00:00Z,2.2365600104679966
urn:ioos:station:GOA_RUNOFF_DISCHARGE,urn:ioos:sensor:GOA_RUNOFF_DISCHARGE:q,58.069320239858385,-154.46915010358515,2007-10-01T00:00:00Z,2.0072723271814255
urn:ioos:station:GOA_RUNOFF_DISCHARGE,urn:ioos:sensor:GOA_RUNOFF_DISCHARGE:q,58.069320239858385,-154.46915010358515,2007-10-02T00:00:00Z,1.4893340585106158
urn:ioos:station:GOA_RUNOFF_DISCHARGE,urn:ioos:sensor:GOA_RUNOFF_DISCHARGE:q,58.069320239858385,-154.46915010358515,2007-10-03T00:00:00Z,1.0584699395835908
urn:ioos:station:GOA_RUNOFF_DISCHARGE,urn:ioos:sensor:GOA_RUNOFF_DISCHARGE:q,58.069320239858385,-154.46915010358515,2007-10-04T00:00:00Z,0.749612337148592
urn:ioos:station:GOA_RUNOFF_DISCHARGE,urn:ioos:sensor:GOA_RUNOFF_DISCHARGE:q,58.069320239858385,-154.46915010358515,2007-10-05T00:00:00Z,1.9733469664391998
urn:ioos:station:GOA_RUNOFF_DISCHARGE,urn:ioos:sensor:GOA_RUNOFF_DISCHARGE:q,58.069320239858385,-154.46915010358515,2007-10-06T00:00:00Z,2.9722391707148774
urn:ioos:station:GOA_RUNOFF_DISCHARGE,urn:ioos:sensor:GOA_RUNOFF_DISCHARGE:q,58.069320239858385,-154.46915010358515,2007-10-07T00:00:00Z,2.1818546344832015
urn:ioos:station:GOA_RUNOFF_DISCHARGE,urn:ioos:sensor:GOA_RUNOFF_DISCHARGE:q,58.069320239858385,-154.46915010358515,2007-10-08T00:00:00Z,1.5521078489377595
urn:ioos:station:GOA_RUNOFF_DISCHARGE,urn:ioos:sensor:GOA_RUNOFF_DISCHARGE:q,58.069320239858385,-154.46915010358515,2007-10-09T00:00:00Z,1.0993538966655132
urn:ioos:station:GOA_RUNOFF_DISCHARGE,urn:ioos:sensor:GOA_RUNOFF_DISCHARGE:q,58.069320239858385,-154.46915010358515,2007-10-10T00:00:00Z,0.7781956129233755
urn:ioos:station:GOA_RUNOFF_DISCHARGE,urn:ioos:sensor:GOA_RUNOFF_DISCHARGE:q,58.069320239858385,-154.46915010358515,2007-10-11T00:00:00Z,0.5508111374410413
urn:ioos:station:GOA_RUNOFF_DISCHARGE,urn:ioos:sensor:GOA_RUNOFF_DISCHARGE:q,58.069320239858385,-154.46915010358515,2007-10-12T00:00:00Z,0.389862483763924
urn:ioos:station:GOA_RUNOFF_DISCHARGE,urn:ioos:sensor:GOA_RUNOFF_DISCHARGE:q,58.069320239858385,-154.46915010358515,2007-10-13T00:00:00Z,0.37319176212020694
urn:ioos:station:GOA_RUNOFF_DISCHARGE,urn:ioos:sensor:GOA_RUNOFF_DISCHARGE:q,58.069320239858385,-154.46915010358515,2007-10-14T00:00:00Z,0.29909686667709856
urn:ioos:station:GOA_RUNOFF_DISCHARGE,urn:ioos:sensor:GOA_RUNOFF_DISCHARGE:q,58.069320239858385,-154.46915010358515,2007-10-15T00:00:00Z,0.21359469613063378
urn:ioos:station:GOA_RUNOFF_DISCHARGE,urn:ioos:sensor:GOA_RUNOFF_DISCHARGE:q,58.069320239858385,-154.46915010358515,2007-10-16T00:00:00Z,0.15137061823809547
urn:ioos:station:GOA_RUNOFF_DISCHARGE,urn:ioos:sensor:GOA_RUNOFF_DISCHARGE:q,58.069320239858385,-154.46915010358515,2007-10-17T00:00:00Z,0.45011385866342435
urn:ioos:station:GOA_RUNOFF_DISCHARGE,urn:ioos:sensor:GOA_RUNOFF_DISCHARGE:q,58.069320239858385,-154.46915010358515,2007-10-18T00:00:00Z,0.3017901094695943
urn:ioos:station:GOA_RUNOFF_DISCHARGE,urn:ioos:sensor:GOA_RUNOFF_DISCHARGE:q,58.069320239858385,-154.46915010358515,2007-10-19T00:00:00Z,0.19646227384309758
urn:ioos:station:GOA_RUNOFF_DISCHARGE,urn:ioos:sensor:GOA_RUNOFF_DISCHARGE:q,58.069320239858385,-154.46915010358515,2007-10-20T00:00:00Z,1.0738359079689415
urn:ioos:station:GOA_RUNOFF_DISCHARGE,urn:ioos:sensor:GOA_RUNOFF_DISCHARGE:q,58.069320239858385,-154.46915010358515,2007-10-21T00:00:00Z,0.9996705635459885
urn:ioos:station:GOA_RUNOFF_DISCHARGE,urn:ioos:sensor:GOA_RUNOFF_DISCHARGE:q,58.069320239858385,-154.46915010358515,2007-10-22T00:00:00Z,4.5152373285053935
urn:ioos:station:GOA_RUNOFF_DISCHARGE,urn:ioos:sensor:GOA_RUNOFF_DISCHARGE:q,58.069320239858385,-154.46915010358515,2007-10-23T00:00:00Z,4.004340274212268
urn:ioos:station:GOA_RUNOFF_DISCHARGE,urn:ioos:sensor:GOA_RUNOFF_DISCHARGE:q,58.069320239858385,-154.46915010358515,2007-10-24T00:00:00Z,2.9209457355186412
urn:ioos:station:GOA_RUNOFF_DISCHARGE,urn:ioos:sensor:GOA_RUNOFF_DISCHARGE:q,58.069320239858385,-154.46915010358515,2007-10-25T00:00:00Z,2.433303290886161
urn:ioos:station:GOA_RUNOFF_DISCHARGE,urn:ioos:sensor:GOA_RUNOFF_DISCHARGE:q,58.069320239858385,-154.46915010358515,2007-10-26T00:00:00Z,5.633689805471561
urn:ioos:station:GOA_RUNOFF_DISCHARGE,urn:ioos:sensor:GOA_RUNOFF_DISCHARGE:q,58.069320239858385,-154.46915010358515,2007-10-27T00:00:00Z,4.423872303081653
urn:ioos:station:GOA_RUNOFF_DISCHARGE,urn:ioos:sensor:GOA_RUNOFF_DISCHARGE:q,58.069320239858385,-154.46915010358515,2007-10-28T00:00:00Z,3.389220301882695
urn:ioos:station:GOA_RUNOFF_DISCHARGE,urn:ioos:sensor:GOA_RUNOFF_DISCHARGE:q,58.069320239858385,-154.46915010358515,2007-10-29T00:00:00Z,2.9106455815915377
urn:ioos:station:GOA_RUNOFF_DISCHARGE,urn:ioos:sensor:GOA_RUNOFF_DISCHARGE:q,58.069320239858385,-154.46915010358515,2007-10-30T00:00:00Z,5.174067768340725
urn:ioos:station:GOA_RUNOFF_DISCHARGE,urn:ioos:sensor:GOA_RUNOFF_DISCHARGE:q,58.069320239858385,-154.46915010358515,2007-10-31T00:00:00Z,11.487895047775822
urn:ioos:station:GOA_RUNOFF_DISCHARGE,urn:ioos:sensor:GOA_RUNOFF_DISCHARGE:q,58.069320239858385,-154.46915010358515,2007-11-01T00:00:00Z,9.167916341072848
urn:ioos:station:GOA_RUNOFF_DISCHARGE,urn:ioos:sensor:GOA_RUNOFF_DISCHARGE:q,58.069320239858385,-154.46915010358515,2007-11-02T00:00:00Z,8.534754852033755
urn:ioos:station:GOA_RUNOFF_DISCHARGE,urn:ioos:sensor:GOA_RUNOFF_DISCHARGE:q,58.069320239858385,-154.46915010358515,2007-11-03T00:00:00Z,6.2671470355128776
urn:ioos:station:GOA_RUNOFF_DISCHARGE,urn:ioos:sensor:GOA_RUNOFF_DISCHARGE:q,58.069320239858385,-154.46915010358515,2007-11-04T00:00:00Z,4.451839298284854
urn:ioos:station:GOA_RUNOFF_DISCHARGE,urn:ioos:sensor:GOA_RUNOFF_DISCHARGE:q,58.069320239858385,-154.46915010358515,2007-11-05T00:00:00Z,5.865428665961619
urn:ioos:station:GOA_RUNOFF_DISCHARGE,urn:ioos:sensor:GOA_RUNOFF_DISCHARGE:q,58.069320239858385,-154.46915010358515,2007-11-06T00:00:00Z,3.9496852847060553
urn:ioos:station:GOA_RUNOFF_DISCHARGE,urn:ioos:sensor:GOA_RUNOFF_DISCHARGE:q,58.069320239858385,-154.46915010358515,2007-11-07T00:00:00Z,5.328434046910846
urn:ioos:station:GOA_RUNOFF_DISCHARGE,urn:ioos:sensor:GOA_RUNOFF_DISCHARGE:q,58.069320239858385,-154.46915010358515,2007-11-08T00:00:00Z,5.260901431184125
urn:ioos:station:GOA_RUNOFF_DISCHARGE,urn:ioos:sensor:GOA_RUNOFF_DISCHARGE:q,58.069320239858385,-154.46915010358515,2007-11-09T00:00:00Z,5.826310340548223
urn:ioos:station:GOA_RUNOFF_DISCHARGE,urn:ioos:sensor:GOA_RUNOFF_DISCHARGE:q,58.069320239858385,-154.46915010358515,2007-11-10T00:00:00Z,5.122233632290779
urn:ioos:station:GOA_RUNOFF_DISCHARGE,urn:ioos:sensor:GOA_RUNOFF_DISCHARGE:q,58.069320239858385,-154.46915010358515,2007-11-11T00:00:00Z,3.559768401963297
urn:ioos:station:GOA_RUNOFF_DISCHARGE,urn:ioos:sensor:GOA_RUNOFF_DISCHARGE:q,58.069320239858385,-154.46915010358515,2007-11-12T00:00:00Z,2.4035871086876
urn:ioos:station:GOA_RUNOFF_DISCHARGE,urn:ioos:sensor:GOA_RUNOFF_DISCHARGE:q,58.069320239858385,-154.46915010358515,2007-11-13T00:00:00Z,1.8335552728029711
urn:ioos:station:GOA_RUNOFF_DISCHARGE,urn:ioos:sensor:GOA_RUNOFF_DISCHARGE:q,58.069320239858385,-154.46915010358515,2007-11-14T00:00:00Z,2.268264024758909
urn:ioos:station:GOA_RUNOFF_DISCHARGE,urn:ioos:sensor:GOA_RUNOFF_DISCHARGE:q,58.069320239858385,-154.46915010358515,2007-11-15T00:00:00Z,1.5076781572063966
urn:ioos:station:GOA_RUNOFF_DISCHARGE,urn:ioos:sensor:GOA_RUNOFF_DISCHARGE:q,58.069320239858385,-154.46915010358515,2007-11-16T00:00:00Z,0.9807689904298676
urn:ioos:station:GOA_RUNOFF_DISCHARGE,urn:ioos:sensor:GOA_RUNOFF_DISCHARGE:q,58.069320239858385,-154.46915010358515,2007-11-17T00:00:00Z,0.6368350316883824
urn:ioos:station:GOA_RUNOFF_DISCHARGE,urn:ioos:sensor:GOA_RUNOFF_DISCHARGE:q,58.069320239858385,-154.46915010358515,2007-11-18T00:00:00Z,0.4134454935477014
urn:ioos:station:GOA_RUNOFF_DISCHARGE,urn:ioos:sensor:GOA_RUNOFF_DISCHARGE:q,58.069320239858385,-154.46915010358515,2007-11-19T00:00:00Z,0.26841304702008173
urn:ioos:station:GOA_RUNOFF_DISCHARGE,urn:ioos:sensor:GOA_RUNOFF_DISCHARGE:q,58.069320239858385,-154.46915010358515,2007-11-20T00:00:00Z,0.5123990778507952
urn:ioos:station:GOA_RUNOFF_DISCHARGE,urn:ioos:sensor:GOA_RUNOFF_DISCHARGE:q,58.069320239858385,-154.46915010358515,2007-11-21T00:00:00Z,5.558305844988287
urn:ioos:station:GOA_RUNOFF_DISCHARGE,urn:ioos:sensor:GOA_RUNOFF_DISCHARGE:q,58.069320239858385,-154.46915010358515,2007-11-22T00:00:00Z,6.003169774632693
urn:ioos:station:GOA_RUNOFF_DISCHARGE,urn:ioos:sensor:GOA_RUNOFF_DISCHARGE:q,58.069320239858385,-154.46915010358515,2007-11-23T00:00:00Z,11.009891286537002
urn:ioos:station:GOA_RUNOFF_DISCHARGE,urn:ioos:sensor:GOA_RUNOFF_DISCHARGE:q,58.069320239858385,-154.46915010358515,2007-11-24T00:00:00Z,8.502380684421967
urn:ioos:station:GOA_RUNOFF_DISCHARGE,urn:ioos:sensor:GOA_RUNOFF_DISCHARGE:q,58.069320239858385,-154.46915010358515,2007-11-25T00:00:00Z,6.5383352197978235
urn:ioos:station:GOA_RUNOFF_DISCHARGE,urn:ioos:sensor:GOA_RUNOFF_DISCHARGE:q,58.069320239858385,-154.46915010358515,2007-11-26T00:00:00Z,9.95855517773037
urn:ioos:station:GOA_RUNOFF_DISCHARGE,urn:ioos:sensor:GOA_RUNOFF_DISCHARGE:q,58.069320239858385,-154.46915010358515,2007-11-27T00:00:00Z,9.3014828707926
urn:ioos:station:GOA_RUNOFF_DISCHARGE,urn:ioos:sensor:GOA_RUNOFF_DISCHARGE:q,58.069320239858385,-154.46915010358515,2007-11-28T00:00:00Z,7.50626920860003
urn:ioos:station:GOA_RUNOFF_DISCHARGE,urn:ioos:sensor:GOA_RUNOFF_DISCHARGE:q,58.069320239858385,-154.46915010358515,2007-11-29T00:00:00Z,5.223870658361162
urn:ioos:station:GOA_RUNOFF_DISCHARGE,urn:ioos:sensor:GOA_RUNOFF_DISCHARGE:q,58.069320239858385,-154.46915010358515,2007-11-30T00:00:00Z,3.8583544642025016
urn:ioos:station:GOA_RUNOFF_DISCHARGE,urn:ioos:sensor:GOA_RUNOFF_DISCHARGE:q,58.069320239858385,-154.46915010358515,2007-12-01T00:00:00Z,3.670564979429963
urn:ioos:station:GOA_RUNOFF_DISCHARGE,urn:ioos:sensor:GOA_RUNOFF_DISCHARGE:q,58.069320239858385,-154.46915010358515,2007-12-02T00:00:00Z,2.7625259107917026
urn:ioos:station:GOA_RUNOFF_DISCHARGE,urn:ioos:sensor:GOA_RUNOFF_DISCHARGE:q,58.069320239858385,-154.46915010358515,2007-12-03T00:00:00Z,1.9660040909769512
urn:ioos:station:GOA_RUNOFF_DISCHARGE,urn:ioos:sensor:GOA_RUNOFF_DISCHARGE:q,58.069320239858385,-154.46915010358515,2007-12-04T00:00:00Z,1.2834810869452078
urn:ioos:station:GOA_RUNOFF_DISCHARGE,urn:ioos:sensor:GOA_RUNOFF_DISCHARGE:q,58.069320239858385,-154.46915010358515,2007-12-05T00:00:00Z,0.8332281721254886
urn:ioos:station:GOA_RUNOFF_DISCHARGE,urn:ioos:sensor:GOA_RUNOFF_DISCHARGE:q,58.069320239858385,-154.46915010358515,2007-12-06T00:00:00Z,0.5409384463482244
urn:ioos:station:GOA_RUNOFF_DISCHARGE,urn:ioos:sensor:GOA_RUNOFF_DISCHARGE:q,58.069320239858385,-154.46915010358515,2007-12-07T00:00:00Z,5.889756783886564
urn:ioos:station:GOA_RUNOFF_DISCHARGE,urn:ioos:sensor:GOA_RUNOFF_DISCHARGE:q,58.069320239858385,-154.46915010358515,2007-12-08T00:00:00Z,7.985782722392909
urn:ioos:station:GOA_RUNOFF_DISCHARGE,urn:ioos:sensor:GOA_RUNOFF_DISCHARGE:q,58.069320239858385,-154.46915010358515,2007-12-09T00:00:00Z,7.84365128065857
urn:ioos:station:GOA_RUNOFF_DISCHARGE,urn:ioos:sensor:GOA_RUNOFF_DISCHARGE:q,58.069320239858385,-154.46915010358515,2007-12-10T00:00:00Z,5.8436922285276935
urn:ioos:station:GOA_RUNOFF_DISCHARGE,urn:ioos:sensor:GOA_RUNOFF_DISCHARGE:q,58.069320239858385,-154.46915010358515,2007-12-11T00:00:00Z,9.197653572453062
urn:ioos:station:GOA_RUNOFF_DISCHARGE,urn:ioos:sensor:GOA_RUNOFF_DISCHARGE:q,58.069320239858385,-154.46915010358515,2007-12-12T00:00:00Z,6.673067874181149
urn:ioos:station:GOA_RUNOFF_DISCHARGE,urn:ioos:sensor:GOA_RUNOFF_DISCHARGE:q,58.069320239858385,-154.46915010358515,2007-12-13T00:00:00Z,5.2112474641238835
urn:ioos:station:GOA_RUNOFF_DISCHARGE,urn:ioos:sensor:GOA_RUNOFF_DISCHARGE:q,58.069320239858385,-154.46915010358515,2007-12-14T00:00:00Z,3.794200768360621
urn:ioos:station:GOA_RUNOFF_DISCHARGE,urn:ioos:sensor:GOA_RUNOFF_DISCHARGE:q,58.069320239858385,-154.46915010358515,2007-12-15T00:00:00Z,2.4855886687677926
urn:ioos:station:GOA_RUNOFF_DISCHARGE,urn:ioos:sensor:GOA_RUNOFF_DISCHARGE:q,58.069320239858385,-154.46915010358515,2007-12-16T00:00:00Z,1.6139856020134142
urn:ioos:station:GOA_RUNOFF_DISCHARGE,urn:ioos:sensor:GOA_RUNOFF_DISCHARGE:q,58.069320239858385,-154.46915010358515,2007-12-17T00:00:00Z,1.0478324725204986
urn:ioos:station:GOA_RUNOFF_DISCHARGE,urn:ioos:sensor:GOA_RUNOFF_DISCHARGE:q,58.069320239858385,-154.46915010358515,2007-12-18T00:00:00Z,0.6802636374960693
urn:ioos:station:GOA_RUNOFF_DISCHARGE,urn:ioos:sensor:GOA_RUNOFF_DISCHARGE:q,58.069320239858385,-154.46915010358515,2007-12-19T00:00:00Z,0.44163360382629685
urn:ioos:station:GOA_RUNOFF_DISCHARGE,urn:ioos:sensor:GOA_RUNOFF_DISCHARGE:q,58.069320239858385,-154.46915010358515,2007-12-20T00:00:00Z,0.28671267931962063
urn:ioos:station:GOA_RUNOFF_DISCHARGE,urn:ioos:sensor:GOA_RUNOFF_DISCHARGE:q,58.069320239858385,-154.46915010358515,2007-12-21T00:00:00Z,0.18613656489389352
urn:ioos:station:GOA_RUNOFF_DISCHARGE,urn:ioos:sensor:GOA_RUNOFF_DISCHARGE:q,58.069320239858385,-154.46915010358515,2007-12-22T00:00:00Z,1.6980228810742184
urn:ioos:station:GOA_RUNOFF_DISCHARGE,urn:ioos:sensor:GOA_RUNOFF_DISCHARGE:q,58.069320239858385,-154.46915010358515,2007-12-23T00:00:00Z,2.0013526395136876
urn:ioos:station:GOA_RUNOFF_DISCHARGE,urn:ioos:sensor:GOA_RUNOFF_DISCHARGE:q,58.069320239858385,-154.46915010358515,2007-12-24T00:00:00Z,1.3250417752172727
urn:ioos:station:GOA_RUNOFF_DISCHARGE,urn:ioos:sensor:GOA_RUNOFF_DISCHARGE:q,58.069320239858385,-154.46915010358515,2007-12-25T00:00:00Z,0.8616746282195278
urn:ioos:station:GOA_RUNOFF_DISCHARGE,urn:ioos:sensor:GOA_RUNOFF_DISCHARGE:q,58.069320239858385,-154.46915010358515,2007-12-26T00:00:00Z,0.5594884323520483
urn:ioos:station:GOA_RUNOFF_DISCHARGE,urn:ioos:sensor:GOA_RUNOFF_DISCHARGE:q,58.069320239858385,-154.46915010358515,2007-12-27T00:00:00Z,0.3632296777840577
urn:ioos:station:GOA_RUNOFF_DISCHARGE,urn:ioos:sensor:GOA_RUNOFF_DISCHARGE:q,58.069320239858385,-154.46915010358515,2007-12-28T00:00:00Z,0.23581238692477305
urn:ioos:station:GOA_RUNOFF_DISCHARGE,urn:ioos:sensor:GOA_RUNOFF_DISCHARGE:q,58.069320239858385,-154.46915010358515,2007-12-29T00:00:00Z,0.15309163550832214
urn:ioos:station:GOA_RUNOFF_DISCHARGE,urn:ioos:sensor:GOA_RUNOFF_DISCHARGE:q,58.069320239858385,-154.46915010358515,2007-12-30T00:00:00Z,0.09938852124133465
urn:ioos:station:GOA_RUNOFF_DISCHARGE,urn:ioos:sensor:GOA_RUNOFF_DISCHARGE:q,58.069320239858385,-154.46915010358515,2007-12-31T00:00:00Z,0.06452395588055787
urn:ioos:station:GOA_RUNOFF_DISCHARGE,urn:ioos:sensor:GOA_RUNOFF_DISCHARGE:q,58.069320239858385,-154.46915010358515,2008-01-01T00:00:00Z,0.041889557068382724
urn:ioos:station:GOA_RUNOFF_DISCHARGE,urn:ioos:sensor:GOA_RUNOFF_DISCHARGE:q,58.069320239858385,-154.46915010358515,2008-01-02T00:00:00Z,0.027195094578275843
urn:ioos:station:GOA_RUNOFF_DISCHARGE,urn:ioos:sensor:GOA_RUNOFF_DISCHARGE:q,58.069320239858385,-154.46915010358515,2008-01-03T00:00:00Z,0.01765531150462317
urn:ioos:station:GOA_RUNOFF_DISCHARGE,urn:ioos:sensor:GOA_RUNOFF_DISCHARGE:q,58.069320239858385,-154.46915010358515,2008-01-04T00:00:00Z,0.011461993725525407
urn:ioos:station:GOA_RUNOFF_DISCHARGE,urn:ioos:sensor:GOA_RUNOFF_DISCHARGE:q,58.069320239858385,-154.46915010358515,2008-01-05T00:00:00Z,0.007441233621936752
urn:ioos:station:GOA_RUNOFF_DISCHARGE,urn:ioos:sensor:GOA_RUNOFF_DISCHARGE:q,58.069320239858385,-154.46915010358515,2008-01-06T00:00:00Z,0.0048309187467388175
urn:ioos:station:GOA_RUNOFF_DISCHARGE,urn:ioos:sensor:GOA_RUNOFF_DISCHARGE:q,58.069320239858385,-154.46915010358515,2008-01-07T00:00:00Z,0.003136277704478927
urn:ioos:station:GOA_RUNOFF_DISCHARGE,urn:ioos:sensor:GOA_RUNOFF_DISCHARGE:q,58.069320239858385,-154.46915010358515,2008-01-08T00:00:00Z,0.0020361009338406336
urn:ioos:station:GOA_RUNOFF_DISCHARGE,urn:ioos:sensor:GOA_RUNOFF_DISCHARGE:q,58.069320239858385,-154.46915010358515,2008-01-09T00:00:00Z,0.0013218558469333362
urn:ioos:station:GOA_RUNOFF_DISCHARGE,urn:ioos:sensor:GOA_RUNOFF_DISCHARGE:q,58.069320239858385,-154.46915010358515,2008-01-10T00:00:00Z,8.581612222558442E-4
urn:ioos:station:GOA_RUNOFF_DISCHARGE,urn:ioos:sensor:GOA_RUNOFF_DISCHARGE:q,58.069320239858385,-154.46915010358515,2008-01-11T00:00:00Z,5.571263200123266E-4
urn:ioos:station:GOA_RUNOFF_DISCHARGE,urn:ioos:sensor:GOA_RUNOFF_DISCHARGE:q,58.069320239858385,-154.46915010358515,2008-01-12T00:00:00Z,3.6169162523222014E-4
urn:ioos:station:GOA_RUNOFF_DISCHARGE,urn:ioos:sensor:GOA_RUNOFF_DISCHARGE:q,58.069320239858385,-154.46915010358515,2008-01-13T00:00:00Z,2.3481358449813495E-4
urn:ioos:station:GOA_RUNOFF_DISCHARGE,urn:ioos:sensor:GOA_RUNOFF_DISCHARGE:q,58.069320239858385,-154.46915010358515,2008-01-14T00:00:00Z,1.5244319622209626E-4
urn:ioos:station:GOA_RUNOFF_DISCHARGE,urn:ioos:sensor:GOA_RUNOFF_DISCHARGE:q,58.069320239858385,-154.46915010358515,2008-01-15T00:00:00Z,9.896755206160155E-5
urn:ioos:station:GOA_RUNOFF_DISCHARGE,urn:ioos:sensor:GOA_RUNOFF_DISCHARGE:q,58.069320239858385,-154.46915010358515,2008-01-16T00:00:00Z,6.425065491960943E-5
urn:ioos:station:GOA_RUNOFF_DISCHARGE,urn:ioos:sensor:GOA_RUNOFF_DISCHARGE:q,58.069320239858385,-154.46915010358515,2008-01-17T00:00:00Z,4.1712130286393365E-5
urn:ioos:station:GOA_RUNOFF_DISCHARGE,urn:ioos:sensor:GOA_RUNOFF_DISCHARGE:q,58.069320239858385,-154.46915010358515,2008-01-18T00:00:00Z,0.8567975328305378
urn:ioos:station:GOA_RUNOFF_DISCHARGE,urn:ioos:sensor:GOA_RUNOFF_DISCHARGE:q,58.069320239858385,-154.46915010358515,2008-01-19T00:00:00Z,0.7500251642237606
urn:ioos:station:GOA_RUNOFF_DISCHARGE,urn:ioos:sensor:GOA_RUNOFF_DISCHARGE:q,58.069320239858385,-154.46915010358515,2008-01-20T00:00:00Z,2.048697248231829
urn:ioos:station:GOA_RUNOFF_DISCHARGE,urn:ioos:sensor:GOA_RUNOFF_DISCHARGE:q,58.069320239858385,-154.46915010358515,2008-01-21T00:00:00Z,7.263411117901798
urn:ioos:station:GOA_RUNOFF_DISCHARGE,urn:ioos:sensor:GOA_RUNOFF_DISCHARGE:q,58.069320239858385,-154.46915010358515,2008-01-22T00:00:00Z,5.514625109451613
urn:ioos:station:GOA_RUNOFF_DISCHARGE,urn:ioos:sensor:GOA_RUNOFF_DISCHARGE:q,58.069320239858385,-154.46915010358515,2008-01-23T00:00:00Z,6.715999258850978
urn:ioos:station:GOA_RUNOFF_DISCHARGE,urn:ioos:sensor:GOA_RUNOFF_DISCHARGE:q,58.069320239858385,-154.46915010358515,2008-01-24T00:00:00Z,4.446328096298569
urn:ioos:station:GOA_RUNOFF_DISCHARGE,urn:ioos:sensor:GOA_RUNOFF_DISCHARGE:q,58.069320239858385,-154.46915010358515,2008-01-25T00:00:00Z,2.8914389926775272
urn:ioos:station:GOA_RUNOFF_DISCHARGE,urn:ioos:sensor:GOA_RUNOFF_DISCHARGE:q,58.069320239858385,-154.46915010358515,2008-01-26T00:00:00Z,1.877420846466035
urn:ioos:station:GOA_RUNOFF_DISCHARGE,urn:ioos:sensor:GOA_RUNOFF_DISCHARGE:q,58.069320239858385,-154.46915010358515,2008-01-27T00:00:00Z,1.2188544423030625
urn:ioos:station:GOA_RUNOFF_DISCHARGE,urn:ioos:sensor:GOA_RUNOFF_DISCHARGE:q,58.069320239858385,-154.46915010358515,2008-01-28T00:00:00Z,0.7912926768626156
urn:ioos:station:GOA_RUNOFF_DISCHARGE,urn:ioos:sensor:GOA_RUNOFF_DISCHARGE:q,58.069320239858385,-154.46915010358515,2008-01-29T00:00:00Z,0.5137146845934514
urn:ioos:station:GOA_RUNOFF_DISCHARGE,urn:ioos:sensor:GOA_RUNOFF_DISCHARGE:q,58.069320239858385,-154.46915010358515,2008-01-30T00:00:00Z,0.33350839773681495
urn:ioos:station:GOA_RUNOFF_DISCHARGE,urn:ioos:sensor:GOA_RUNOFF_DISCHARGE:q,58.069320239858385,-154.46915010358515,2008-01-31T00:00:00Z,0.2165167665502396
urn:ioos:station:GOA_RUNOFF_DISCHARGE,urn:ioos:sensor:GOA_RUNOFF_DISCHARGE:q,58.069320239858385,-154.46915010358515,2008-02-01T00:00:00Z,0.14056470838776017
urn:ioos:station:GOA_RUNOFF_DISCHARGE,urn:ioos:sensor:GOA_RUNOFF_DISCHARGE:q,58.069320239858385,-154.46915010358515,2008-02-02T00:00:00Z,0.09125593146195404
urn:ioos:station:GOA_RUNOFF_DISCHARGE,urn:ioos:sensor:GOA_RUNOFF_DISCHARGE:q,58.069320239858385,-154.46915010358515,2008-02-03T00:00:00Z,0.059244208557920966
urn:ioos:station:GOA_RUNOFF_DISCHARGE,urn:ioos:sensor:GOA_RUNOFF_DISCHARGE:q,58.069320239858385,-154.46915010358515,2008-02-04T00:00:00Z,0.03846189517227678
urn:ioos:station:GOA_RUNOFF_DISCHARGE,urn:ioos:sensor:GOA_RUNOFF_DISCHARGE:q,58.069320239858385,-154.46915010358515,2008-02-05T00:00:00Z,0.02496982196124382
urn:ioos:station:GOA_RUNOFF_DISCHARGE,urn:ioos:sensor:GOA_RUNOFF_DISCHARGE:q,58.069320239858385,-154.46915010358515,2008-02-06T00:00:00Z,0.01621064182799701
urn:ioos:station:GOA_RUNOFF_DISCHARGE,urn:ioos:sensor:GOA_RUNOFF_DISCHARGE:q,58.069320239858385,-154.46915010358515,2008-02-07T00:00:00Z,0.010524101597451485
urn:ioos:station:GOA_RUNOFF_DISCHARGE,urn:ioos:sensor:GOA_RUNOFF_DISCHARGE:q,58.069320239858385,-154.46915010358515,2008-02-08T00:00:00Z,0.00683234544483811
urn:ioos:station:GOA_RUNOFF_DISCHARGE,urn:ioos:sensor:GOA_RUNOFF_DISCHARGE:q,58.069320239858385,-154.46915010358515,2008-02-09T00:00:00Z,0.0044356222070616
urn:ioos:station:GOA_RUNOFF_DISCHARGE,urn:ioos:sensor:GOA_RUNOFF_DISCHARGE:q,58.069320239858385,-154.46915010358515,2008-02-10T00:00:00Z,0.0028796477879009237
urn:ioos:station:GOA_RUNOFF_DISCHARGE,urn:ioos:sensor:GOA_RUNOFF_DISCHARGE:q,58.069320239858385,-154.46915010358515,2008-02-11T00:00:00Z,0.0018694944256097254
urn:ioos:station:GOA_RUNOFF_DISCHARGE,urn:ioos:sensor:GOA_RUNOFF_DISCHARGE:q,58.069320239858385,-154.46915010358515,2008-02-12T00:00:00Z,0.0012136933217136874
urn:ioos:station:GOA_RUNOFF_DISCHARGE,urn:ioos:sensor:GOA_RUNOFF_DISCHARGE:q,58.069320239858385,-154.46915010358515,2008-02-13T00:00:00Z,7.879410546213349E-4
urn:ioos:station:GOA_RUNOFF_DISCHARGE,urn:ioos:sensor:GOA_RUNOFF_DISCHARGE:q,58.069320239858385,-154.46915010358515,2008-02-14T00:00:00Z,5.115386668559288E-4
urn:ioos:station:GOA_RUNOFF_DISCHARGE,urn:ioos:sensor:GOA_RUNOFF_DISCHARGE:q,58.069320239858385,-154.46915010358515,2008-02-15T00:00:00Z,3.3209571012306915E-4
urn:ioos:station:GOA_RUNOFF_DISCHARGE,urn:ioos:sensor:GOA_RUNOFF_DISCHARGE:q,58.069320239858385,-154.46915010358515,2008-02-16T00:00:00Z,2.1559965406534753E-4
urn:ioos:station:GOA_RUNOFF_DISCHARGE,urn:ioos:sensor:GOA_RUNOFF_DISCHARGE:q,58.069320239858385,-154.46915010358515,2008-02-17T00:00:00Z,1.3996931743311084E-4
urn:ioos:station:GOA_RUNOFF_DISCHARGE,urn:ioos:sensor:GOA_RUNOFF_DISCHARGE:q,58.069320239858385,-154.46915010358515,2008-02-18T00:00:00Z,9.086939363784807E-5
urn:ioos:station:GOA_RUNOFF_DISCHARGE,urn:ioos:sensor:GOA_RUNOFF_DISCHARGE:q,58.069320239858385,-154.46915010358515,2008-02-19T00:00:00Z,5.899326560759332E-5
urn:ioos:station:GOA_RUNOFF_DISCHARGE,urn:ioos:sensor:GOA_RUNOFF_DISCHARGE:q,58.069320239858385,-154.46915010358515,2008-02-20T00:00:00Z,3.829898136037128E-5
urn:ioos:station:GOA_RUNOFF_DISCHARGE,urn:ioos:sensor:GOA_RUNOFF_DISCHARGE:q,58.069320239858385,-154.46915010358515,2008-02-21T00:00:00Z,2.4864056761034208E-5
urn:ioos:station:GOA_RUNOFF_DISCHARGE,urn:ioos:sensor:GOA_RUNOFF_DISCHARGE:q,58.069320239858385,-154.46915010358515,2008-02-22T00:00:00Z,2.9063607575513077
urn:ioos:station:GOA_RUNOFF_DISCHARGE,urn:ioos:sensor:GOA_RUNOFF_DISCHARGE:q,58.069320239858385,-154.46915010358515,2008-02-23T00:00:00Z,3.8253559252399323
urn:ioos:station:GOA_RUNOFF_DISCHARGE,urn:ioos:sensor:GOA_RUNOFF_DISCHARGE:q,58.069320239858385,-154.46915010358515,2008-02-24T00:00:00Z,3.988909382257257
urn:ioos:station:GOA_RUNOFF_DISCHARGE,urn:ioos:sensor:GOA_RUNOFF_DISCHARGE:q,58.069320239858385,-154.46915010358515,2008-02-25T00:00:00Z,2.632263050132382
urn:ioos:station:GOA_RUNOFF_DISCHARGE,urn:ioos:sensor:GOA_RUNOFF_DISCHARGE:q,58.069320239858385,-154.46915010358515,2008-02-26T00:00:00Z,1.711282681499113
urn:ioos:station:GOA_RUNOFF_DISCHARGE,urn:ioos:sensor:GOA_RUNOFF_DISCHARGE:q,58.069320239858385,-154.46915010358515,2008-02-27T00:00:00Z,1.1111149953567172
urn:ioos:station:GOA_RUNOFF_DISCHARGE,urn:ioos:sensor:GOA_RUNOFF_DISCHARGE:q,58.069320239858385,-154.46915010358515,2008-02-28T00:00:00Z,1.3092293668448012
urn:ioos:station:GOA_RUNOFF_DISCHARGE,urn:ioos:sensor:GOA_RUNOFF_DISCHARGE:q,58.069320239858385,-154.46915010358515,2008-02-29T00:00:00Z,8.853077416335084
urn:ioos:station:GOA_RUNOFF_DISCHARGE,urn:ioos:sensor:GOA_RUNOFF_DISCHARGE:q,58.069320239858385,-154.46915010358515,2008-03-01T00:00:00Z,6.56359792138816
urn:ioos:station:GOA_RUNOFF_DISCHARGE,urn:ioos:sensor:GOA_RUNOFF_DISCHARGE:q,58.069320239858385,-154.46915010358515,2008-03-02T00:00:00Z,4.289706134799563
urn:ioos:station:GOA_RUNOFF_DISCHARGE,urn:ioos:sensor:GOA_RUNOFF_DISCHARGE:q,58.069320239858385,-154.46915010358515,2008-03-03T00:00:00Z,6.077661249813882
urn:ioos:station:GOA_RUNOFF_DISCHARGE,urn:ioos:sensor:GOA_RUNOFF_DISCHARGE:q,58.069320239858385,-154.46915010358515,2008-03-04T00:00:00Z,8.167760264996296
urn:ioos:station:GOA_RUNOFF_DISCHARGE,urn:ioos:sensor:GOA_RUNOFF_DISCHARGE:q,58.069320239858385,-154.46915010358515,2008-03-05T00:00:00Z,9.609843909876668
urn:ioos:station:GOA_RUNOFF_DISCHARGE,urn:ioos:sensor:GOA_RUNOFF_DISCHARGE:q,58.069320239858385,-154.46915010358515,2008-03-06T00:00:00Z,18.007082353253494
urn:ioos:station:GOA_RUNOFF_DISCHARGE,urn:ioos:sensor:GOA_RUNOFF_DISCHARGE:q,58.069320239858385,-154.46915010358515,2008-03-07T00:00:00Z,14.282945364713362
urn:ioos:station:GOA_RUNOFF_DISCHARGE,urn:ioos:sensor:GOA_RUNOFF_DISCHARGE:q,58.069320239858385,-154.46915010358515,2008-03-08T00:00:00Z,13.669631149054842
urn:ioos:station:GOA_RUNOFF_DISCHARGE,urn:ioos:sensor:GOA_RUNOFF_DISCHARGE:q,58.069320239858385,-154.46915010358515,2008-03-09T00:00:00Z,12.418341496513197
urn:ioos:station:GOA_RUNOFF_DISCHARGE,urn:ioos:sensor:GOA_RUNOFF_DISCHARGE:q,58.069320239858385,-154.46915010358515,2008-03-10T00:00:00Z,19.895678078701696
urn:ioos:station:GOA_RUNOFF_DISCHARGE,urn:ioos:sensor:GOA_RUNOFF_DISCHARGE:q,58.069320239858385,-154.46915010358515,2008-03-11T00:00:00Z,13.304497309675503
urn:ioos:station:GOA_RUNOFF_DISCHARGE,urn:ioos:sensor:GOA_RUNOFF_DISCHARGE:q,58.069320239858385,-154.46915010358515,2008-03-12T00:00:00Z,8.657379490900759
urn:ioos:station:GOA_RUNOFF_DISCHARGE,urn:ioos:sensor:GOA_RUNOFF_DISCHARGE:q,58.069320239858385,-154.46915010358515,2008-03-13T00:00:00Z,5.621573370282578
urn:ioos:station:GOA_RUNOFF_DISCHARGE,urn:ioos:sensor:GOA_RUNOFF_DISCHARGE:q,58.069320239858385,-154.46915010358515,2008-03-14T00:00:00Z,3.6496413035226127
urn:ioos:station:GOA_RUNOFF_DISCHARGE,urn:ioos:sensor:GOA_RUNOFF_DISCHARGE:q,58.069320239858385,-154.46915010358515,2008-03-15T00:00:00Z,3.3729440221695466
urn:ioos:station:GOA_RUNOFF_DISCHARGE,urn:ioos:sensor:GOA_RUNOFF_DISCHARGE:q,58.069320239858385,-154.46915010358515,2008-03-16T00:00:00Z,3.910327787966128
urn:ioos:station:GOA_RUNOFF_DISCHARGE,urn:ioos:sensor:GOA_RUNOFF_DISCHARGE:q,58.069320239858385,-154.46915010358515,2008-03-17T00:00:00Z,7.462177487791583
urn:ioos:station:GOA_RUNOFF_DISCHARGE,urn:ioos:sensor:GOA_RUNOFF_DISCHARGE:q,58.069320239858385,-154.46915010358515,2008-03-18T00:00:00Z,4.980093770883778
urn:ioos:station:GOA_RUNOFF_DISCHARGE,urn:ioos:sensor:GOA_RUNOFF_DISCHARGE:q,58.069320239858385,-154.46915010358515,2008-03-19T00:00:00Z,3.2407343753220985
urn:ioos:station:GOA_RUNOFF_DISCHARGE,urn:ioos:sensor:GOA_RUNOFF_DISCHARGE:q,58.069320239858385,-154.46915010358515,2008-03-20T00:00:00Z,2.104342338620043
urn:ioos:station:GOA_RUNOFF_DISCHARGE,urn:ioos:sensor:GOA_RUNOFF_DISCHARGE:q,58.069320239858385,-154.46915010358515,2008-03-21T00:00:00Z,1.3661826638727466
urn:ioos:station:GOA_RUNOFF_DISCHARGE,urn:ioos:sensor:GOA_RUNOFF_DISCHARGE:q,58.069320239858385,-154.46915010358515,2008-03-22T00:00:00Z,0.8869400267362639
urn:ioos:station:GOA_RUNOFF_DISCHARGE,urn:ioos:sensor:GOA_RUNOFF_DISCHARGE:q,58.069320239858385,-154.46915010358515,2008-03-23T00:00:00Z,0.9576926410263462
urn:ioos:station:GOA_RUNOFF_DISCHARGE,urn:ioos:sensor:GOA_RUNOFF_DISCHARGE:q,58.069320239858385,-154.46915010358515,2008-03-24T00:00:00Z,0.6321519834427556
urn:ioos:station:GOA_RUNOFF_DISCHARGE,urn:ioos:sensor:GOA_RUNOFF_DISCHARGE:q,58.069320239858385,-154.46915010358515,2008-03-25T00:00:00Z,0.41098329841319314
urn:ioos:station:GOA_RUNOFF_DISCHARGE,urn:ioos:sensor:GOA_RUNOFF_DISCHARGE:q,58.069320239858385,-154.46915010358515,2008-03-26T00:00:00Z,0.6159260902081889
urn:ioos:station:GOA_RUNOFF_DISCHARGE,urn:ioos:sensor:GOA_RUNOFF_DISCHARGE:q,58.069320239858385,-154.46915010358515,2008-03-27T00:00:00Z,0.40938165302548113
urn:ioos:station:GOA_RUNOFF_DISCHARGE,urn:ioos:sensor:GOA_RUNOFF_DISCHARGE:q,58.069320239858385,-154.46915010358515,2008-03-28T00:00:00Z,0.2663086057503079
urn:ioos:station:GOA_RUNOFF_DISCHARGE,urn:ioos:sensor:GOA_RUNOFF_DISCHARGE:q,58.069320239858385,-154.46915010358515,2008-03-29T00:00:00Z,0.1729200304040997
urn:ioos:station:GOA_RUNOFF_DISCHARGE,urn:ioos:sensor:GOA_RUNOFF_DISCHARGE:q,58.069320239858385,-154.46915010358515,2008-03-30T00:00:00Z,2.0102963052406433
urn:ioos:station:GOA_RUNOFF_DISCHARGE,urn:ioos:sensor:GOA_RUNOFF_DISCHARGE:q,58.069320239858385,-154.46915010358515,2008-03-31T00:00:00Z,5.859364922956943
urn:ioos:station:GOA_RUNOFF_DISCHARGE,urn:ioos:sensor:GOA_RUNOFF_DISCHARGE:q,58.069320239858385,-154.46915010358515,2008-04-01T00:00:00Z,8.050510534664374
urn:ioos:station:GOA_RUNOFF_DISCHARGE,urn:ioos:sensor:GOA_RUNOFF_DISCHARGE:q,58.069320239858385,-154.46915010358515,2008-04-02T00:00:00Z,10.14168305811109
urn:ioos:station:GOA_RUNOFF_DISCHARGE,urn:ioos:sensor:GOA_RUNOFF_DISCHARGE:q,58.069320239858385,-154.46915010358515,2008-04-03T00:00:00Z,9.44723898160758
urn:ioos:station:GOA_RUNOFF_DISCHARGE,urn:ioos:sensor:GOA_RUNOFF_DISCHARGE:q,58.069320239858385,-154.46915010358515,2008-04-04T00:00:00Z,10.653129759160127
urn:ioos:station:GOA_RUNOFF_DISCHARGE,urn:ioos:sensor:GOA_RUNOFF_DISCHARGE:q,58.069320239858385,-154.46915010358515,2008-04-05T00:00:00Z,12.588173661302827
urn:ioos:station:GOA_RUNOFF_DISCHARGE,urn:ioos:sensor:GOA_RUNOFF_DISCHARGE:q,58.069320239858385,-154.46915010358515,2008-04-06T00:00:00Z,8.330589367049988
urn:ioos:station:GOA_RUNOFF_DISCHARGE,urn:ioos:sensor:GOA_RUNOFF_DISCHARGE:q,58.069320239858385,-154.46915010358515,2008-04-07T00:00:00Z,5.417178975448334
urn:ioos:station:GOA_RUNOFF_DISCHARGE,urn:ioos:sensor:GOA_RUNOFF_DISCHARGE:q,58.069320239858385,-154.46915010358515,2008-04-08T00:00:00Z,3.5173816648687386
urn:ioos:station:GOA_RUNOFF_DISCHARGE,urn:ioos:sensor:GOA_RUNOFF_DISCHARGE:q,58.069320239858385,-154.46915010358515,2008-04-09T00:00:00Z,3.0391042642684294
urn:ioos:station:GOA_RUNOFF_DISCHARGE,urn:ioos:sensor:GOA_RUNOFF_DISCHARGE:q,58.069320239858385,-154.46915010358515,2008-04-10T00:00:00Z,2.177878838741114
urn:ioos:station:GOA_RUNOFF_DISCHARGE,urn:ioos:sensor:GOA_RUNOFF_DISCHARGE:q,58.069320239858385,-154.46915010358515,2008-04-11T00:00:00Z,1.5441705972085857
urn:ioos:station:GOA_RUNOFF_DISCHARGE,urn:ioos:sensor:GOA_RUNOFF_DISCHARGE:q,58.069320239858385,-154.46915010358515,2008-04-12T00:00:00Z,1.093224440746865
urn:ioos:station:GOA_RUNOFF_DISCHARGE,urn:ioos:sensor:GOA_RUNOFF_DISCHARGE:q,58.069320239858385,-154.46915010358515,2008-04-13T00:00:00Z,0.7738061349831147
urn:ioos:station:GOA_RUNOFF_DISCHARGE,urn:ioos:sensor:GOA_RUNOFF_DISCHARGE:q,58.069320239858385,-154.46915010358515,2008-04-14T00:00:00Z,0.5476992461590761
urn:ioos:station:GOA_RUNOFF_DISCHARGE,urn:ioos:sensor:GOA_RUNOFF_DISCHARGE:q,58.069320239858385,-154.46915010358515,2008-04-15T00:00:00Z,0.38765935801047885
urn:ioos:station:GOA_RUNOFF_DISCHARGE,urn:ioos:sensor:GOA_RUNOFF_DISCHARGE:q,58.069320239858385,-154.46915010358515,2008-04-16T00:00:00Z,1.2299994577587616
urn:ioos:station:GOA_RUNOFF_DISCHARGE,urn:ioos:sensor:GOA_RUNOFF_DISCHARGE:q,58.069320239858385,-154.46915010358515,2008-04-17T00:00:00Z,0.825145352149446
urn:ioos:station:GOA_RUNOFF_DISCHARGE,urn:ioos:sensor:GOA_RUNOFF_DISCHARGE:q,58.069320239858385,-154.46915010358515,2008-04-18T00:00:00Z,0.589227110863501
urn:ioos:station:GOA_RUNOFF_DISCHARGE,urn:ioos:sensor:GOA_RUNOFF_DISCHARGE:q,58.069320239858385,-154.46915010358515,2008-04-19T00:00:00Z,0.4175708700369101
urn:ioos:station:GOA_RUNOFF_DISCHARGE,urn:ioos:sensor:GOA_RUNOFF_DISCHARGE:q,58.069320239858385,-154.46915010358515,2008-04-20T00:00:00Z,0.29560658346557506
urn:ioos:station:GOA_RUNOFF_DISCHARGE,urn:ioos:sensor:GOA_RUNOFF_DISCHARGE:q,58.069320239858385,-154.46915010358515,2008-04-21T00:00:00Z,0.20923421014916538
urn:ioos:station:GOA_RUNOFF_DISCHARGE,urn:ioos:sensor:GOA_RUNOFF_DISCHARGE:q,58.069320239858385,-154.46915010358515,2008-04-22T00:00:00Z,0.14809556290897347
urn:ioos:station:GOA_RUNOFF_DISCHARGE,urn:ioos:sensor:GOA_RUNOFF_DISCHARGE:q,58.069320239858385,-154.46915010358515,2008-04-23T00:00:00Z,0.10482143013867486
urn:ioos:station:GOA_RUNOFF_DISCHARGE,urn:ioos:sensor:GOA_RUNOFF_DISCHARGE:q,58.069320239858385,-154.46915010358515,2008-04-24T00:00:00Z,0.0741921492402143
urn:ioos:station:GOA_RUNOFF_DISCHARGE,urn:ioos:sensor:GOA_RUNOFF_DISCHARGE:q,58.069320239858385,-154.46915010358515,2008-04-25T00:00:00Z,0.052512873490215224
urn:ioos:station:GOA_RUNOFF_DISCHARGE,urn:ioos:sensor:GOA_RUNOFF_DISCHARGE:q,58.069320239858385,-154.46915010358515,2008-04-26T00:00:00Z,0.034534648216544735
urn:ioos:station:GOA_RUNOFF_DISCHARGE,urn:ioos:sensor:GOA_RUNOFF_DISCHARGE:q,58.069320239858385,-154.46915010358515,2008-04-27T00:00:00Z,0.022425787855138987
urn:ioos:station:GOA_RUNOFF_DISCHARGE,urn:ioos:sensor:GOA_RUNOFF_DISCHARGE:q,58.069320239858385,-154.46915010358515,2008-04-28T00:00:00Z,0.014559344833035384
urn:ioos:station:GOA_RUNOFF_DISCHARGE,urn:ioos:sensor:GOA_RUNOFF_DISCHARGE:q,58.069320239858385,-154.46915010358515,2008-04-29T00:00:00Z,1.5841656210378268
urn:ioos:station:GOA_RUNOFF_DISCHARGE,urn:ioos:sensor:GOA_RUNOFF_DISCHARGE:q,58.069320239858385,-154.46915010358515,2008-04-30T00:00:00Z,1.172590577505415
urn:ioos:station:GOA_RUNOFF_DISCHARGE,urn:ioos:sensor:GOA_RUNOFF_DISCHARGE:q,58.069320239858385,-154.46915010358515,2008-05-01T00:00:00Z,0.8350796449879441
urn:ioos:station:GOA_RUNOFF_DISCHARGE,urn:ioos:sensor:GOA_RUNOFF_DISCHARGE:q,58.069320239858385,-154.46915010358515,2008-05-02T00:00:00Z,0.5915774493311315
urn:ioos:station:GOA_RUNOFF_DISCHARGE,urn:ioos:sensor:GOA_RUNOFF_DISCHARGE:q,58.069320239858385,-154.46915010358515,2008-05-03T00:00:00Z,1.0260367027057888
urn:ioos:station:GOA_RUNOFF_DISCHARGE,urn:ioos:sensor:GOA_RUNOFF_DISCHARGE:q,58.069320239858385,-154.46915010358515,2008-05-04T00:00:00Z,0.7549565270341997
urn:ioos:station:GOA_RUNOFF_DISCHARGE,urn:ioos:sensor:GOA_RUNOFF_DISCHARGE:q,58.069320239858385,-154.46915010358515,2008-05-05T00:00:00Z,2.129146694279887
urn:ioos:station:GOA_RUNOFF_DISCHARGE,urn:ioos:sensor:GOA_RUNOFF_DISCHARGE:q,58.069320239858385,-154.46915010358515,2008-05-06T00:00:00Z,1.5825936418405069
urn:ioos:station:GOA_RUNOFF_DISCHARGE,urn:ioos:sensor:GOA_RUNOFF_DISCHARGE:q,58.069320239858385,-154.46915010358515,2008-05-07T00:00:00Z,1.127701355827091
urn:ioos:station:GOA_RUNOFF_DISCHARGE,urn:ioos:sensor:GOA_RUNOFF_DISCHARGE:q,58.069320239858385,-154.46915010358515,2008-05-08T00:00:00Z,1.10835360583862
urn:ioos:station:GOA_RUNOFF_DISCHARGE,urn:ioos:sensor:GOA_RUNOFF_DISCHARGE:q,58.069320239858385,-154.46915010358515,2008-05-09T00:00:00Z,1.9952333792924024
urn:ioos:station:GOA_RUNOFF_DISCHARGE,urn:ioos:sensor:GOA_RUNOFF_DISCHARGE:q,58.069320239858385,-154.46915010358515,2008-05-10T00:00:00Z,3.4637720303463655
urn:ioos:station:GOA_RUNOFF_DISCHARGE,urn:ioos:sensor:GOA_RUNOFF_DISCHARGE:q,58.069320239858385,-154.46915010358515,2008-05-11T00:00:00Z,5.068316679716273
urn:ioos:station:GOA_RUNOFF_DISCHARGE,urn:ioos:sensor:GOA_RUNOFF_DISCHARGE:q,58.069320239858385,-154.46915010358515,2008-05-12T00:00:00Z,4.696478149750926
urn:ioos:station:GOA_RUNOFF_DISCHARGE,urn:ioos:sensor:GOA_RUNOFF_DISCHARGE:q,58.069320239858385,-154.46915010358515,2008-05-13T00:00:00Z,5.345375480764228
urn:ioos:station:GOA_RUNOFF_DISCHARGE,urn:ioos:sensor:GOA_RUNOFF_DISCHARGE:q,58.069320239858385,-154.46915010358515,2008-05-14T00:00:00Z,3.8821616148815363
urn:ioos:station:GOA_RUNOFF_DISCHARGE,urn:ioos:sensor:GOA_RUNOFF_DISCHARGE:q,58.069320239858385,-154.46915010358515,2008-05-15T00:00:00Z,3.427794242835591
urn:ioos:station:GOA_RUNOFF_DISCHARGE,urn:ioos:sensor:GOA_RUNOFF_DISCHARGE:q,58.069320239858385,-154.46915010358515,2008-05-16T00:00:00Z,2.458864101511658
urn:ioos:station:GOA_RUNOFF_DISCHARGE,urn:ioos:sensor:GOA_RUNOFF_DISCHARGE:q,58.069320239858385,-154.46915010358515,2008-05-17T00:00:00Z,1.7436371155031016
urn:ioos:station:GOA_RUNOFF_DISCHARGE,urn:ioos:sensor:GOA_RUNOFF_DISCHARGE:q,58.069320239858385,-154.46915010358515,2008-05-18T00:00:00Z,1.234464515416895
urn:ioos:station:GOA_RUNOFF_DISCHARGE,urn:ioos:sensor:GOA_RUNOFF_DISCHARGE:q,58.069320239858385,-154.46915010358515,2008-05-19T00:00:00Z,0.8737811308259184
urn:ioos:station:GOA_RUNOFF_DISCHARGE,urn:ioos:sensor:GOA_RUNOFF_DISCHARGE:q,58.069320239858385,-154.46915010358515,2008-05-20T00:00:00Z,0.6184615956956727
urn:ioos:station:GOA_RUNOFF_DISCHARGE,urn:ioos:sensor:GOA_RUNOFF_DISCHARGE:q,58.069320239858385,-154.46915010358515,2008-05-21T00:00:00Z,0.4377447346265669
urn:ioos:station:GOA_RUNOFF_DISCHARGE,urn:ioos:sensor:GOA_RUNOFF_DISCHARGE:q,58.069320239858385,-154.46915010358515,2008-05-22T00:00:00Z,0.3098337911235009
urn:ioos:station:GOA_RUNOFF_DISCHARGE,urn:ioos:sensor:GOA_RUNOFF_DISCHARGE:q,58.069320239858385,-154.46915010358515,2008-05-23T00:00:00Z,0.21929899146923862
urn:ioos:station:GOA_RUNOFF_DISCHARGE,urn:ioos:sensor:GOA_RUNOFF_DISCHARGE:q,58.069320239858385,-154.46915010358515,2008-05-24T00:00:00Z,2.128685585644302
urn:ioos:station:GOA_RUNOFF_DISCHARGE,urn:ioos:sensor:GOA_RUNOFF_DISCHARGE:q,58.069320239858385,-154.46915010358515,2008-05-25T00:00:00Z,1.600029994577504
urn:ioos:station:GOA_RUNOFF_DISCHARGE,urn:ioos:sensor:GOA_RUNOFF_DISCHARGE:q,58.069320239858385,-154.46915010358515,2008-05-26T00:00:00Z,1.141816410814022
urn:ioos:station:GOA_RUNOFF_DISCHARGE,urn:ioos:sensor:GOA_RUNOFF_DISCHARGE:q,58.069320239858385,-154.46915010358515,2008-05-27T00:00:00Z,0.80910357347565
urn:ioos:station:GOA_RUNOFF_DISCHARGE,urn:ioos:sensor:GOA_RUNOFF_DISCHARGE:q,58.069320239858385,-154.46915010358515,2008-05-28T00:00:00Z,0.5727728340079996
urn:ioos:station:GOA_RUNOFF_DISCHARGE,urn:ioos:sensor:GOA_RUNOFF_DISCHARGE:q,58.069320239858385,-154.46915010358515,2008-05-29T00:00:00Z,0.40541536230448383
urn:ioos:station:GOA_RUNOFF_DISCHARGE,urn:ioos:sensor:GOA_RUNOFF_DISCHARGE:q,58.069320239858385,-154.46915010358515,2008-05-30T00:00:00Z,0.28695211376092306
urn:ioos:station:GOA_RUNOFF_DISCHARGE,urn:ioos:sensor:GOA_RUNOFF_DISCHARGE:q,58.069320239858385,-154.46915010358515,2008-05-31T00:00:00Z,0.2031035044353565
urn:ioos:station:GOA_RUNOFF_DISCHARGE,urn:ioos:sensor:GOA_RUNOFF_DISCHARGE:q,58.069320239858385,-154.46915010358515,2008-06-01T00:00:00Z,0.14375576432634835
urn:ioos:station:GOA_RUNOFF_DISCHARGE,urn:ioos:sensor:GOA_RUNOFF_DISCHARGE:q,58.069320239858385,-154.46915010358515,2008-06-02T00:00:00Z,1.2134037567140294
urn:ioos:station:GOA_RUNOFF_DISCHARGE,urn:ioos:sensor:GOA_RUNOFF_DISCHARGE:q,58.069320239858385,-154.46915010358515,2008-06-03T00:00:00Z,1.8387000874711097
urn:ioos:station:GOA_RUNOFF_DISCHARGE,urn:ioos:sensor:GOA_RUNOFF_DISCHARGE:q,58.069320239858385,-154.46915010358515,2008-06-04T00:00:00Z,2.53953772134432
urn:ioos:station:GOA_RUNOFF_DISCHARGE,urn:ioos:sensor:GOA_RUNOFF_DISCHARGE:q,58.069320239858385,-154.46915010358515,2008-06-05T00:00:00Z,1.8586241903647156
urn:ioos:station:GOA_RUNOFF_DISCHARGE,urn:ioos:sensor:GOA_RUNOFF_DISCHARGE:q,58.069320239858385,-154.46915010358515,2008-06-06T00:00:00Z,2.44762015490219
urn:ioos:station:GOA_RUNOFF_DISCHARGE,urn:ioos:sensor:GOA_RUNOFF_DISCHARGE:q,58.069320239858385,-154.46915010358515,2008-06-07T00:00:00Z,1.786289861630799
urn:ioos:station:GOA_RUNOFF_DISCHARGE,urn:ioos:sensor:GOA_RUNOFF_DISCHARGE:q,58.069320239858385,-154.46915010358515,2008-06-08T00:00:00Z,1.2697078180453665
urn:ioos:station:GOA_RUNOFF_DISCHARGE,urn:ioos:sensor:GOA_RUNOFF_DISCHARGE:q,58.069320239858385,-154.46915010358515,2008-06-09T00:00:00Z,0.8992308412395031
urn:ioos:station:GOA_RUNOFF_DISCHARGE,urn:ioos:sensor:GOA_RUNOFF_DISCHARGE:q,58.069320239858385,-154.46915010358515,2008-06-10T00:00:00Z,0.6365251482672353
urn:ioos:station:GOA_RUNOFF_DISCHARGE,urn:ioos:sensor:GOA_RUNOFF_DISCHARGE:q,58.069320239858385,-154.46915010358515,2008-06-11T00:00:00Z,0.4505350725219078
urn:ioos:station:GOA_RUNOFF_DISCHARGE,urn:ioos:sensor:GOA_RUNOFF_DISCHARGE:q,58.069320239858385,-154.46915010358515,2008-06-12T00:00:00Z,0.31888724148851544
urn:ioos:station:GOA_RUNOFF_DISCHARGE,urn:ioos:sensor:GOA_RUNOFF_DISCHARGE:q,58.069320239858385,-154.46915010358515,2008-06-13T00:00:00Z,0.22570702015132518
urn:ioos:station:GOA_RUNOFF_DISCHARGE,urn:ioos:sensor:GOA_RUNOFF_DISCHARGE:q,58.069320239858385,-154.46915010358515,2008-06-14T00:00:00Z,0.32973454258121054
urn:ioos:station:GOA_RUNOFF_DISCHARGE,urn:ioos:sensor:GOA_RUNOFF_DISCHARGE:q,58.069320239858385,-154.46915010358515,2008-06-15T00:00:00Z,0.24142561166338253
urn:ioos:station:GOA_RUNOFF_DISCHARGE,urn:ioos:sensor:GOA_RUNOFF_DISCHARGE:q,58.069320239858385,-154.46915010358515,2008-06-16T00:00:00Z,0.17168293053113987
urn:ioos:station:GOA_RUNOFF_DISCHARGE,urn:ioos:sensor:GOA_RUNOFF_DISCHARGE:q,58.069320239858385,-154.46915010358515,2008-06-17T00:00:00Z,0.12159660012400819
urn:ioos:station:GOA_RUNOFF_DISCHARGE,urn:ioos:sensor:GOA_RUNOFF_DISCHARGE:q,58.069320239858385,-154.46915010358515,2008-06-18T00:00:00Z,0.08607354071563036
urn:ioos:station:GOA_RUNOFF_DISCHARGE,urn:ioos:sensor:GOA_RUNOFF_DISCHARGE:q,58.069320239858385,-154.46915010358515,2008-06-19T00:00:00Z,0.06092326724456364
urn:ioos:station:GOA_RUNOFF_DISCHARGE,urn:ioos:sensor:GOA_RUNOFF_DISCHARGE:q,58.069320239858385,-154.46915010358515,2008-06-20T00:00:00Z,0.043121295977890335
urn:ioos:station:GOA_RUNOFF_DISCHARGE,urn:ioos:sensor:GOA_RUNOFF_DISCHARGE:q,58.069320239858385,-154.46915010358515,2008-06-21T00:00:00Z,0.03052107083785753
urn:ioos:station:GOA_RUNOFF_DISCHARGE,urn:ioos:sensor:GOA_RUNOFF_DISCHARGE:q,58.069320239858385,-154.46915010358515,2008-06-22T00:00:00Z,0.021602678517974268
urn:ioos:station:GOA_RUNOFF_DISCHARGE,urn:ioos:sensor:GOA_RUNOFF_DISCHARGE:q,58.069320239858385,-154.46915010358515,2008-06-23T00:00:00Z,0.015290281777102586
urn:ioos:station:GOA_RUNOFF_DISCHARGE,urn:ioos:sensor:GOA_RUNOFF_DISCHARGE:q,58.069320239858385,-154.46915010358515,2008-06-24T00:00:00Z,0.010822393579600454
urn:ioos:station:GOA_RUNOFF_DISCHARGE,urn:ioos:sensor:GOA_RUNOFF_DISCHARGE:q,58.069320239858385,-154.46915010358515,2008-06-25T00:00:00Z,0.007660041818024172
urn:ioos:station:GOA_RUNOFF_DISCHARGE,urn:ioos:sensor:GOA_RUNOFF_DISCHARGE:q,58.069320239858385,-154.46915010358515,2008-06-26T00:00:00Z,0.6688008451761033
urn:ioos:station:GOA_RUNOFF_DISCHARGE,urn:ioos:sensor:GOA_RUNOFF_DISCHARGE:q,58.069320239858385,-154.46915010358515,2008-06-27T00:00:00Z,2.072933275987043
urn:ioos:station:GOA_RUNOFF_DISCHARGE,urn:ioos:sensor:GOA_RUNOFF_DISCHARGE:q,58.069320239858385,-154.46915010358515,2008-06-28T00:00:00Z,1.731791951642671
urn:ioos:station:GOA_RUNOFF_DISCHARGE,urn:ioos:sensor:GOA_RUNOFF_DISCHARGE:q,58.069320239858385,-154.46915010358515,2008-06-29T00:00:00Z,1.2423340150926232
urn:ioos:station:GOA_RUNOFF_DISCHARGE,urn:ioos:sensor:GOA_RUNOFF_DISCHARGE:q,58.069320239858385,-154.46915010358515,2008-06-30T00:00:00Z,0.8809740966475822
urn:ioos:station:GOA_RUNOFF_DISCHARGE,urn:ioos:sensor:GOA_RUNOFF_DISCHARGE:q,58.069320239858385,-154.46915010358515,2008-07-01T00:00:00Z,0.6237148794280167
urn:ioos:station:GOA_RUNOFF_DISCHARGE,urn:ioos:sensor:GOA_RUNOFF_DISCHARGE:q,58.069320239858385,-154.46915010358515,2008-07-02T00:00:00Z,0.44147912256657196
urn:ioos:station:GOA_RUNOFF_DISCHARGE,urn:ioos:sensor:GOA_RUNOFF_DISCHARGE:q,58.069320239858385,-154.46915010358515,2008-07-03T00:00:00Z,0.3124785879088485
urn:ioos:station:GOA_RUNOFF_DISCHARGE,urn:ioos:sensor:GOA_RUNOFF_DISCHARGE:q,58.069320239858385,-154.46915010358515,2008-07-04T00:00:00Z,1.8864694949864849
urn:ioos:station:GOA_RUNOFF_DISCHARGE,urn:ioos:sensor:GOA_RUNOFF_DISCHARGE:q,58.069320239858385,-154.46915010358515,2008-07-05T00:00:00Z,1.4140121931132181
urn:ioos:station:GOA_RUNOFF_DISCHARGE,urn:ioos:sensor:GOA_RUNOFF_DISCHARGE:q,58.069320239858385,-154.46915010358515,2008-07-06T00:00:00Z,1.040921631511677
urn:ioos:station:GOA_RUNOFF_DISCHARGE,urn:ioos:sensor:GOA_RUNOFF_DISCHARGE:q,58.069320239858385,-154.46915010358515,2008-07-07T00:00:00Z,0.7390695256242454
urn:ioos:station:GOA_RUNOFF_DISCHARGE,urn:ioos:sensor:GOA_RUNOFF_DISCHARGE:q,58.069320239858385,-154.46915010358515,2008-07-08T00:00:00Z,0.5233408042568116
urn:ioos:station:GOA_RUNOFF_DISCHARGE,urn:ioos:sensor:GOA_RUNOFF_DISCHARGE:q,58.069320239858385,-154.46915010358515,2008-07-09T00:00:00Z,0.37044135764378483
urn:ioos:station:GOA_RUNOFF_DISCHARGE,urn:ioos:sensor:GOA_RUNOFF_DISCHARGE:q,58.069320239858385,-154.46915010358515,2008-07-10T00:00:00Z,0.26219906548135835
urn:ioos:station:GOA_RUNOFF_DISCHARGE,urn:ioos:sensor:GOA_RUNOFF_DISCHARGE:q,58.069320239858385,-154.46915010358515,2008-07-11T00:00:00Z,0.18558356342465476
urn:ioos:station:GOA_RUNOFF_DISCHARGE,urn:ioos:sensor:GOA_RUNOFF_DISCHARGE:q,58.069320239858385,-154.46915010358515,2008-07-12T00:00:00Z,0.13135523918607966
urn:ioos:station:GOA_RUNOFF_DISCHARGE,urn:ioos:sensor:GOA_RUNOFF_DISCHARGE:q,58.069320239858385,-154.46915010358515,2008-07-13T00:00:00Z,0.0929726566724843
urn:ioos:station:GOA_RUNOFF_DISCHARGE,urn:ioos:sensor:GOA_RUNOFF_DISCHARGE:q,58.069320239858385,-154.46915010358515,2008-07-14T00:00:00Z,0.5136158521077214
urn:ioos:station:GOA_RUNOFF_DISCHARGE,urn:ioos:sensor:GOA_RUNOFF_DISCHARGE:q,58.069320239858385,-154.46915010358515,2008-07-15T00:00:00Z,0.38471885311225346
urn:ioos:station:GOA_RUNOFF_DISCHARGE,urn:ioos:sensor:GOA_RUNOFF_DISCHARGE:q,58.069320239858385,-154.46915010358515,2008-07-16T00:00:00Z,0.274417671424724
urn:ioos:station:GOA_RUNOFF_DISCHARGE,urn:ioos:sensor:GOA_RUNOFF_DISCHARGE:q,58.069320239858385,-154.46915010358515,2008-07-17T00:00:00Z,0.8586481505699887
urn:ioos:station:GOA_RUNOFF_DISCHARGE,urn:ioos:sensor:GOA_RUNOFF_DISCHARGE:q,58.069320239858385,-154.46915010358515,2008-07-18T00:00:00Z,0.9641317830300635
urn:ioos:station:GOA_RUNOFF_DISCHARGE,urn:ioos:sensor:GOA_RUNOFF_DISCHARGE:q,58.069320239858385,-154.46915010358515,2008-07-19T00:00:00Z,0.7009194625668861
urn:ioos:station:GOA_RUNOFF_DISCHARGE,urn:ioos:sensor:GOA_RUNOFF_DISCHARGE:q,58.069320239858385,-154.46915010358515,2008-07-20T00:00:00Z,0.49795621474896556
urn:ioos:station:GOA_RUNOFF_DISCHARGE,urn:ioos:sensor:GOA_RUNOFF_DISCHARGE:q,58.069320239858385,-154.46915010358515,2008-07-21T00:00:00Z,0.3526357891048564
urn:ioos:station:GOA_RUNOFF_DISCHARGE,urn:ioos:sensor:GOA_RUNOFF_DISCHARGE:q,58.069320239858385,-154.46915010358515,2008-07-22T00:00:00Z,0.24961247708654874
urn:ioos:station:GOA_RUNOFF_DISCHARGE,urn:ioos:sensor:GOA_RUNOFF_DISCHARGE:q,58.069320239858385,-154.46915010358515,2008-07-23T00:00:00Z,0.1766764377614746
urn:ioos:station:GOA_RUNOFF_DISCHARGE,urn:ioos:sensor:GOA_RUNOFF_DISCHARGE:q,58.069320239858385,-154.46915010358515,2008-07-24T00:00:00Z,0.41934488848875207
urn:ioos:station:GOA_RUNOFF_DISCHARGE,urn:ioos:sensor:GOA_RUNOFF_DISCHARGE:q,58.069320239858385,-154.46915010358515,2008-07-25T00:00:00Z,1.1946648543048703
urn:ioos:station:GOA_RUNOFF_DISCHARGE,urn:ioos:sensor:GOA_RUNOFF_DISCHARGE:q,58.069320239858385,-154.46915010358515,2008-07-26T00:00:00Z,0.888783540376907
urn:ioos:station:GOA_RUNOFF_DISCHARGE,urn:ioos:sensor:GOA_RUNOFF_DISCHARGE:q,58.069320239858385,-154.46915010358515,2008-07-27T00:00:00Z,0.6333913855699588
urn:ioos:station:GOA_RUNOFF_DISCHARGE,urn:ioos:sensor:GOA_RUNOFF_DISCHARGE:q,58.069320239858385,-154.46915010358515,2008-07-28T00:00:00Z,0.44874240581069524
urn:ioos:station:GOA_RUNOFF_DISCHARGE,urn:ioos:sensor:GOA_RUNOFF_DISCHARGE:q,58.069320239858385,-154.46915010358515,2008-07-29T00:00:00Z,0.3176608964318064
urn:ioos:station:GOA_RUNOFF_DISCHARGE,urn:ioos:sensor:GOA_RUNOFF_DISCHARGE:q,58.069320239858385,-154.46915010358515,2008-07-30T00:00:00Z,0.22484328013793467
urn:ioos:station:GOA_RUNOFF_DISCHARGE,urn:ioos:sensor:GOA_RUNOFF_DISCHARGE:q,58.069320239858385,-154.46915010358515,2008-07-31T00:00:00Z,0.15914350545897143
urn:ioos:station:GOA_RUNOFF_DISCHARGE,urn:ioos:sensor:GOA_RUNOFF_DISCHARGE:q,58.069320239858385,-154.46915010358515,2008-08-01T00:00:00Z,0.11264110245470915
urn:ioos:station:GOA_RUNOFF_DISCHARGE,urn:ioos:sensor:GOA_RUNOFF_DISCHARGE:q,58.069320239858385,-154.46915010358515,2008-08-02T00:00:00Z,0.07972687533146411
urn:ioos:station:GOA_RUNOFF_DISCHARGE,urn:ioos:sensor:GOA_RUNOFF_DISCHARGE:q,58.069320239858385,-154.46915010358515,2008-08-03T00:00:00Z,0.056430331754244986
urn:ioos:station:GOA_RUNOFF_DISCHARGE,urn:ioos:sensor:GOA_RUNOFF_DISCHARGE:q,58.069320239858385,-154.46915010358515,2008-08-04T00:00:00Z,0.03994113874644316
urn:ioos:station:GOA_RUNOFF_DISCHARGE,urn:ioos:sensor:GOA_RUNOFF_DISCHARGE:q,58.069320239858385,-154.46915010358515,2008-08-05T00:00:00Z,0.028270160975359133
urn:ioos:station:GOA_RUNOFF_DISCHARGE,urn:ioos:sensor:GOA_RUNOFF_DISCHARGE:q,58.069320239858385,-154.46915010358515,2008-08-06T00:00:00Z,0.020009493914606383
urn:ioos:station:GOA_RUNOFF_DISCHARGE,urn:ioos:sensor:GOA_RUNOFF_DISCHARGE:q,58.069320239858385,-154.46915010358515,2008-08-07T00:00:00Z,0.014162631481985677
urn:ioos:station:GOA_RUNOFF_DISCHARGE,urn:ioos:sensor:GOA_RUNOFF_DISCHARGE:q,58.069320239858385,-154.46915010358515,2008-08-08T00:00:00Z,0.01002424725630229
urn:ioos:station:GOA_RUNOFF_DISCHARGE,urn:ioos:sensor:GOA_RUNOFF_DISCHARGE:q,58.069320239858385,-154.46915010358515,2008-08-09T00:00:00Z,0.0070951179607397896
urn:ioos:station:GOA_RUNOFF_DISCHARGE,urn:ioos:sensor:GOA_RUNOFF_DISCHARGE:q,58.069320239858385,-154.46915010358515,2008-08-10T00:00:00Z,0.005021893305700079
urn:ioos:station:GOA_RUNOFF_DISCHARGE,urn:ioos:sensor:GOA_RUNOFF_DISCHARGE:q,58.069320239858385,-154.46915010358515,2008-08-11T00:00:00Z,0.0035544731945922996
urn:ioos:station:GOA_RUNOFF_DISCHARGE,urn:ioos:sensor:GOA_RUNOFF_DISCHARGE:q,58.069320239858385,-154.46915010358515,2008-08-12T00:00:00Z,0.002515840484805145
urn:ioos:station:GOA_RUNOFF_DISCHARGE,urn:ioos:sensor:GOA_RUNOFF_DISCHARGE:q,58.069320239858385,-154.46915010358515,2008-08-13T00:00:00Z,0.0017807007704778533
urn:ioos:station:GOA_RUNOFF_DISCHARGE,urn:ioos:sensor:GOA_RUNOFF_DISCHARGE:q,58.069320239858385,-154.46915010358515,2008-08-14T00:00:00Z,0.0012603720403924713
urn:ioos:station:GOA_RUNOFF_DISCHARGE,urn:ioos:sensor:GOA_RUNOFF_DISCHARGE:q,58.069320239858385,-154.46915010358515,2008-08-15T00:00:00Z,8.920857479170108E-4
urn:ioos:station:GOA_RUNOFF_DISCHARGE,urn:ioos:sensor:GOA_RUNOFF_DISCHARGE:q,58.069320239858385,-154.46915010358515,2008-08-16T00:00:00Z,6.314142959603536E-4
urn:ioos:station:GOA_RUNOFF_DISCHARGE,urn:ioos:sensor:GOA_RUNOFF_DISCHARGE:q,58.069320239858385,-154.46915010358515,2008-08-17T00:00:00Z,4.4691222545966596E-4
urn:ioos:station:GOA_RUNOFF_DISCHARGE,urn:ioos:sensor:GOA_RUNOFF_DISCHARGE:q,58.069320239858385,-154.46915010358515,2008-08-18T00:00:00Z,3.1632247424682005E-4
urn:ioos:station:GOA_RUNOFF_DISCHARGE,urn:ioos:sensor:GOA_RUNOFF_DISCHARGE:q,58.069320239858385,-154.46915010358515,2008-08-19T00:00:00Z,0.5619575671386327
urn:ioos:station:GOA_RUNOFF_DISCHARGE,urn:ioos:sensor:GOA_RUNOFF_DISCHARGE:q,58.069320239858385,-154.46915010358515,2008-08-20T00:00:00Z,2.6856871887414386
urn:ioos:station:GOA_RUNOFF_DISCHARGE,urn:ioos:sensor:GOA_RUNOFF_DISCHARGE:q,58.069320239858385,-154.46915010358515,2008-08-21T00:00:00Z,2.0105453433710747
urn:ioos:station:GOA_RUNOFF_DISCHARGE,urn:ioos:sensor:GOA_RUNOFF_DISCHARGE:q,58.069320239858385,-154.46915010358515,2008-08-22T00:00:00Z,1.4340024693716453
urn:ioos:station:GOA_RUNOFF_DISCHARGE,urn:ioos:sensor:GOA_RUNOFF_DISCHARGE:q,58.069320239858385,-154.46915010358515,2008-08-23T00:00:00Z,1.0160737961359814
urn:ioos:station:GOA_RUNOFF_DISCHARGE,urn:ioos:sensor:GOA_RUNOFF_DISCHARGE:q,58.069320239858385,-154.46915010358515,2008-08-24T00:00:00Z,0.7192816504031498
urn:ioos:station:GOA_RUNOFF_DISCHARGE,urn:ioos:sensor:GOA_RUNOFF_DISCHARGE:q,58.069320239858385,-154.46915010358515,2008-08-25T00:00:00Z,0.5091152410662023
urn:ioos:station:GOA_RUNOFF_DISCHARGE,urn:ioos:sensor:GOA_RUNOFF_DISCHARGE:q,58.069320239858385,-154.46915010358515,2008-08-26T00:00:00Z,0.36035057729543557
urn:ioos:station:GOA_RUNOFF_DISCHARGE,urn:ioos:sensor:GOA_RUNOFF_DISCHARGE:q,58.069320239858385,-154.46915010358515,2008-08-27T00:00:00Z,0.8323937694090269
urn:ioos:station:GOA_RUNOFF_DISCHARGE,urn:ioos:sensor:GOA_RUNOFF_DISCHARGE:q,58.069320239858385,-154.46915010358515,2008-08-28T00:00:00Z,0.6164759343001797
urn:ioos:station:GOA_RUNOFF_DISCHARGE,urn:ioos:sensor:GOA_RUNOFF_DISCHARGE:q,58.069320239858385,-154.46915010358515,2008-08-29T00:00:00Z,0.43906612989417754
urn:ioos:station:GOA_RUNOFF_DISCHARGE,urn:ioos:sensor:GOA_RUNOFF_DISCHARGE:q,58.069320239858385,-154.46915010358515,2008-08-30T00:00:00Z,0.3110413892528003
urn:ioos:station:GOA_RUNOFF_DISCHARGE,urn:ioos:sensor:GOA_RUNOFF_DISCHARGE:q,58.069320239858385,-154.46915010358515,2008-08-31T00:00:00Z,0.22018091929115116
urn:ioos:station:GOA_RUNOFF_DISCHARGE,urn:ioos:sensor:GOA_RUNOFF_DISCHARGE:q,58.069320239858385,-154.46915010358515,2008-09-01T00:00:00Z,4.579524160421229
urn:ioos:station:GOA_RUNOFF_DISCHARGE,urn:ioos:sensor:GOA_RUNOFF_DISCHARGE:q,58.069320239858385,-154.46915010358515,2008-09-02T00:00:00Z,3.7230195401091306
urn:ioos:station:GOA_RUNOFF_DISCHARGE,urn:ioos:sensor:GOA_RUNOFF_DISCHARGE:q,58.069320239858385,-154.46915010358515,2008-09-03T00:00:00Z,2.6685039524138183
urn:ioos:station:GOA_RUNOFF_DISCHARGE,urn:ioos:sensor:GOA_RUNOFF_DISCHARGE:q,58.069320239858385,-154.46915010358515,2008-09-04T00:00:00Z,1.8920873900122737
urn:ioos:station:GOA_RUNOFF_DISCHARGE,urn:ioos:sensor:GOA_RUNOFF_DISCHARGE:q,58.069320239858385,-154.46915010358515,2008-09-05T00:00:00Z,1.3395437404744623
urn:ioos:station:GOA_RUNOFF_DISCHARGE,urn:ioos:sensor:GOA_RUNOFF_DISCHARGE:q,58.069320239858385,-154.46915010358515,2008-09-06T00:00:00Z,6.124236247827837
urn:ioos:station:GOA_RUNOFF_DISCHARGE,urn:ioos:sensor:GOA_RUNOFF_DISCHARGE:q,58.069320239858385,-154.46915010358515,2008-09-07T00:00:00Z,6.369328182928989
urn:ioos:station:GOA_RUNOFF_DISCHARGE,urn:ioos:sensor:GOA_RUNOFF_DISCHARGE:q,58.069320239858385,-154.46915010358515,2008-09-08T00:00:00Z,6.334570721724544
urn:ioos:station:GOA_RUNOFF_DISCHARGE,urn:ioos:sensor:GOA_RUNOFF_DISCHARGE:q,58.069320239858385,-154.46915010358515,2008-09-09T00:00:00Z,5.579717072565674
urn:ioos:station:GOA_RUNOFF_DISCHARGE,urn:ioos:sensor:GOA_RUNOFF_DISCHARGE:q,58.069320239858385,-154.46915010358515,2008-09-10T00:00:00Z,4.005993950545879
urn:ioos:station:GOA_RUNOFF_DISCHARGE,urn:ioos:sensor:GOA_RUNOFF_DISCHARGE:q,58.069320239858385,-154.46915010358515,2008-09-11T00:00:00Z,2.841085929671637
urn:ioos:station:GOA_RUNOFF_DISCHARGE,urn:ioos:sensor:GOA_RUNOFF_DISCHARGE:q,58.069320239858385,-154.46915010358515,2008-09-12T00:00:00Z,3.945144713108742
urn:ioos:station:GOA_RUNOFF_DISCHARGE,urn:ioos:sensor:GOA_RUNOFF_DISCHARGE:q,58.069320239858385,-154.46915010358515,2008-09-13T00:00:00Z,7.184752430982866
urn:ioos:station:GOA_RUNOFF_DISCHARGE,urn:ioos:sensor:GOA_RUNOFF_DISCHARGE:q,58.069320239858385,-154.46915010358515,2008-09-14T00:00:00Z,5.7031163213175065
urn:ioos:station:GOA_RUNOFF_DISCHARGE,urn:ioos:sensor:GOA_RUNOFF_DISCHARGE:q,58.069320239858385,-154.46915010358515,2008-09-15T00:00:00Z,4.0770378328870835
urn:ioos:station:GOA_RUNOFF_DISCHARGE,urn:ioos:sensor:GOA_RUNOFF_DISCHARGE:q,58.069320239858385,-154.46915010358515,2008-09-16T00:00:00Z,2.88974295486584
urn:ioos:station:GOA_RUNOFF_DISCHARGE,urn:ioos:sensor:GOA_RUNOFF_DISCHARGE:q,58.069320239858385,-154.46915010358515,2008-09-17T00:00:00Z,2.214499152521845
urn:ioos:station:GOA_RUNOFF_DISCHARGE,urn:ioos:sensor:GOA_RUNOFF_DISCHARGE:q,58.069320239858385,-154.46915010358515,2008-09-18T00:00:00Z,5.8006224454884965
urn:ioos:station:GOA_RUNOFF_DISCHARGE,urn:ioos:sensor:GOA_RUNOFF_DISCHARGE:q,58.069320239858385,-154.46915010358515,2008-09-19T00:00:00Z,5.4954750902132945
urn:ioos:station:GOA_RUNOFF_DISCHARGE,urn:ioos:sensor:GOA_RUNOFF_DISCHARGE:q,58.069320239858385,-154.46915010358515,2008-09-20T00:00:00Z,3.9659641955669103
urn:ioos:station:GOA_RUNOFF_DISCHARGE,urn:ioos:sensor:GOA_RUNOFF_DISCHARGE:q,58.069320239858385,-154.46915010358515,2008-09-21T00:00:00Z,2.8147107788309413
urn:ioos:station:GOA_RUNOFF_DISCHARGE,urn:ioos:sensor:GOA_RUNOFF_DISCHARGE:q,58.069320239858385,-154.46915010358515,2008-09-22T00:00:00Z,1.993000587348565
urn:ioos:station:GOA_RUNOFF_DISCHARGE,urn:ioos:sensor:GOA_RUNOFF_DISCHARGE:q,58.069320239858385,-154.46915010358515,2008-09-23T00:00:00Z,1.4711249376921847
urn:ioos:station:GOA_RUNOFF_DISCHARGE,urn:ioos:sensor:GOA_RUNOFF_DISCHARGE:q,58.069320239858385,-154.46915010358515,2008-09-24T00:00:00Z,1.839016614540216
urn:ioos:station:GOA_RUNOFF_DISCHARGE,urn:ioos:sensor:GOA_RUNOFF_DISCHARGE:q,58.069320239858385,-154.46915010358515,2008-09-25T00:00:00Z,3.1755697925313346
urn:ioos:station:GOA_RUNOFF_DISCHARGE,urn:ioos:sensor:GOA_RUNOFF_DISCHARGE:q,58.069320239858385,-154.46915010358515,2008-09-26T00:00:00Z,4.431655764227376
urn:ioos:station:GOA_RUNOFF_DISCHARGE,urn:ioos:sensor:GOA_RUNOFF_DISCHARGE:q,58.069320239858385,-154.46915010358515,2008-09-27T00:00:00Z,3.244784500986898
urn:ioos:station:GOA_RUNOFF_DISCHARGE,urn:ioos:sensor:GOA_RUNOFF_DISCHARGE:q,58.069320239858385,-154.46915010358515,2008-09-28T00:00:00Z,2.307436814929831
urn:ioos:station:GOA_RUNOFF_DISCHARGE,urn:ioos:sensor:GOA_RUNOFF_DISCHARGE:q,58.069320239858385,-154.46915010358515,2008-09-29T00:00:00Z,1.6342710930445241
urn:ioos:station:GOA_RUNOFF_DISCHARGE,urn:ioos:sensor:GOA_RUNOFF_DISCHARGE:q,58.069320239858385,-154.46915010358515,2008-09-30T00:00:00Z,1.1568375015137278
urn:ioos:station:GOA_RUNOFF_DISCHARGE,urn:ioos:sensor:GOA_RUNOFF_DISCHARGE:q,58.069320239858385,-154.46915010358515,2008-10-01T00:00:00Z,0.8188152054394754
urn:ioos:station:GOA_RUNOFF_DISCHARGE,urn:ioos:sensor:GOA_RUNOFF_DISCHARGE:q,58.069320239858385,-154.46915010358515,2008-10-02T00:00:00Z,0.5795548803365822
urn:ioos:station:GOA_RUNOFF_DISCHARGE,urn:ioos:sensor:GOA_RUNOFF_DISCHARGE:q,58.069320239858385,-154.46915010358515,2008-10-03T00:00:00Z,0.4102064520528137
urn:ioos:station:GOA_RUNOFF_DISCHARGE,urn:ioos:sensor:GOA_RUNOFF_DISCHARGE:q,58.069320239858385,-154.46915010358515,2008-10-04T00:00:00Z,0.2903423475809023
urn:ioos:station:GOA_RUNOFF_DISCHARGE,urn:ioos:sensor:GOA_RUNOFF_DISCHARGE:q,58.069320239858385,-154.46915010358515,2008-10-05T00:00:00Z,0.20550301247575453
urn:ioos:station:GOA_RUNOFF_DISCHARGE,urn:ioos:sensor:GOA_RUNOFF_DISCHARGE:q,58.069320239858385,-154.46915010358515,2008-10-06T00:00:00Z,0.14545412083695175
urn:ioos:station:GOA_RUNOFF_DISCHARGE,urn:ioos:sensor:GOA_RUNOFF_DISCHARGE:q,58.069320239858385,-154.46915010358515,2008-10-07T00:00:00Z,0.1029517859123705
urn:ioos:station:GOA_RUNOFF_DISCHARGE,urn:ioos:sensor:GOA_RUNOFF_DISCHARGE:q,58.069320239858385,-154.46915010358515,2008-10-08T00:00:00Z,0.07286881350117001
urn:ioos:station:GOA_RUNOFF_DISCHARGE,urn:ioos:sensor:GOA_RUNOFF_DISCHARGE:q,58.069320239858385,-154.46915010358515,2008-10-09T00:00:00Z,5.528040805378125
urn:ioos:station:GOA_RUNOFF_DISCHARGE,urn:ioos:sensor:GOA_RUNOFF_DISCHARGE:q,58.069320239858385,-154.46915010358515,2008-10-10T00:00:00Z,7.421709909834233
urn:ioos:station:GOA_RUNOFF_DISCHARGE,urn:ioos:sensor:GOA_RUNOFF_DISCHARGE:q,58.069320239858385,-154.46915010358515,2008-10-11T00:00:00Z,7.625834348913777
urn:ioos:station:GOA_RUNOFF_DISCHARGE,urn:ioos:sensor:GOA_RUNOFF_DISCHARGE:q,58.069320239858385,-154.46915010358515,2008-10-12T00:00:00Z,5.03139378394928
urn:ioos:station:GOA_RUNOFF_DISCHARGE,urn:ioos:sensor:GOA_RUNOFF_DISCHARGE:q,58.069320239858385,-154.46915010358515,2008-10-13T00:00:00Z,5.2587233671125855
urn:ioos:station:GOA_RUNOFF_DISCHARGE,urn:ioos:sensor:GOA_RUNOFF_DISCHARGE:q,58.069320239858385,-154.46915010358515,2008-10-14T00:00:00Z,5.227648986467867
urn:ioos:station:GOA_RUNOFF_DISCHARGE,urn:ioos:sensor:GOA_RUNOFF_DISCHARGE:q,58.069320239858385,-154.46915010358515,2008-10-15T00:00:00Z,4.4799699508754065
urn:ioos:station:GOA_RUNOFF_DISCHARGE,urn:ioos:sensor:GOA_RUNOFF_DISCHARGE:q,58.069320239858385,-154.46915010358515,2008-10-16T00:00:00Z,3.211763071039281
urn:ioos:station:GOA_RUNOFF_DISCHARGE,urn:ioos:sensor:GOA_RUNOFF_DISCHARGE:q,58.069320239858385,-154.46915010358515,2008-10-17T00:00:00Z,2.277351745822802
urn:ioos:station:GOA_RUNOFF_DISCHARGE,urn:ioos:sensor:GOA_RUNOFF_DISCHARGE:q,58.069320239858385,-154.46915010358515,2008-10-18T00:00:00Z,1.6558647907153654
urn:ioos:station:GOA_RUNOFF_DISCHARGE,urn:ioos:sensor:GOA_RUNOFF_DISCHARGE:q,58.069320239858385,-154.46915010358515,2008-10-19T00:00:00Z,1.2589732616319
urn:ioos:station:GOA_RUNOFF_DISCHARGE,urn:ioos:sensor:GOA_RUNOFF_DISCHARGE:q,58.069320239858385,-154.46915010358515,2008-10-20T00:00:00Z,1.5128609919588958
urn:ioos:station:GOA_RUNOFF_DISCHARGE,urn:ioos:sensor:GOA_RUNOFF_DISCHARGE:q,58.069320239858385,-154.46915010358515,2008-10-21T00:00:00Z,1.1004312200939885
urn:ioos:station:GOA_RUNOFF_DISCHARGE,urn:ioos:sensor:GOA_RUNOFF_DISCHARGE:q,58.069320239858385,-154.46915010358515,2008-10-22T00:00:00Z,0.7818395551609655
urn:ioos:station:GOA_RUNOFF_DISCHARGE,urn:ioos:sensor:GOA_RUNOFF_DISCHARGE:q,58.069320239858385,-154.46915010358515,2008-10-23T00:00:00Z,0.5536780688715203
urn:ioos:station:GOA_RUNOFF_DISCHARGE,urn:ioos:sensor:GOA_RUNOFF_DISCHARGE:q,58.069320239858385,-154.46915010358515,2008-10-24T00:00:00Z,0.39192040305331016
urn:ioos:station:GOA_RUNOFF_DISCHARGE,urn:ioos:sensor:GOA_RUNOFF_DISCHARGE:q,58.069320239858385,-154.46915010358515,2008-10-25T00:00:00Z,0.2828663689340452
urn:ioos:station:GOA_RUNOFF_DISCHARGE,urn:ioos:sensor:GOA_RUNOFF_DISCHARGE:q,58.069320239858385,-154.46915010358515,2008-10-26T00:00:00Z,0.5604182799515676
urn:ioos:station:GOA_RUNOFF_DISCHARGE,urn:ioos:sensor:GOA_RUNOFF_DISCHARGE:q,58.069320239858385,-154.46915010358515,2008-10-27T00:00:00Z,0.4097157758948755
urn:ioos:station:GOA_RUNOFF_DISCHARGE,urn:ioos:sensor:GOA_RUNOFF_DISCHARGE:q,58.069320239858385,-154.46915010358515,2008-10-28T00:00:00Z,0.29129860532552687
urn:ioos:station:GOA_RUNOFF_DISCHARGE,urn:ioos:sensor:GOA_RUNOFF_DISCHARGE:q,58.069320239858385,-154.46915010358515,2008-10-29T00:00:00Z,0.34450560847009465
urn:ioos:station:GOA_RUNOFF_DISCHARGE,urn:ioos:sensor:GOA_RUNOFF_DISCHARGE:q,58.069320239858385,-154.46915010358515,2008-10-30T00:00:00Z,0.3975692140646517
urn:ioos:station:GOA_RUNOFF_DISCHARGE,urn:ioos:sensor:GOA_RUNOFF_DISCHARGE:q,58.069320239858385,-154.46915010358515,2008-10-31T00:00:00Z,0.30110032120895763
urn:ioos:station:GOA_RUNOFF_DISCHARGE,urn:ioos:sensor:GOA_RUNOFF_DISCHARGE:q,58.069320239858385,-154.46915010358515,2008-11-01T00:00:00Z,1.0512036305196049
urn:ioos:station:GOA_RUNOFF_DISCHARGE,urn:ioos:sensor:GOA_RUNOFF_DISCHARGE:q,58.069320239858385,-154.46915010358515,2008-11-02T00:00:00Z,0.7164127127225446
urn:ioos:station:GOA_RUNOFF_DISCHARGE,urn:ioos:sensor:GOA_RUNOFF_DISCHARGE:q,58.069320239858385,-154.46915010358515,2008-11-03T00:00:00Z,0.5122112796832352
urn:ioos:station:GOA_RUNOFF_DISCHARGE,urn:ioos:sensor:GOA_RUNOFF_DISCHARGE:q,58.069320239858385,-154.46915010358515,2008-11-04T00:00:00Z,0.36305388422790913
urn:ioos:station:GOA_RUNOFF_DISCHARGE,urn:ioos:sensor:GOA_RUNOFF_DISCHARGE:q,58.069320239858385,-154.46915010358515,2008-11-05T00:00:00Z,0.45828117137019575
urn:ioos:station:GOA_RUNOFF_DISCHARGE,urn:ioos:sensor:GOA_RUNOFF_DISCHARGE:q,58.069320239858385,-154.46915010358515,2008-11-06T00:00:00Z,0.33580956663167805
urn:ioos:station:GOA_RUNOFF_DISCHARGE,urn:ioos:sensor:GOA_RUNOFF_DISCHARGE:q,58.069320239858385,-154.46915010358515,2008-11-07T00:00:00Z,0.2192282958192964
urn:ioos:station:GOA_RUNOFF_DISCHARGE,urn:ioos:sensor:GOA_RUNOFF_DISCHARGE:q,58.069320239858385,-154.46915010358515,2008-11-08T00:00:00Z,0.1423934218225534
urn:ioos:station:GOA_RUNOFF_DISCHARGE,urn:ioos:sensor:GOA_RUNOFF_DISCHARGE:q,58.069320239858385,-154.46915010358515,2008-11-09T00:00:00Z,4.185831580719471
urn:ioos:station:GOA_RUNOFF_DISCHARGE,urn:ioos:sensor:GOA_RUNOFF_DISCHARGE:q,58.069320239858385,-154.46915010358515,2008-11-10T00:00:00Z,6.913253245038997
urn:ioos:station:GOA_RUNOFF_DISCHARGE,urn:ioos:sensor:GOA_RUNOFF_DISCHARGE:q,58.069320239858385,-154.46915010358515,2008-11-11T00:00:00Z,5.051362616353899
urn:ioos:station:GOA_RUNOFF_DISCHARGE,urn:ioos:sensor:GOA_RUNOFF_DISCHARGE:q,58.069320239858385,-154.46915010358515,2008-11-12T00:00:00Z,3.2993989708184293
urn:ioos:station:GOA_RUNOFF_DISCHARGE,urn:ioos:sensor:GOA_RUNOFF_DISCHARGE:q,58.069320239858385,-154.46915010358515,2008-11-13T00:00:00Z,2.716673162823214
urn:ioos:station:GOA_RUNOFF_DISCHARGE,urn:ioos:sensor:GOA_RUNOFF_DISCHARGE:q,58.069320239858385,-154.46915010358515,2008-11-14T00:00:00Z,1.7793859931634
urn:ioos:station:GOA_RUNOFF_DISCHARGE,urn:ioos:sensor:GOA_RUNOFF_DISCHARGE:q,58.069320239858385,-154.46915010358515,2008-11-15T00:00:00Z,1.5644722697980915
urn:ioos:station:GOA_RUNOFF_DISCHARGE,urn:ioos:sensor:GOA_RUNOFF_DISCHARGE:q,58.069320239858385,-154.46915010358515,2008-11-16T00:00:00Z,1.3216652233653678
urn:ioos:station:GOA_RUNOFF_DISCHARGE,urn:ioos:sensor:GOA_RUNOFF_DISCHARGE:q,58.069320239858385,-154.46915010358515,2008-11-17T00:00:00Z,1.24866652983553
urn:ioos:station:GOA_RUNOFF_DISCHARGE,urn:ioos:sensor:GOA_RUNOFF_DISCHARGE:q,58.069320239858385,-154.46915010358515,2008-11-18T00:00:00Z,0.899393906618621
urn:ioos:station:GOA_RUNOFF_DISCHARGE,urn:ioos:sensor:GOA_RUNOFF_DISCHARGE:q,58.069320239858385,-154.46915010358515,2008-11-19T00:00:00Z,0.6381441592298109
urn:ioos:station:GOA_RUNOFF_DISCHARGE,urn:ioos:sensor:GOA_RUNOFF_DISCHARGE:q,58.069320239858385,-154.46915010358515,2008-11-20T00:00:00Z,0.4117057129053919
urn:ioos:station:GOA_RUNOFF_DISCHARGE,urn:ioos:sensor:GOA_RUNOFF_DISCHARGE:q,58.069320239858385,-154.46915010358515,2008-11-21T00:00:00Z,0.26713820662220505
urn:ioos:station:GOA_RUNOFF_DISCHARGE,urn:ioos:sensor:GOA_RUNOFF_DISCHARGE:q,58.069320239858385,-154.46915010358515,2008-11-22T00:00:00Z,0.1734204911425719
urn:ioos:station:GOA_RUNOFF_DISCHARGE,urn:ioos:sensor:GOA_RUNOFF_DISCHARGE:q,58.069320239858385,-154.46915010358515,2008-11-23T00:00:00Z,0.11258574146249456
urn:ioos:station:GOA_RUNOFF_DISCHARGE,urn:ioos:sensor:GOA_RUNOFF_DISCHARGE:q,58.069320239858385,-154.46915010358515,2008-11-24T00:00:00Z,1.8769610534043033
urn:ioos:station:GOA_RUNOFF_DISCHARGE,urn:ioos:sensor:GOA_RUNOFF_DISCHARGE:q,58.069320239858385,-154.46915010358515,2008-11-25T00:00:00Z,1.2928675748311875
urn:ioos:station:GOA_RUNOFF_DISCHARGE,urn:ioos:sensor:GOA_RUNOFF_DISCHARGE:q,58.069320239858385,-154.46915010358515,2008-11-26T00:00:00Z,0.8435141178549763
urn:ioos:station:GOA_RUNOFF_DISCHARGE,urn:ioos:sensor:GOA_RUNOFF_DISCHARGE:q,58.069320239858385,-154.46915010358515,2008-11-27T00:00:00Z,0.5478515238325966
urn:ioos:station:GOA_RUNOFF_DISCHARGE,urn:ioos:sensor:GOA_RUNOFF_DISCHARGE:q,58.069320239858385,-154.46915010358515,2008-11-28T00:00:00Z,1.0293384641841332
urn:ioos:station:GOA_RUNOFF_DISCHARGE,urn:ioos:sensor:GOA_RUNOFF_DISCHARGE:q,58.069320239858385,-154.46915010358515,2008-11-29T00:00:00Z,0.6866185827731748
urn:ioos:station:GOA_RUNOFF_DISCHARGE,urn:ioos:sensor:GOA_RUNOFF_DISCHARGE:q,58.069320239858385,-154.46915010358515,2008-11-30T00:00:00Z,0.4467899955443445
urn:ioos:station:GOA_RUNOFF_DISCHARGE,urn:ioos:sensor:GOA_RUNOFF_DISCHARGE:q,58.069320239858385,-154.46915010358515,2008-12-01T00:00:00Z,0.2901181080176057
urn:ioos:station:GOA_RUNOFF_DISCHARGE,urn:ioos:sensor:GOA_RUNOFF_DISCHARGE:q,58.069320239858385,-154.46915010358515,2008-12-02T00:00:00Z,1.72115895753068
urn:ioos:station:GOA_RUNOFF_DISCHARGE,urn:ioos:sensor:GOA_RUNOFF_DISCHARGE:q,58.069320239858385,-154.46915010358515,2008-12-03T00:00:00Z,7.578577357414266
urn:ioos:station:GOA_RUNOFF_DISCHARGE,urn:ioos:sensor:GOA_RUNOFF_DISCHARGE:q,58.069320239858385,-154.46915010358515,2008-12-04T00:00:00Z,8.392062449608364
urn:ioos:station:GOA_RUNOFF_DISCHARGE,urn:ioos:sensor:GOA_RUNOFF_DISCHARGE:q,58.069320239858385,-154.46915010358515,2008-12-05T00:00:00Z,8.33582535098616
urn:ioos:station:GOA_RUNOFF_DISCHARGE,urn:ioos:sensor:GOA_RUNOFF_DISCHARGE:q,58.069320239858385,-154.46915010358515,2008-12-06T00:00:00Z,7.602528694987624
urn:ioos:station:GOA_RUNOFF_DISCHARGE,urn:ioos:sensor:GOA_RUNOFF_DISCHARGE:q,58.069320239858385,-154.46915010358515,2008-12-07T00:00:00Z,5.6515926606969416
urn:ioos:station:GOA_RUNOFF_DISCHARGE,urn:ioos:sensor:GOA_RUNOFF_DISCHARGE:q,58.069320239858385,-154.46915010358515,2008-12-08T00:00:00Z,7.814537105055283
urn:ioos:station:GOA_RUNOFF_DISCHARGE,urn:ioos:sensor:GOA_RUNOFF_DISCHARGE:q,58.069320239858385,-154.46915010358515,2008-12-09T00:00:00Z,5.91786901844317
urn:ioos:station:GOA_RUNOFF_DISCHARGE,urn:ioos:sensor:GOA_RUNOFF_DISCHARGE:q,58.069320239858385,-154.46915010358515,2008-12-10T00:00:00Z,3.8690621829093605
urn:ioos:station:GOA_RUNOFF_DISCHARGE,urn:ioos:sensor:GOA_RUNOFF_DISCHARGE:q,58.069320239858385,-154.46915010358515,2008-12-11T00:00:00Z,2.5133541180566663
urn:ioos:station:GOA_RUNOFF_DISCHARGE,urn:ioos:sensor:GOA_RUNOFF_DISCHARGE:q,58.069320239858385,-154.46915010358515,2008-12-12T00:00:00Z,1.6317786068220435
urn:ioos:station:GOA_RUNOFF_DISCHARGE,urn:ioos:sensor:GOA_RUNOFF_DISCHARGE:q,58.069320239858385,-154.46915010358515,2008-12-13T00:00:00Z,1.0593707787796447
urn:ioos:station:GOA_RUNOFF_DISCHARGE,urn:ioos:sensor:GOA_RUNOFF_DISCHARGE:q,58.069320239858385,-154.46915010358515,2008-12-14T00:00:00Z,0.6877536598938105
urn:ioos:station:GOA_RUNOFF_DISCHARGE,urn:ioos:sensor:GOA_RUNOFF_DISCHARGE:q,58.069320239858385,-154.46915010358515,2008-12-15T00:00:00Z,0.44649622790290044
urn:ioos:station:GOA_RUNOFF_DISCHARGE,urn:ioos:sensor:GOA_RUNOFF_DISCHARGE:q,58.069320239858385,-154.46915010358515,2008-12-16T00:00:00Z,0.5517699276653335
urn:ioos:station:GOA_RUNOFF_DISCHARGE,urn:ioos:sensor:GOA_RUNOFF_DISCHARGE:q,58.069320239858385,-154.46915010358515,2008-12-17T00:00:00Z,1.8180046636273084
urn:ioos:station:GOA_RUNOFF_DISCHARGE,urn:ioos:sensor:GOA_RUNOFF_DISCHARGE:q,58.069320239858385,-154.46915010358515,2008-12-18T00:00:00Z,2.3923784194574007
urn:ioos:station:GOA_RUNOFF_DISCHARGE,urn:ioos:sensor:GOA_RUNOFF_DISCHARGE:q,58.069320239858385,-154.46915010358515,2008-12-19T00:00:00Z,5.364747568868985
urn:ioos:station:GOA_RUNOFF_DISCHARGE,urn:ioos:sensor:GOA_RUNOFF_DISCHARGE:q,58.069320239858385,-154.46915010358515,2008-12-20T00:00:00Z,6.433166667275616
urn:ioos:station:GOA_RUNOFF_DISCHARGE,urn:ioos:sensor:GOA_RUNOFF_DISCHARGE:q,58.069320239858385,-154.46915010358515,2008-12-21T00:00:00Z,4.387559570467827
urn:ioos:station:GOA_RUNOFF_DISCHARGE,urn:ioos:sensor:GOA_RUNOFF_DISCHARGE:q,58.069320239858385,-154.46915010358515,2008-12-22T00:00:00Z,3.57925020892742
urn:ioos:station:GOA_RUNOFF_DISCHARGE,urn:ioos:sensor:GOA_RUNOFF_DISCHARGE:q,58.069320239858385,-154.46915010358515,2008-12-23T00:00:00Z,3.7911612665299343
urn:ioos:station:GOA_RUNOFF_DISCHARGE,urn:ioos:sensor:GOA_RUNOFF_DISCHARGE:q,58.069320239858385,-154.46915010358515,2008-12-24T00:00:00Z,2.501838637003875
urn:ioos:station:GOA_RUNOFF_DISCHARGE,urn:ioos:sensor:GOA_RUNOFF_DISCHARGE:q,58.069320239858385,-154.46915010358515,2008-12-25T00:00:00Z,2.0638297680369098
urn:ioos:station:GOA_RUNOFF_DISCHARGE,urn:ioos:sensor:GOA_RUNOFF_DISCHARGE:q,58.069320239858385,-154.46915010358515,2008-12-26T00:00:00Z,1.3519059248592438
urn:ioos:station:GOA_RUNOFF_DISCHARGE,urn:ioos:sensor:GOA_RUNOFF_DISCHARGE:q,58.069320239858385,-154.46915010358515,2008-12-27T00:00:00Z,0.8783462378755958
urn:ioos:station:GOA_RUNOFF_DISCHARGE,urn:ioos:sensor:GOA_RUNOFF_DISCHARGE:q,58.069320239858385,-154.46915010358515,2008-12-28T00:00:00Z,0.5702686391782245
urn:ioos:station:GOA_RUNOFF_DISCHARGE,urn:ioos:sensor:GOA_RUNOFF_DISCHARGE:q,58.069320239858385,-154.46915010358515,2008-12-29T00:00:00Z,0.3702258666466127
urn:ioos:station:GOA_RUNOFF_DISCHARGE,urn:ioos:sensor:GOA_RUNOFF_DISCHARGE:q,58.069320239858385,-154.46915010358515,2008-12-30T00:00:00Z,0.24035424120659338
urn:ioos:station:GOA_RUNOFF_DISCHARGE,urn:ioos:sensor:GOA_RUNOFF_DISCHARGE:q,58.069320239858385,-154.46915010358515,2008-12-31T00:00:00Z,0.1560402147410722
urn:ioos:station:GOA_RUNOFF_DISCHARGE,urn:ioos:sensor:GOA_RUNOFF_DISCHARGE:q,58.069320239858385,-154.46915010358515,2009-01-01T00:00:00Z,0.10130277986593937
urn:ioos:station:GOA_RUNOFF_DISCHARGE,urn:ioos:sensor:GOA_RUNOFF_DISCHARGE:q,58.069320239858385,-154.46915010358515,2009-01-02T00:00:00Z,0.06576671272108695
urn:ioos:station:GOA_RUNOFF_DISCHARGE,urn:ioos:sensor:GOA_RUNOFF_DISCHARGE:q,58.069320239858385,-154.46915010358515,2009-01-03T00:00:00Z,0.042696365623271275
urn:ioos:station:GOA_RUNOFF_DISCHARGE,urn:ioos:sensor:GOA_RUNOFF_DISCHARGE:q,58.069320239858385,-154.46915010358515,2009-01-04T00:00:00Z,0.02771888208563455
urn:ioos:station:GOA_RUNOFF_DISCHARGE,urn:ioos:sensor:GOA_RUNOFF_DISCHARGE:q,58.069320239858385,-154.46915010358515,2009-01-05T00:00:00Z,0.01799535651194156
urn:ioos:station:GOA_RUNOFF_DISCHARGE,urn:ioos:sensor:GOA_RUNOFF_DISCHARGE:q,58.069320239858385,-154.46915010358515,2009-01-06T00:00:00Z,0.01168275524044737
urn:ioos:station:GOA_RUNOFF_DISCHARGE,urn:ioos:sensor:GOA_RUNOFF_DISCHARGE:q,58.069320239858385,-154.46915010358515,2009-01-07T00:00:00Z,0.0075845535736460135
urn:ioos:station:GOA_RUNOFF_DISCHARGE,urn:ioos:sensor:GOA_RUNOFF_DISCHARGE:q,58.069320239858385,-154.46915010358515,2009-01-08T00:00:00Z,0.004923963221410188
urn:ioos:station:GOA_RUNOFF_DISCHARGE,urn:ioos:sensor:GOA_RUNOFF_DISCHARGE:q,58.069320239858385,-154.46915010358515,2009-01-09T00:00:00Z,0.0031966831001873034
urn:ioos:station:GOA_RUNOFF_DISCHARGE,urn:ioos:sensor:GOA_RUNOFF_DISCHARGE:q,58.069320239858385,-154.46915010358515,2009-01-10T00:00:00Z,0.002075316597330085
urn:ioos:station:GOA_RUNOFF_DISCHARGE,urn:ioos:sensor:GOA_RUNOFF_DISCHARGE:q,58.069320239858385,-154.46915010358515,2009-01-11T00:00:00Z,0.001347315027423081
urn:ioos:station:GOA_RUNOFF_DISCHARGE,urn:ioos:sensor:GOA_RUNOFF_DISCHARGE:q,58.069320239858385,-154.46915010358515,2009-01-12T00:00:00Z,8.746895962391531E-4
urn:ioos:station:GOA_RUNOFF_DISCHARGE,urn:ioos:sensor:GOA_RUNOFF_DISCHARGE:q,58.069320239858385,-154.46915010358515,2009-01-13T00:00:00Z,5.678566619643981E-4
urn:ioos:station:GOA_RUNOFF_DISCHARGE,urn:ioos:sensor:GOA_RUNOFF_DISCHARGE:q,58.069320239858385,-154.46915010358515,2009-01-14T00:00:00Z,12.755221019359771
urn:ioos:station:GOA_RUNOFF_DISCHARGE,urn:ioos:sensor:GOA_RUNOFF_DISCHARGE:q,58.069320239858385,-154.46915010358515,2009-01-15T00:00:00Z,13.460371762111059
urn:ioos:station:GOA_RUNOFF_DISCHARGE,urn:ioos:sensor:GOA_RUNOFF_DISCHARGE:q,58.069320239858385,-154.46915010358515,2009-01-16T00:00:00Z,16.409174773973533
urn:ioos:station:GOA_RUNOFF_DISCHARGE,urn:ioos:sensor:GOA_RUNOFF_DISCHARGE:q,58.069320239858385,-154.46915010358515,2009-01-17T00:00:00Z,12.852144081198976
urn:ioos:station:GOA_RUNOFF_DISCHARGE,urn:ioos:sensor:GOA_RUNOFF_DISCHARGE:q,58.069320239858385,-154.46915010358515,2009-01-18T00:00:00Z,10.887130354218796
urn:ioos:station:GOA_RUNOFF_DISCHARGE,urn:ioos:sensor:GOA_RUNOFF_DISCHARGE:q,58.069320239858385,-154.46915010358515,2009-01-19T00:00:00Z,7.3171686229252835
urn:ioos:station:GOA_RUNOFF_DISCHARGE,urn:ioos:sensor:GOA_RUNOFF_DISCHARGE:q,58.069320239858385,-154.46915010358515,2009-01-20T00:00:00Z,4.758299596265659
urn:ioos:station:GOA_RUNOFF_DISCHARGE,urn:ioos:sensor:GOA_RUNOFF_DISCHARGE:q,58.069320239858385,-154.46915010358515,2009-01-21T00:00:00Z,3.089577570724512
urn:ioos:station:GOA_RUNOFF_DISCHARGE,urn:ioos:sensor:GOA_RUNOFF_DISCHARGE:q,58.069320239858385,-154.46915010358515,2009-01-22T00:00:00Z,2.9522179784708973
urn:ioos:station:GOA_RUNOFF_DISCHARGE,urn:ioos:sensor:GOA_RUNOFF_DISCHARGE:q,58.069320239858385,-154.46915010358515,2009-01-23T00:00:00Z,4.7662703951280925
urn:ioos:station:GOA_RUNOFF_DISCHARGE,urn:ioos:sensor:GOA_RUNOFF_DISCHARGE:q,58.069320239858385,-154.46915010358515,2009-01-24T00:00:00Z,5.2217462697028365
urn:ioos:station:GOA_RUNOFF_DISCHARGE,urn:ioos:sensor:GOA_RUNOFF_DISCHARGE:q,58.069320239858385,-154.46915010358515,2009-01-25T00:00:00Z,3.5510690383009007
urn:ioos:station:GOA_RUNOFF_DISCHARGE,urn:ioos:sensor:GOA_RUNOFF_DISCHARGE:q,58.069320239858385,-154.46915010358515,2009-01-26T00:00:00Z,2.3482885404523475
urn:ioos:station:GOA_RUNOFF_DISCHARGE,urn:ioos:sensor:GOA_RUNOFF_DISCHARGE:q,58.069320239858385,-154.46915010358515,2009-01-27T00:00:00Z,1.525884515319736
urn:ioos:station:GOA_RUNOFF_DISCHARGE,urn:ioos:sensor:GOA_RUNOFF_DISCHARGE:q,58.069320239858385,-154.46915010358515,2009-01-28T00:00:00Z,0.9906945347022412
urn:ioos:station:GOA_RUNOFF_DISCHARGE,urn:ioos:sensor:GOA_RUNOFF_DISCHARGE:q,58.069320239858385,-154.46915010358515,2009-01-29T00:00:00Z,0.6431725456119316
urn:ioos:station:GOA_RUNOFF_DISCHARGE,urn:ioos:sensor:GOA_RUNOFF_DISCHARGE:q,58.069320239858385,-154.46915010358515,2009-01-30T00:00:00Z,0.41755386624485613
urn:ioos:station:GOA_RUNOFF_DISCHARGE,urn:ioos:sensor:GOA_RUNOFF_DISCHARGE:q,58.069320239858385,-154.46915010358515,2009-01-31T00:00:00Z,0.2710799125568186
urn:ioos:station:GOA_RUNOFF_DISCHARGE,urn:ioos:sensor:GOA_RUNOFF_DISCHARGE:q,58.069320239858385,-154.46915010358515,2009-02-01T00:00:00Z,0.1759876032918816
urn:ioos:station:GOA_RUNOFF_DISCHARGE,urn:ioos:sensor:GOA_RUNOFF_DISCHARGE:q,58.069320239858385,-154.46915010358515,2009-02-02T00:00:00Z,0.11425280376006237
urn:ioos:station:GOA_RUNOFF_DISCHARGE,urn:ioos:sensor:GOA_RUNOFF_DISCHARGE:q,58.069320239858385,-154.46915010358515,2009-02-03T00:00:00Z,0.07417398609870204
urn:ioos:station:GOA_RUNOFF_DISCHARGE,urn:ioos:sensor:GOA_RUNOFF_DISCHARGE:q,58.069320239858385,-154.46915010358515,2009-02-04T00:00:00Z,0.0481544513152292
urn:ioos:station:GOA_RUNOFF_DISCHARGE,urn:ioos:sensor:GOA_RUNOFF_DISCHARGE:q,58.069320239858385,-154.46915010358515,2009-02-05T00:00:00Z,0.031262318592000043
urn:ioos:station:GOA_RUNOFF_DISCHARGE,urn:ioos:sensor:GOA_RUNOFF_DISCHARGE:q,58.069320239858385,-154.46915010358515,2009-02-06T00:00:00Z,0.02029579156326463
urn:ioos:station:GOA_RUNOFF_DISCHARGE,urn:ioos:sensor:GOA_RUNOFF_DISCHARGE:q,58.069320239858385,-154.46915010358515,2009-02-07T00:00:00Z,0.013176218317942301
urn:ioos:station:GOA_RUNOFF_DISCHARGE,urn:ioos:sensor:GOA_RUNOFF_DISCHARGE:q,58.069320239858385,-154.46915010358515,2009-02-08T00:00:00Z,0.008554125336782879
urn:ioos:station:GOA_RUNOFF_DISCHARGE,urn:ioos:sensor:GOA_RUNOFF_DISCHARGE:q,58.069320239858385,-154.46915010358515,2009-02-09T00:00:00Z,0.005553418545679597
urn:ioos:station:GOA_RUNOFF_DISCHARGE,urn:ioos:sensor:GOA_RUNOFF_DISCHARGE:q,58.069320239858385,-154.46915010358515,2009-02-10T00:00:00Z,0.003605331429735524
urn:ioos:station:GOA_RUNOFF_DISCHARGE,urn:ioos:sensor:GOA_RUNOFF_DISCHARGE:q,58.069320239858385,-154.46915010358515,2009-02-11T00:00:00Z,0.0023406147837769027
urn:ioos:station:GOA_RUNOFF_DISCHARGE,urn:ioos:sensor:GOA_RUNOFF_DISCHARGE:q,58.069320239858385,-154.46915010358515,2009-02-12T00:00:00Z,0.0015195492111491436
urn:ioos:station:GOA_RUNOFF_DISCHARGE,urn:ioos:sensor:GOA_RUNOFF_DISCHARGE:q,58.069320239858385,-154.46915010358515,2009-02-13T00:00:00Z,9.86505536855928E-4
urn:ioos:station:GOA_RUNOFF_DISCHARGE,urn:ioos:sensor:GOA_RUNOFF_DISCHARGE:q,58.069320239858385,-154.46915010358515,2009-02-14T00:00:00Z,6.404487167551384E-4
urn:ioos:station:GOA_RUNOFF_DISCHARGE,urn:ioos:sensor:GOA_RUNOFF_DISCHARGE:q,58.069320239858385,-154.46915010358515,2009-02-15T00:00:00Z,4.157852534654216E-4
urn:ioos:station:GOA_RUNOFF_DISCHARGE,urn:ioos:sensor:GOA_RUNOFF_DISCHARGE:q,58.069320239858385,-154.46915010358515,2009-02-16T00:00:00Z,2.6993169794095915E-4
urn:ioos:station:GOA_RUNOFF_DISCHARGE,urn:ioos:sensor:GOA_RUNOFF_DISCHARGE:q,58.069320239858385,-154.46915010358515,2009-02-17T00:00:00Z,1.7524220993841305E-4
urn:ioos:station:GOA_RUNOFF_DISCHARGE,urn:ioos:sensor:GOA_RUNOFF_DISCHARGE:q,58.069320239858385,-154.46915010358515,2009-02-18T00:00:00Z,1.1376887402929066E-4
urn:ioos:station:GOA_RUNOFF_DISCHARGE,urn:ioos:sensor:GOA_RUNOFF_DISCHARGE:q,58.069320239858385,-154.46915010358515,2009-02-19T00:00:00Z,7.385982828303477E-5
urn:ioos:station:GOA_RUNOFF_DISCHARGE,urn:ioos:sensor:GOA_RUNOFF_DISCHARGE:q,58.069320239858385,-154.46915010358515,2009-02-20T00:00:00Z,4.795049092461189E-5
urn:ioos:station:GOA_RUNOFF_DISCHARGE,urn:ioos:sensor:GOA_RUNOFF_DISCHARGE:q,58.069320239858385,-154.46915010358515,2009-02-21T00:00:00Z,3.112990682238997E-5
urn:ioos:station:GOA_RUNOFF_DISCHARGE,urn:ioos:sensor:GOA_RUNOFF_DISCHARGE:q,58.069320239858385,-154.46915010358515,2009-02-22T00:00:00Z,2.0209828832923548E-5
urn:ioos:station:GOA_RUNOFF_DISCHARGE,urn:ioos:sensor:GOA_RUNOFF_DISCHARGE:q,58.069320239858385,-154.46915010358515,2009-02-23T00:00:00Z,1.3120410187998244E-5
urn:ioos:station:GOA_RUNOFF_DISCHARGE,urn:ioos:sensor:GOA_RUNOFF_DISCHARGE:q,58.069320239858385,-154.46915010358515,2009-02-24T00:00:00Z,8.517894052258476E-6
urn:ioos:station:GOA_RUNOFF_DISCHARGE,urn:ioos:sensor:GOA_RUNOFF_DISCHARGE:q,58.069320239858385,-154.46915010358515,2009-02-25T00:00:00Z,5.529896737188015E-6
urn:ioos:station:GOA_RUNOFF_DISCHARGE,urn:ioos:sensor:GOA_RUNOFF_DISCHARGE:q,58.069320239858385,-154.46915010358515,2009-02-26T00:00:00Z,3.5900608986050864E-6
urn:ioos:station:GOA_RUNOFF_DISCHARGE,urn:ioos:sensor:GOA_RUNOFF_DISCHARGE:q,58.069320239858385,-154.46915010358515,2009-02-27T00:00:00Z,2.330700948352712E-6
urn:ioos:station:GOA_RUNOFF_DISCHARGE,urn:ioos:sensor:GOA_RUNOFF_DISCHARGE:q,58.069320239858385,-154.46915010358515,2009-02-28T00:00:00Z,1.5131130557405679E-6
urn:ioos:station:GOA_RUNOFF_DISCHARGE,urn:ioos:sensor:GOA_RUNOFF_DISCHARGE:q,58.069320239858385,-154.46915010358515,2009-03-01T00:00:00Z,9.823271410261058E-7
urn:ioos:station:GOA_RUNOFF_DISCHARGE,urn:ioos:sensor:GOA_RUNOFF_DISCHARGE:q,58.069320239858385,-154.46915010358515,2009-03-02T00:00:00Z,6.377359479046047E-7
urn:ioos:station:GOA_RUNOFF_DISCHARGE,urn:ioos:sensor:GOA_RUNOFF_DISCHARGE:q,58.069320239858385,-154.46915010358515,2009-03-03T00:00:00Z,4.1402414956424217E-7
urn:ioos:station:GOA_RUNOFF_DISCHARGE,urn:ioos:sensor:GOA_RUNOFF_DISCHARGE:q,58.069320239858385,-154.46915010358515,2009-03-04T00:00:00Z,2.6878835980704134E-7
urn:ioos:station:GOA_RUNOFF_DISCHARGE,urn:ioos:sensor:GOA_RUNOFF_DISCHARGE:q,58.069320239858385,-154.46915010358515,2009-03-05T00:00:00Z,1.7449991697393237E-7
urn:ioos:station:GOA_RUNOFF_DISCHARGE,urn:ioos:sensor:GOA_RUNOFF_DISCHARGE:q,58.069320239858385,-154.46915010358515,2009-03-06T00:00:00Z,1.132869917335985E-7
urn:ioos:station:GOA_RUNOFF_DISCHARGE,urn:ioos:sensor:GOA_RUNOFF_DISCHARGE:q,58.069320239858385,-154.46915010358515,2009-03-07T00:00:00Z,7.354697901529841E-8
urn:ioos:station:GOA_RUNOFF_DISCHARGE,urn:ioos:sensor:GOA_RUNOFF_DISCHARGE:q,58.069320239858385,-154.46915010358515,2009-03-08T00:00:00Z,0.1751415906361644
urn:ioos:station:GOA_RUNOFF_DISCHARGE,urn:ioos:sensor:GOA_RUNOFF_DISCHARGE:q,58.069320239858385,-154.46915010358515,2009-03-09T00:00:00Z,2.278042948325331
urn:ioos:station:GOA_RUNOFF_DISCHARGE,urn:ioos:sensor:GOA_RUNOFF_DISCHARGE:q,58.069320239858385,-154.46915010358515,2009-03-10T00:00:00Z,3.5966044698559703
urn:ioos:station:GOA_RUNOFF_DISCHARGE,urn:ioos:sensor:GOA_RUNOFF_DISCHARGE:q,58.069320239858385,-154.46915010358515,2009-03-11T00:00:00Z,4.504335431097786
urn:ioos:station:GOA_RUNOFF_DISCHARGE,urn:ioos:sensor:GOA_RUNOFF_DISCHARGE:q,58.069320239858385,-154.46915010358515,2009-03-12T00:00:00Z,2.9851033780820817
urn:ioos:station:GOA_RUNOFF_DISCHARGE,urn:ioos:sensor:GOA_RUNOFF_DISCHARGE:q,58.069320239858385,-154.46915010358515,2009-03-13T00:00:00Z,1.9413726017214323
urn:ioos:station:GOA_RUNOFF_DISCHARGE,urn:ioos:sensor:GOA_RUNOFF_DISCHARGE:q,58.069320239858385,-154.46915010358515,2009-03-14T00:00:00Z,1.2605490559933945
urn:ioos:station:GOA_RUNOFF_DISCHARGE,urn:ioos:sensor:GOA_RUNOFF_DISCHARGE:q,58.069320239858385,-154.46915010358515,2009-03-15T00:00:00Z,0.818371067706598
urn:ioos:station:GOA_RUNOFF_DISCHARGE,urn:ioos:sensor:GOA_RUNOFF_DISCHARGE:q,58.069320239858385,-154.46915010358515,2009-03-16T00:00:00Z,0.5312947637739225
urn:ioos:station:GOA_RUNOFF_DISCHARGE,urn:ioos:sensor:GOA_RUNOFF_DISCHARGE:q,58.069320239858385,-154.46915010358515,2009-03-17T00:00:00Z,0.3449215929225112
urn:ioos:station:GOA_RUNOFF_DISCHARGE,urn:ioos:sensor:GOA_RUNOFF_DISCHARGE:q,58.069320239858385,-154.46915010358515,2009-03-18T00:00:00Z,0.22392632516217775
urn:ioos:station:GOA_RUNOFF_DISCHARGE,urn:ioos:sensor:GOA_RUNOFF_DISCHARGE:q,58.069320239858385,-154.46915010358515,2009-03-19T00:00:00Z,0.145375071293041
urn:ioos:station:GOA_RUNOFF_DISCHARGE,urn:ioos:sensor:GOA_RUNOFF_DISCHARGE:q,58.069320239858385,-154.46915010358515,2009-03-20T00:00:00Z,0.09437886534195054
urn:ioos:station:GOA_RUNOFF_DISCHARGE,urn:ioos:sensor:GOA_RUNOFF_DISCHARGE:q,58.069320239858385,-154.46915010358515,2009-03-21T00:00:00Z,0.06127164353442495
urn:ioos:station:GOA_RUNOFF_DISCHARGE,urn:ioos:sensor:GOA_RUNOFF_DISCHARGE:q,58.069320239858385,-154.46915010358515,2009-03-22T00:00:00Z,0.039778126812513206
urn:ioos:station:GOA_RUNOFF_DISCHARGE,urn:ioos:sensor:GOA_RUNOFF_DISCHARGE:q,58.069320239858385,-154.46915010358515,2009-03-23T00:00:00Z,0.025824332401819725
urn:ioos:station:GOA_RUNOFF_DISCHARGE,urn:ioos:sensor:GOA_RUNOFF_DISCHARGE:q,58.069320239858385,-154.46915010358515,2009-03-24T00:00:00Z,0.016765398766096284
urn:ioos:station:GOA_RUNOFF_DISCHARGE,urn:ioos:sensor:GOA_RUNOFF_DISCHARGE:q,58.069320239858385,-154.46915010358515,2009-03-25T00:00:00Z,0.010884254328884055
urn:ioos:station:GOA_RUNOFF_DISCHARGE,urn:ioos:sensor:GOA_RUNOFF_DISCHARGE:q,58.069320239858385,-154.46915010358515,2009-03-26T00:00:00Z,0.007066160432981917
urn:ioos:station:GOA_RUNOFF_DISCHARGE,urn:ioos:sensor:GOA_RUNOFF_DISCHARGE:q,58.069320239858385,-154.46915010358515,2009-03-27T00:00:00Z,0.004587417846100016
urn:ioos:station:GOA_RUNOFF_DISCHARGE,urn:ioos:sensor:GOA_RUNOFF_DISCHARGE:q,58.069320239858385,-154.46915010358515,2009-03-28T00:00:00Z,0.0029781945474345547
urn:ioos:station:GOA_RUNOFF_DISCHARGE,urn:ioos:sensor:GOA_RUNOFF_DISCHARGE:q,58.069320239858385,-154.46915010358515,2009-03-29T00:00:00Z,0.0019334717841934506
urn:ioos:station:GOA_RUNOFF_DISCHARGE,urn:ioos:sensor:GOA_RUNOFF_DISCHARGE:q,58.069320239858385,-154.46915010358515,2009-03-30T00:00:00Z,0.0012552281980156336
urn:ioos:station:GOA_RUNOFF_DISCHARGE,urn:ioos:sensor:GOA_RUNOFF_DISCHARGE:q,58.069320239858385,-154.46915010358515,2009-03-31T00:00:00Z,8.149058862608709E-4
urn:ioos:station:GOA_RUNOFF_DISCHARGE,urn:ioos:sensor:GOA_RUNOFF_DISCHARGE:q,58.069320239858385,-154.46915010358515,2009-04-01T00:00:00Z,5.290445353375684E-4
urn:ioos:station:GOA_RUNOFF_DISCHARGE,urn:ioos:sensor:GOA_RUNOFF_DISCHARGE:q,58.069320239858385,-154.46915010358515,2009-04-02T00:00:00Z,3.4346068156165306E-4
urn:ioos:station:GOA_RUNOFF_DISCHARGE,urn:ioos:sensor:GOA_RUNOFF_DISCHARGE:q,58.069320239858385,-154.46915010358515,2009-04-03T00:00:00Z,2.2297790034941478E-4
urn:ioos:station:GOA_RUNOFF_DISCHARGE,urn:ioos:sensor:GOA_RUNOFF_DISCHARGE:q,58.069320239858385,-154.46915010358515,2009-04-04T00:00:00Z,1.4475934238885316E-4
urn:ioos:station:GOA_RUNOFF_DISCHARGE,urn:ioos:sensor:GOA_RUNOFF_DISCHARGE:q,58.069320239858385,-154.46915010358515,2009-04-05T00:00:00Z,9.3979123087662E-5
urn:ioos:station:GOA_RUNOFF_DISCHARGE,urn:ioos:sensor:GOA_RUNOFF_DISCHARGE:q,58.069320239858385,-154.46915010358515,2009-04-06T00:00:00Z,6.1012126260847654E-5
urn:ioos:station:GOA_RUNOFF_DISCHARGE,urn:ioos:sensor:GOA_RUNOFF_DISCHARGE:q,58.069320239858385,-154.46915010358515,2009-04-07T00:00:00Z,3.960964509764529E-5
urn:ioos:station:GOA_RUNOFF_DISCHARGE,urn:ioos:sensor:GOA_RUNOFF_DISCHARGE:q,58.069320239858385,-154.46915010358515,2009-04-08T00:00:00Z,2.571495216782321E-5
urn:ioos:station:GOA_RUNOFF_DISCHARGE,urn:ioos:sensor:GOA_RUNOFF_DISCHARGE:q,58.069320239858385,-154.46915010358515,2009-04-09T00:00:00Z,1.0131601947230562
urn:ioos:station:GOA_RUNOFF_DISCHARGE,urn:ioos:sensor:GOA_RUNOFF_DISCHARGE:q,58.069320239858385,-154.46915010358515,2009-04-10T00:00:00Z,2.542442245297657
urn:ioos:station:GOA_RUNOFF_DISCHARGE,urn:ioos:sensor:GOA_RUNOFF_DISCHARGE:q,58.069320239858385,-154.46915010358515,2009-04-11T00:00:00Z,4.7578054667263565
urn:ioos:station:GOA_RUNOFF_DISCHARGE,urn:ioos:sensor:GOA_RUNOFF_DISCHARGE:q,58.069320239858385,-154.46915010358515,2009-04-12T00:00:00Z,3.1750117261027606
urn:ioos:station:GOA_RUNOFF_DISCHARGE,urn:ioos:sensor:GOA_RUNOFF_DISCHARGE:q,58.069320239858385,-154.46915010358515,2009-04-13T00:00:00Z,2.1350027081731247
urn:ioos:station:GOA_RUNOFF_DISCHARGE,urn:ioos:sensor:GOA_RUNOFF_DISCHARGE:q,58.069320239858385,-154.46915010358515,2009-04-14T00:00:00Z,8.027270659430886
urn:ioos:station:GOA_RUNOFF_DISCHARGE,urn:ioos:sensor:GOA_RUNOFF_DISCHARGE:q,58.069320239858385,-154.46915010358515,2009-04-15T00:00:00Z,17.748859412407686
urn:ioos:station:GOA_RUNOFF_DISCHARGE,urn:ioos:sensor:GOA_RUNOFF_DISCHARGE:q,58.069320239858385,-154.46915010358515,2009-04-16T00:00:00Z,19.63966530192945
urn:ioos:station:GOA_RUNOFF_DISCHARGE,urn:ioos:sensor:GOA_RUNOFF_DISCHARGE:q,58.069320239858385,-154.46915010358515,2009-04-17T00:00:00Z,17.811788045877364
urn:ioos:station:GOA_RUNOFF_DISCHARGE,urn:ioos:sensor:GOA_RUNOFF_DISCHARGE:q,58.069320239858385,-154.46915010358515,2009-04-18T00:00:00Z,15.9240269204817
urn:ioos:station:GOA_RUNOFF_DISCHARGE,urn:ioos:sensor:GOA_RUNOFF_DISCHARGE:q,58.069320239858385,-154.46915010358515,2009-04-19T00:00:00Z,17.961675058591737
urn:ioos:station:GOA_RUNOFF_DISCHARGE,urn:ioos:sensor:GOA_RUNOFF_DISCHARGE:q,58.069320239858385,-154.46915010358515,2009-04-20T00:00:00Z,15.736108246356766
urn:ioos:station:GOA_RUNOFF_DISCHARGE,urn:ioos:sensor:GOA_RUNOFF_DISCHARGE:q,58.069320239858385,-154.46915010358515,2009-04-21T00:00:00Z,11.296592717700177
urn:ioos:station:GOA_RUNOFF_DISCHARGE,urn:ioos:sensor:GOA_RUNOFF_DISCHARGE:q,58.069320239858385,-154.46915010358515,2009-04-22T00:00:00Z,8.01152008302952
urn:ioos:station:GOA_RUNOFF_DISCHARGE,urn:ioos:sensor:GOA_RUNOFF_DISCHARGE:q,58.069320239858385,-154.46915010358515,2009-04-23T00:00:00Z,5.738198466148948
urn:ioos:station:GOA_RUNOFF_DISCHARGE,urn:ioos:sensor:GOA_RUNOFF_DISCHARGE:q,58.069320239858385,-154.46915010358515,2009-04-24T00:00:00Z,4.064755898507355
urn:ioos:station:GOA_RUNOFF_DISCHARGE,urn:ioos:sensor:GOA_RUNOFF_DISCHARGE:q,58.069320239858385,-154.46915010358515,2009-04-25T00:00:00Z,2.8902986532614783
urn:ioos:station:GOA_RUNOFF_DISCHARGE,urn:ioos:sensor:GOA_RUNOFF_DISCHARGE:q,58.069320239858385,-154.46915010358515,2009-04-26T00:00:00Z,4.951975221572676
urn:ioos:station:GOA_RUNOFF_DISCHARGE,urn:ioos:sensor:GOA_RUNOFF_DISCHARGE:q,58.069320239858385,-154.46915010358515,2009-04-27T00:00:00Z,3.9905785823623363
urn:ioos:station:GOA_RUNOFF_DISCHARGE,urn:ioos:sensor:GOA_RUNOFF_DISCHARGE:q,58.069320239858385,-154.46915010358515,2009-04-28T00:00:00Z,2.854711591185137
urn:ioos:station:GOA_RUNOFF_DISCHARGE,urn:ioos:sensor:GOA_RUNOFF_DISCHARGE:q,58.069320239858385,-154.46915010358515,2009-04-29T00:00:00Z,2.023567814272832
urn:ioos:station:GOA_RUNOFF_DISCHARGE,urn:ioos:sensor:GOA_RUNOFF_DISCHARGE:q,58.069320239858385,-154.46915010358515,2009-04-30T00:00:00Z,1.4325734930521803
urn:ioos:station:GOA_RUNOFF_DISCHARGE,urn:ioos:sensor:GOA_RUNOFF_DISCHARGE:q,58.069320239858385,-154.46915010358515,2009-05-01T00:00:00Z,1.0139992019480044
urn:ioos:station:GOA_RUNOFF_DISCHARGE,urn:ioos:sensor:GOA_RUNOFF_DISCHARGE:q,58.069320239858385,-154.46915010358515,2009-05-02T00:00:00Z,0.7177071716155087
urn:ioos:station:GOA_RUNOFF_DISCHARGE,urn:ioos:sensor:GOA_RUNOFF_DISCHARGE:q,58.069320239858385,-154.46915010358515,2009-05-03T00:00:00Z,0.5079902609748909
urn:ioos:station:GOA_RUNOFF_DISCHARGE,urn:ioos:sensor:GOA_RUNOFF_DISCHARGE:q,58.069320239858385,-154.46915010358515,2009-05-04T00:00:00Z,0.35955327376163715
urn:ioos:station:GOA_RUNOFF_DISCHARGE,urn:ioos:sensor:GOA_RUNOFF_DISCHARGE:q,58.069320239858385,-154.46915010358515,2009-05-05T00:00:00Z,0.25449021381779224
urn:ioos:station:GOA_RUNOFF_DISCHARGE,urn:ioos:sensor:GOA_RUNOFF_DISCHARGE:q,58.069320239858385,-154.46915010358515,2009-05-06T00:00:00Z,0.18012703997664764
urn:ioos:station:GOA_RUNOFF_DISCHARGE,urn:ioos:sensor:GOA_RUNOFF_DISCHARGE:q,58.069320239858385,-154.46915010358515,2009-05-07T00:00:00Z,0.12749311724725476
urn:ioos:station:GOA_RUNOFF_DISCHARGE,urn:ioos:sensor:GOA_RUNOFF_DISCHARGE:q,58.069320239858385,-154.46915010358515,2009-05-08T00:00:00Z,0.09023905865203825
urn:ioos:station:GOA_RUNOFF_DISCHARGE,urn:ioos:sensor:GOA_RUNOFF_DISCHARGE:q,58.069320239858385,-154.46915010358515,2009-05-09T00:00:00Z,0.0638708063517359
urn:ioos:station:GOA_RUNOFF_DISCHARGE,urn:ioos:sensor:GOA_RUNOFF_DISCHARGE:q,58.069320239858385,-154.46915010358515,2009-05-10T00:00:00Z,0.04520747543811289
urn:ioos:station:GOA_RUNOFF_DISCHARGE,urn:ioos:sensor:GOA_RUNOFF_DISCHARGE:q,58.069320239858385,-154.46915010358515,2009-05-11T00:00:00Z,0.03199765037497096
urn:ioos:station:GOA_RUNOFF_DISCHARGE,urn:ioos:sensor:GOA_RUNOFF_DISCHARGE:q,58.069320239858385,-154.46915010358515,2009-05-12T00:00:00Z,0.022647792998469155
urn:ioos:station:GOA_RUNOFF_DISCHARGE,urn:ioos:sensor:GOA_RUNOFF_DISCHARGE:q,58.069320239858385,-154.46915010358515,2009-05-13T00:00:00Z,0.016030009426769288
urn:ioos:station:GOA_RUNOFF_DISCHARGE,urn:ioos:sensor:GOA_RUNOFF_DISCHARGE:q,58.069320239858385,-154.46915010358515,2009-05-14T00:00:00Z,0.01134596936179214
urn:ioos:station:GOA_RUNOFF_DISCHARGE,urn:ioos:sensor:GOA_RUNOFF_DISCHARGE:q,58.069320239858385,-154.46915010358515,2009-05-15T00:00:00Z,0.008030626125100623
urn:ioos:station:GOA_RUNOFF_DISCHARGE,urn:ioos:sensor:GOA_RUNOFF_DISCHARGE:q,58.069320239858385,-154.46915010358515,2009-05-16T00:00:00Z,0.00568404166801631
urn:ioos:station:GOA_RUNOFF_DISCHARGE,urn:ioos:sensor:GOA_RUNOFF_DISCHARGE:q,58.069320239858385,-154.46915010358515,2009-05-17T00:00:00Z,0.004023139442237414
urn:ioos:station:GOA_RUNOFF_DISCHARGE,urn:ioos:sensor:GOA_RUNOFF_DISCHARGE:q,58.069320239858385,-154.46915010358515,2009-05-18T00:00:00Z,0.00284756011938504
urn:ioos:station:GOA_RUNOFF_DISCHARGE,urn:ioos:sensor:GOA_RUNOFF_DISCHARGE:q,58.069320239858385,-154.46915010358515,2009-05-19T00:00:00Z,0.6740559707118418
urn:ioos:station:GOA_RUNOFF_DISCHARGE,urn:ioos:sensor:GOA_RUNOFF_DISCHARGE:q,58.069320239858385,-154.46915010358515,2009-05-20T00:00:00Z,0.5088849169738342
urn:ioos:station:GOA_RUNOFF_DISCHARGE,urn:ioos:sensor:GOA_RUNOFF_DISCHARGE:q,58.069320239858385,-154.46915010358515,2009-05-21T00:00:00Z,0.3633611036120033
urn:ioos:station:GOA_RUNOFF_DISCHARGE,urn:ioos:sensor:GOA_RUNOFF_DISCHARGE:q,58.069320239858385,-154.46915010358515,2009-05-22T00:00:00Z,0.25750235171233027
urn:ioos:station:GOA_RUNOFF_DISCHARGE,urn:ioos:sensor:GOA_RUNOFF_DISCHARGE:q,58.069320239858385,-154.46915010358515,2009-05-23T00:00:00Z,0.18229068206982038
urn:ioos:station:GOA_RUNOFF_DISCHARGE,urn:ioos:sensor:GOA_RUNOFF_DISCHARGE:q,58.069320239858385,-154.46915010358515,2009-05-24T00:00:00Z,0.12902770125779428
urn:ioos:station:GOA_RUNOFF_DISCHARGE,urn:ioos:sensor:GOA_RUNOFF_DISCHARGE:q,58.069320239858385,-154.46915010358515,2009-05-25T00:00:00Z,0.0913255417634673
urn:ioos:station:GOA_RUNOFF_DISCHARGE,urn:ioos:sensor:GOA_RUNOFF_DISCHARGE:q,58.069320239858385,-154.46915010358515,2009-05-26T00:00:00Z,0.06463984971469788
urn:ioos:station:GOA_RUNOFF_DISCHARGE,urn:ioos:sensor:GOA_RUNOFF_DISCHARGE:q,58.069320239858385,-154.46915010358515,2009-05-27T00:00:00Z,0.045751798231088096
urn:ioos:station:GOA_RUNOFF_DISCHARGE,urn:ioos:sensor:GOA_RUNOFF_DISCHARGE:q,58.069320239858385,-154.46915010358515,2009-05-28T00:00:00Z,0.03238291823349687
urn:ioos:station:GOA_RUNOFF_DISCHARGE,urn:ioos:sensor:GOA_RUNOFF_DISCHARGE:q,58.069320239858385,-154.46915010358515,2009-05-29T00:00:00Z,0.02292048679125052
urn:ioos:station:GOA_RUNOFF_DISCHARGE,urn:ioos:sensor:GOA_RUNOFF_DISCHARGE:q,58.069320239858385,-154.46915010358515,2009-05-30T00:00:00Z,0.5851543573284246
urn:ioos:station:GOA_RUNOFF_DISCHARGE,urn:ioos:sensor:GOA_RUNOFF_DISCHARGE:q,58.069320239858385,-154.46915010358515,2009-05-31T00:00:00Z,0.946504211633488
urn:ioos:station:GOA_RUNOFF_DISCHARGE,urn:ioos:sensor:GOA_RUNOFF_DISCHARGE:q,58.069320239858385,-154.46915010358515,2009-06-01T00:00:00Z,2.544683193799385
urn:ioos:station:GOA_RUNOFF_DISCHARGE,urn:ioos:sensor:GOA_RUNOFF_DISCHARGE:q,58.069320239858385,-154.46915010358515,2009-06-02T00:00:00Z,2.942447737691907
urn:ioos:station:GOA_RUNOFF_DISCHARGE,urn:ioos:sensor:GOA_RUNOFF_DISCHARGE:q,58.069320239858385,-154.46915010358515,2009-06-03T00:00:00Z,2.141376531935025
urn:ioos:station:GOA_RUNOFF_DISCHARGE,urn:ioos:sensor:GOA_RUNOFF_DISCHARGE:q,58.069320239858385,-154.46915010358515,2009-06-04T00:00:00Z,3.9274665578975063
urn:ioos:station:GOA_RUNOFF_DISCHARGE,urn:ioos:sensor:GOA_RUNOFF_DISCHARGE:q,58.069320239858385,-154.46915010358515,2009-06-05T00:00:00Z,2.8942430067884715
urn:ioos:station:GOA_RUNOFF_DISCHARGE,urn:ioos:sensor:GOA_RUNOFF_DISCHARGE:q,58.069320239858385,-154.46915010358515,2009-06-06T00:00:00Z,2.05995632394061
urn:ioos:station:GOA_RUNOFF_DISCHARGE,urn:ioos:sensor:GOA_RUNOFF_DISCHARGE:q,58.069320239858385,-154.46915010358515,2009-06-07T00:00:00Z,1.4591686078411494
urn:ioos:station:GOA_RUNOFF_DISCHARGE,urn:ioos:sensor:GOA_RUNOFF_DISCHARGE:q,58.069320239858385,-154.46915010358515,2009-06-08T00:00:00Z,1.0329069582612358
urn:ioos:station:GOA_RUNOFF_DISCHARGE,urn:ioos:sensor:GOA_RUNOFF_DISCHARGE:q,58.069320239858385,-154.46915010358515,2009-06-09T00:00:00Z,0.7310983320896562
urn:ioos:station:GOA_RUNOFF_DISCHARGE,urn:ioos:sensor:GOA_RUNOFF_DISCHARGE:q,58.069320239858385,-154.46915010358515,2009-06-10T00:00:00Z,0.5174693323707974
urn:ioos:station:GOA_RUNOFF_DISCHARGE,urn:ioos:sensor:GOA_RUNOFF_DISCHARGE:q,58.069320239858385,-154.46915010358515,2009-06-11T00:00:00Z,0.36626260174547803
urn:ioos:station:GOA_RUNOFF_DISCHARGE,urn:ioos:sensor:GOA_RUNOFF_DISCHARGE:q,58.069320239858385,-154.46915010358515,2009-06-12T00:00:00Z,0.2592390572007577
urn:ioos:station:GOA_RUNOFF_DISCHARGE,urn:ioos:sensor:GOA_RUNOFF_DISCHARGE:q,58.069320239858385,-154.46915010358515,2009-06-13T00:00:00Z,0.18348824894848828
urn:ioos:station:GOA_RUNOFF_DISCHARGE,urn:ioos:sensor:GOA_RUNOFF_DISCHARGE:q,58.069320239858385,-154.46915010358515,2009-06-14T00:00:00Z,0.1298721681142338
urn:ioos:station:GOA_RUNOFF_DISCHARGE,urn:ioos:sensor:GOA_RUNOFF_DISCHARGE:q,58.069320239858385,-154.46915010358515,2009-06-15T00:00:00Z,0.09192293562791869
urn:ioos:station:GOA_RUNOFF_DISCHARGE,urn:ioos:sensor:GOA_RUNOFF_DISCHARGE:q,58.069320239858385,-154.46915010358515,2009-06-16T00:00:00Z,0.0650626463729736
urn:ioos:station:GOA_RUNOFF_DISCHARGE,urn:ioos:sensor:GOA_RUNOFF_DISCHARGE:q,58.069320239858385,-154.46915010358515,2009-06-17T00:00:00Z,0.046051050171033156
urn:ioos:station:GOA_RUNOFF_DISCHARGE,urn:ioos:sensor:GOA_RUNOFF_DISCHARGE:q,58.069320239858385,-154.46915010358515,2009-06-18T00:00:00Z,0.03259472973504804
urn:ioos:station:GOA_RUNOFF_DISCHARGE,urn:ioos:sensor:GOA_RUNOFF_DISCHARGE:q,58.069320239858385,-154.46915010358515,2009-06-19T00:00:00Z,0.023070402598587607
urn:ioos:station:GOA_RUNOFF_DISCHARGE,urn:ioos:sensor:GOA_RUNOFF_DISCHARGE:q,58.069320239858385,-154.46915010358515,2009-06-20T00:00:00Z,0.01632912878153694
urn:ioos:station:GOA_RUNOFF_DISCHARGE,urn:ioos:sensor:GOA_RUNOFF_DISCHARGE:q,58.069320239858385,-154.46915010358515,2009-06-21T00:00:00Z,0.8741345597416099
urn:ioos:station:GOA_RUNOFF_DISCHARGE,urn:ioos:sensor:GOA_RUNOFF_DISCHARGE:q,58.069320239858385,-154.46915010358515,2009-06-22T00:00:00Z,0.6595130911078142
urn:ioos:station:GOA_RUNOFF_DISCHARGE,urn:ioos:sensor:GOA_RUNOFF_DISCHARGE:q,58.069320239858385,-154.46915010358515,2009-06-23T00:00:00Z,0.47087509408923756
urn:ioos:station:GOA_RUNOFF_DISCHARGE,urn:ioos:sensor:GOA_RUNOFF_DISCHARGE:q,58.069320239858385,-154.46915010358515,2009-06-24T00:00:00Z,0.3336902100433423
urn:ioos:station:GOA_RUNOFF_DISCHARGE,urn:ioos:sensor:GOA_RUNOFF_DISCHARGE:q,58.069320239858385,-154.46915010358515,2009-06-25T00:00:00Z,0.23622508244255633
urn:ioos:station:GOA_RUNOFF_DISCHARGE,urn:ioos:sensor:GOA_RUNOFF_DISCHARGE:q,58.069320239858385,-154.46915010358515,2009-06-26T00:00:00Z,0.16720312200117626
urn:ioos:station:GOA_RUNOFF_DISCHARGE,urn:ioos:sensor:GOA_RUNOFF_DISCHARGE:q,58.069320239858385,-154.46915010358515,2009-06-27T00:00:00Z,0.11834602269089431
urn:ioos:station:GOA_RUNOFF_DISCHARGE,urn:ioos:sensor:GOA_RUNOFF_DISCHARGE:q,58.069320239858385,-154.46915010358515,2009-06-28T00:00:00Z,0.08376483193812045
urn:ioos:station:GOA_RUNOFF_DISCHARGE,urn:ioos:sensor:GOA_RUNOFF_DISCHARGE:q,58.069320239858385,-154.46915010358515,2009-06-29T00:00:00Z,0.05928837895004584
urn:ioos:station:GOA_RUNOFF_DISCHARGE,urn:ioos:sensor:GOA_RUNOFF_DISCHARGE:q,58.069320239858385,-154.46915010358515,2009-06-30T00:00:00Z,0.04196405143782639
urn:ioos:station:GOA_RUNOFF_DISCHARGE,urn:ioos:sensor:GOA_RUNOFF_DISCHARGE:q,58.069320239858385,-154.46915010358515,2009-07-01T00:00:00Z,0.02970196783419297
urn:ioos:station:GOA_RUNOFF_DISCHARGE,urn:ioos:sensor:GOA_RUNOFF_DISCHARGE:q,58.069320239858385,-154.46915010358515,2009-07-02T00:00:00Z,0.02102292156549382
urn:ioos:station:GOA_RUNOFF_DISCHARGE,urn:ioos:sensor:GOA_RUNOFF_DISCHARGE:q,58.069320239858385,-154.46915010358515,2009-07-03T00:00:00Z,0.014879931680829664
urn:ioos:station:GOA_RUNOFF_DISCHARGE,urn:ioos:sensor:GOA_RUNOFF_DISCHARGE:q,58.069320239858385,-154.46915010358515,2009-07-04T00:00:00Z,0.010531949817720135
urn:ioos:station:GOA_RUNOFF_DISCHARGE,urn:ioos:sensor:GOA_RUNOFF_DISCHARGE:q,58.069320239858385,-154.46915010358515,2009-07-05T00:00:00Z,0.007454466444875317
urn:ioos:station:GOA_RUNOFF_DISCHARGE,urn:ioos:sensor:GOA_RUNOFF_DISCHARGE:q,58.069320239858385,-154.46915010358515,2009-07-06T00:00:00Z,0.00527623844050003
urn:ioos:station:GOA_RUNOFF_DISCHARGE,urn:ioos:sensor:GOA_RUNOFF_DISCHARGE:q,58.069320239858385,-154.46915010358515,2009-07-07T00:00:00Z,0.00373449817070494
urn:ioos:station:GOA_RUNOFF_DISCHARGE,urn:ioos:sensor:GOA_RUNOFF_DISCHARGE:q,58.069320239858385,-154.46915010358515,2009-07-08T00:00:00Z,0.0026432610070427067
urn:ioos:station:GOA_RUNOFF_DISCHARGE,urn:ioos:sensor:GOA_RUNOFF_DISCHARGE:q,58.069320239858385,-154.46915010358515,2009-07-09T00:00:00Z,0.0018708884970826027
urn:ioos:station:GOA_RUNOFF_DISCHARGE,urn:ioos:sensor:GOA_RUNOFF_DISCHARGE:q,58.069320239858385,-154.46915010358515,2009-07-10T00:00:00Z,0.0013242065358780638
urn:ioos:station:GOA_RUNOFF_DISCHARGE,urn:ioos:sensor:GOA_RUNOFF_DISCHARGE:q,58.069320239858385,-154.46915010358515,2009-07-11T00:00:00Z,9.372674232046138E-4
urn:ioos:station:GOA_RUNOFF_DISCHARGE,urn:ioos:sensor:GOA_RUNOFF_DISCHARGE:q,58.069320239858385,-154.46915010358515,2009-07-12T00:00:00Z,6.633937893605647E-4
urn:ioos:station:GOA_RUNOFF_DISCHARGE,urn:ioos:sensor:GOA_RUNOFF_DISCHARGE:q,58.069320239858385,-154.46915010358515,2009-07-13T00:00:00Z,4.6954712968859294E-4
urn:ioos:station:GOA_RUNOFF_DISCHARGE,urn:ioos:sensor:GOA_RUNOFF_DISCHARGE:q,58.069320239858385,-154.46915010358515,2009-07-14T00:00:00Z,3.323433758941354E-4
urn:ioos:station:GOA_RUNOFF_DISCHARGE,urn:ioos:sensor:GOA_RUNOFF_DISCHARGE:q,58.069320239858385,-154.46915010358515,2009-07-15T00:00:00Z,2.3523118926475442E-4
urn:ioos:station:GOA_RUNOFF_DISCHARGE,urn:ioos:sensor:GOA_RUNOFF_DISCHARGE:q,58.069320239858385,-154.46915010358515,2009-07-16T00:00:00Z,1.664955869832909E-4
urn:ioos:station:GOA_RUNOFF_DISCHARGE,urn:ioos:sensor:GOA_RUNOFF_DISCHARGE:q,58.069320239858385,-154.46915010358515,2009-07-17T00:00:00Z,0.6907200815969461
urn:ioos:station:GOA_RUNOFF_DISCHARGE,urn:ioos:sensor:GOA_RUNOFF_DISCHARGE:q,58.069320239858385,-154.46915010358515,2009-07-18T00:00:00Z,0.5215577741240746
urn:ioos:station:GOA_RUNOFF_DISCHARGE,urn:ioos:sensor:GOA_RUNOFF_DISCHARGE:q,58.069320239858385,-154.46915010358515,2009-07-19T00:00:00Z,0.5513916672931606
urn:ioos:station:GOA_RUNOFF_DISCHARGE,urn:ioos:sensor:GOA_RUNOFF_DISCHARGE:q,58.069320239858385,-154.46915010358515,2009-07-20T00:00:00Z,0.3990647255317479
urn:ioos:station:GOA_RUNOFF_DISCHARGE,urn:ioos:sensor:GOA_RUNOFF_DISCHARGE:q,58.069320239858385,-154.46915010358515,2009-07-21T00:00:00Z,5.468200086856935
urn:ioos:station:GOA_RUNOFF_DISCHARGE,urn:ioos:sensor:GOA_RUNOFF_DISCHARGE:q,58.069320239858385,-154.46915010358515,2009-07-22T00:00:00Z,5.4353796765941045
urn:ioos:station:GOA_RUNOFF_DISCHARGE,urn:ioos:sensor:GOA_RUNOFF_DISCHARGE:q,58.069320239858385,-154.46915010358515,2009-07-23T00:00:00Z,4.472191225795556
urn:ioos:station:GOA_RUNOFF_DISCHARGE,urn:ioos:sensor:GOA_RUNOFF_DISCHARGE:q,58.069320239858385,-154.46915010358515,2009-07-24T00:00:00Z,3.4351788219889894
urn:ioos:station:GOA_RUNOFF_DISCHARGE,urn:ioos:sensor:GOA_RUNOFF_DISCHARGE:q,58.069320239858385,-154.46915010358515,2009-07-25T00:00:00Z,3.284527460865845
urn:ioos:station:GOA_RUNOFF_DISCHARGE,urn:ioos:sensor:GOA_RUNOFF_DISCHARGE:q,58.069320239858385,-154.46915010358515,2009-07-26T00:00:00Z,3.1343762809217286
urn:ioos:station:GOA_RUNOFF_DISCHARGE,urn:ioos:sensor:GOA_RUNOFF_DISCHARGE:q,58.069320239858385,-154.46915010358515,2009-07-27T00:00:00Z,4.378833369098823
urn:ioos:station:GOA_RUNOFF_DISCHARGE,urn:ioos:sensor:GOA_RUNOFF_DISCHARGE:q,58.069320239858385,-154.46915010358515,2009-07-28T00:00:00Z,3.5593282109519793
urn:ioos:station:GOA_RUNOFF_DISCHARGE,urn:ioos:sensor:GOA_RUNOFF_DISCHARGE:q,58.069320239858385,-154.46915010358515,2009-07-29T00:00:00Z,5.748356801214665
urn:ioos:station:GOA_RUNOFF_DISCHARGE,urn:ioos:sensor:GOA_RUNOFF_DISCHARGE:q,58.069320239858385,-154.46915010358515,2009-07-30T00:00:00Z,5.300762266480328
urn:ioos:station:GOA_RUNOFF_DISCHARGE,urn:ioos:sensor:GOA_RUNOFF_DISCHARGE:q,58.069320239858385,-154.46915010358515,2009-07-31T00:00:00Z,3.8182434067593984
urn:ioos:station:GOA_RUNOFF_DISCHARGE,urn:ioos:sensor:GOA_RUNOFF_DISCHARGE:q,58.069320239858385,-154.46915010358515,2009-08-01T00:00:00Z,2.709165445957146
urn:ioos:station:GOA_RUNOFF_DISCHARGE,urn:ioos:sensor:GOA_RUNOFF_DISCHARGE:q,58.069320239858385,-154.46915010358515,2009-08-02T00:00:00Z,2.08503129314208
urn:ioos:station:GOA_RUNOFF_DISCHARGE,urn:ioos:sensor:GOA_RUNOFF_DISCHARGE:q,58.069320239858385,-154.46915010358515,2009-08-03T00:00:00Z,1.4837341868466174
urn:ioos:station:GOA_RUNOFF_DISCHARGE,urn:ioos:sensor:GOA_RUNOFF_DISCHARGE:q,58.069320239858385,-154.46915010358515,2009-08-04T00:00:00Z,8.043517996519263
urn:ioos:station:GOA_RUNOFF_DISCHARGE,urn:ioos:sensor:GOA_RUNOFF_DISCHARGE:q,58.069320239858385,-154.46915010358515,2009-08-05T00:00:00Z,6.024030039880314
urn:ioos:station:GOA_RUNOFF_DISCHARGE,urn:ioos:sensor:GOA_RUNOFF_DISCHARGE:q,58.069320239858385,-154.46915010358515,2009-08-06T00:00:00Z,4.2968212844278035
urn:ioos:station:GOA_RUNOFF_DISCHARGE,urn:ioos:sensor:GOA_RUNOFF_DISCHARGE:q,58.069320239858385,-154.46915010358515,2009-08-07T00:00:00Z,3.0445702105141605
urn:ioos:station:GOA_RUNOFF_DISCHARGE,urn:ioos:sensor:GOA_RUNOFF_DISCHARGE:q,58.069320239858385,-154.46915010358515,2009-08-08T00:00:00Z,2.1552628086288657
urn:ioos:station:GOA_RUNOFF_DISCHARGE,urn:ioos:sensor:GOA_RUNOFF_DISCHARGE:q,58.069320239858385,-154.46915010358515,2009-08-09T00:00:00Z,1.52551839111636
urn:ioos:station:GOA_RUNOFF_DISCHARGE,urn:ioos:sensor:GOA_RUNOFF_DISCHARGE:q,58.069320239858385,-154.46915010358515,2009-08-10T00:00:00Z,1.0797583583417716
urn:ioos:station:GOA_RUNOFF_DISCHARGE,urn:ioos:sensor:GOA_RUNOFF_DISCHARGE:q,58.069320239858385,-154.46915010358515,2009-08-11T00:00:00Z,0.7642484909388192
urn:ioos:station:GOA_RUNOFF_DISCHARGE,urn:ioos:sensor:GOA_RUNOFF_DISCHARGE:q,58.069320239858385,-154.46915010358515,2009-08-12T00:00:00Z,0.540931769810919
urn:ioos:station:GOA_RUNOFF_DISCHARGE,urn:ioos:sensor:GOA_RUNOFF_DISCHARGE:q,58.069320239858385,-154.46915010358515,2009-08-13T00:00:00Z,0.38286909049580725
urn:ioos:station:GOA_RUNOFF_DISCHARGE,urn:ioos:sensor:GOA_RUNOFF_DISCHARGE:q,58.069320239858385,-154.46915010358515,2009-08-14T00:00:00Z,1.651724022012073
urn:ioos:station:GOA_RUNOFF_DISCHARGE,urn:ioos:sensor:GOA_RUNOFF_DISCHARGE:q,58.069320239858385,-154.46915010358515,2009-08-15T00:00:00Z,2.117791055450273
urn:ioos:station:GOA_RUNOFF_DISCHARGE,urn:ioos:sensor:GOA_RUNOFF_DISCHARGE:q,58.069320239858385,-154.46915010358515,2009-08-16T00:00:00Z,1.5472746937154702
urn:ioos:station:GOA_RUNOFF_DISCHARGE,urn:ioos:sensor:GOA_RUNOFF_DISCHARGE:q,58.069320239858385,-154.46915010358515,2009-08-17T00:00:00Z,1.099978465352372
urn:ioos:station:GOA_RUNOFF_DISCHARGE,urn:ioos:sensor:GOA_RUNOFF_DISCHARGE:q,58.069320239858385,-154.46915010358515,2009-08-18T00:00:00Z,0.7790415926897463
urn:ioos:station:GOA_RUNOFF_DISCHARGE,urn:ioos:sensor:GOA_RUNOFF_DISCHARGE:q,58.069320239858385,-154.46915010358515,2009-08-19T00:00:00Z,0.5514502761083255
urn:ioos:station:GOA_RUNOFF_DISCHARGE,urn:ioos:sensor:GOA_RUNOFF_DISCHARGE:q,58.069320239858385,-154.46915010358515,2009-08-20T00:00:00Z,0.3903188563336372
urn:ioos:station:GOA_RUNOFF_DISCHARGE,urn:ioos:sensor:GOA_RUNOFF_DISCHARGE:q,58.069320239858385,-154.46915010358515,2009-08-21T00:00:00Z,0.2762664638054534
urn:ioos:station:GOA_RUNOFF_DISCHARGE,urn:ioos:sensor:GOA_RUNOFF_DISCHARGE:q,58.069320239858385,-154.46915010358515,2009-08-22T00:00:00Z,0.19554020457398594
urn:ioos:station:GOA_RUNOFF_DISCHARGE,urn:ioos:sensor:GOA_RUNOFF_DISCHARGE:q,58.069320239858385,-154.46915010358515,2009-08-23T00:00:00Z,0.5760982758157034
urn:ioos:station:GOA_RUNOFF_DISCHARGE,urn:ioos:sensor:GOA_RUNOFF_DISCHARGE:q,58.069320239858385,-154.46915010358515,2009-08-24T00:00:00Z,0.42846520289486106
urn:ioos:station:GOA_RUNOFF_DISCHARGE,urn:ioos:sensor:GOA_RUNOFF_DISCHARGE:q,58.069320239858385,-154.46915010358515,2009-08-25T00:00:00Z,0.3053333445287135
urn:ioos:station:GOA_RUNOFF_DISCHARGE,urn:ioos:sensor:GOA_RUNOFF_DISCHARGE:q,58.069320239858385,-154.46915010358515,2009-08-26T00:00:00Z,0.21632007181449664
urn:ioos:station:GOA_RUNOFF_DISCHARGE,urn:ioos:sensor:GOA_RUNOFF_DISCHARGE:q,58.069320239858385,-154.46915010358515,2009-08-27T00:00:00Z,0.9403495624755488
urn:ioos:station:GOA_RUNOFF_DISCHARGE,urn:ioos:sensor:GOA_RUNOFF_DISCHARGE:q,58.069320239858385,-154.46915010358515,2009-08-28T00:00:00Z,1.2385879185453237
urn:ioos:station:GOA_RUNOFF_DISCHARGE,urn:ioos:sensor:GOA_RUNOFF_DISCHARGE:q,58.069320239858385,-154.46915010358515,2009-08-29T00:00:00Z,0.9057308285339362
urn:ioos:station:GOA_RUNOFF_DISCHARGE,urn:ioos:sensor:GOA_RUNOFF_DISCHARGE:q,58.069320239858385,-154.46915010358515,2009-08-30T00:00:00Z,0.6439744536542166
urn:ioos:station:GOA_RUNOFF_DISCHARGE,urn:ioos:sensor:GOA_RUNOFF_DISCHARGE:q,58.069320239858385,-154.46915010358515,2009-08-31T00:00:00Z,0.4560921551463273
urn:ioos:station:GOA_RUNOFF_DISCHARGE,urn:ioos:sensor:GOA_RUNOFF_DISCHARGE:q,58.069320239858385,-154.46915010358515,2009-09-01T00:00:00Z,0.04154747497717585
urn:ioos:station:GOA_RUNOFF_DISCHARGE,urn:ioos:sensor:GOA_RUNOFF_DISCHARGE:q,58.069320239858385,-154.46915010358515,2009-09-02T00:00:00Z,1.1309731880002722
urn:ioos:station:GOA_RUNOFF_DISCHARGE,urn:ioos:sensor:GOA_RUNOFF_DISCHARGE:q,58.069320239858385,-154.46915010358515,2009-09-03T00:00:00Z,2.261686944836672
urn:ioos:station:GOA_RUNOFF_DISCHARGE,urn:ioos:sensor:GOA_RUNOFF_DISCHARGE:q,58.069320239858385,-154.46915010358515,2009-09-04T00:00:00Z,1.6726725622652512
urn:ioos:station:GOA_RUNOFF_DISCHARGE,urn:ioos:sensor:GOA_RUNOFF_DISCHARGE:q,58.069320239858385,-154.46915010358515,2009-09-05T00:00:00Z,1.1910860987517118
urn:ioos:station:GOA_RUNOFF_DISCHARGE,urn:ioos:sensor:GOA_RUNOFF_DISCHARGE:q,58.069320239858385,-154.46915010358515,2009-09-06T00:00:00Z,0.8437620377476326
urn:ioos:station:GOA_RUNOFF_DISCHARGE,urn:ioos:sensor:GOA_RUNOFF_DISCHARGE:q,58.069320239858385,-154.46915010358515,2009-09-07T00:00:00Z,0.5972826326820874
urn:ioos:station:GOA_RUNOFF_DISCHARGE,urn:ioos:sensor:GOA_RUNOFF_DISCHARGE:q,58.069320239858385,-154.46915010358515,2009-09-08T00:00:00Z,1.2813688015663336
urn:ioos:station:GOA_RUNOFF_DISCHARGE,urn:ioos:sensor:GOA_RUNOFF_DISCHARGE:q,58.069320239858385,-154.46915010358515,2009-09-09T00:00:00Z,3.1322458406236784
urn:ioos:station:GOA_RUNOFF_DISCHARGE,urn:ioos:sensor:GOA_RUNOFF_DISCHARGE:q,58.069320239858385,-154.46915010358515,2009-09-10T00:00:00Z,2.3608604273093463
urn:ioos:station:GOA_RUNOFF_DISCHARGE,urn:ioos:sensor:GOA_RUNOFF_DISCHARGE:q,58.069320239858385,-154.46915010358515,2009-09-11T00:00:00Z,1.683456978927758
urn:ioos:station:GOA_RUNOFF_DISCHARGE,urn:ioos:sensor:GOA_RUNOFF_DISCHARGE:q,58.069320239858385,-154.46915010358515,2009-09-12T00:00:00Z,1.1927866095144999
urn:ioos:station:GOA_RUNOFF_DISCHARGE,urn:ioos:sensor:GOA_RUNOFF_DISCHARGE:q,58.069320239858385,-154.46915010358515,2009-09-13T00:00:00Z,0.8443732533598803
urn:ioos:station:GOA_RUNOFF_DISCHARGE,urn:ioos:sensor:GOA_RUNOFF_DISCHARGE:q,58.069320239858385,-154.46915010358515,2009-09-14T00:00:00Z,0.5976559925416567
urn:ioos:station:GOA_RUNOFF_DISCHARGE,urn:ioos:sensor:GOA_RUNOFF_DISCHARGE:q,58.069320239858385,-154.46915010358515,2009-09-15T00:00:00Z,0.5446500748605673
urn:ioos:station:GOA_RUNOFF_DISCHARGE,urn:ioos:sensor:GOA_RUNOFF_DISCHARGE:q,58.069320239858385,-154.46915010358515,2009-09-16T00:00:00Z,1.1392795897526848
urn:ioos:station:GOA_RUNOFF_DISCHARGE,urn:ioos:sensor:GOA_RUNOFF_DISCHARGE:q,58.069320239858385,-154.46915010358515,2009-09-17T00:00:00Z,3.1860588628637734
urn:ioos:station:GOA_RUNOFF_DISCHARGE,urn:ioos:sensor:GOA_RUNOFF_DISCHARGE:q,58.069320239858385,-154.46915010358515,2009-09-18T00:00:00Z,2.3695397942491723
urn:ioos:station:GOA_RUNOFF_DISCHARGE,urn:ioos:sensor:GOA_RUNOFF_DISCHARGE:q,58.069320239858385,-154.46915010358515,2009-09-19T00:00:00Z,1.6885799550699316
urn:ioos:station:GOA_RUNOFF_DISCHARGE,urn:ioos:sensor:GOA_RUNOFF_DISCHARGE:q,58.069320239858385,-154.46915010358515,2009-09-20T00:00:00Z,1.196310637195361
urn:ioos:station:GOA_RUNOFF_DISCHARGE,urn:ioos:sensor:GOA_RUNOFF_DISCHARGE:q,58.069320239858385,-154.46915010358515,2009-09-21T00:00:00Z,0.8468573199096998
urn:ioos:station:GOA_RUNOFF_DISCHARGE,urn:ioos:sensor:GOA_RUNOFF_DISCHARGE:q,58.069320239858385,-154.46915010358515,2009-09-22T00:00:00Z,0.5994132045375226
urn:ioos:station:GOA_RUNOFF_DISCHARGE,urn:ioos:sensor:GOA_RUNOFF_DISCHARGE:q,58.069320239858385,-154.46915010358515,2009-09-23T00:00:00Z,0.42426319422869696
urn:ioos:station:GOA_RUNOFF_DISCHARGE,urn:ioos:sensor:GOA_RUNOFF_DISCHARGE:q,58.069320239858385,-154.46915010358515,2009-09-24T00:00:00Z,2.6622823405467457
urn:ioos:station:GOA_RUNOFF_DISCHARGE,urn:ioos:sensor:GOA_RUNOFF_DISCHARGE:q,58.069320239858385,-154.46915010358515,2009-09-25T00:00:00Z,3.0069803188035404
urn:ioos:station:GOA_RUNOFF_DISCHARGE,urn:ioos:sensor:GOA_RUNOFF_DISCHARGE:q,58.069320239858385,-154.46915010358515,2009-09-26T00:00:00Z,2.1873059778591615
urn:ioos:station:GOA_RUNOFF_DISCHARGE,urn:ioos:sensor:GOA_RUNOFF_DISCHARGE:q,58.069320239858385,-154.46915010358515,2009-09-27T00:00:00Z,2.4541719758064433
urn:ioos:station:GOA_RUNOFF_DISCHARGE,urn:ioos:sensor:GOA_RUNOFF_DISCHARGE:q,58.069320239858385,-154.46915010358515,2009-09-28T00:00:00Z,1.7802204616585544
urn:ioos:station:GOA_RUNOFF_DISCHARGE,urn:ioos:sensor:GOA_RUNOFF_DISCHARGE:q,58.069320239858385,-154.46915010358515,2009-09-29T00:00:00Z,2.33578874704251
urn:ioos:station:GOA_RUNOFF_DISCHARGE,urn:ioos:sensor:GOA_RUNOFF_DISCHARGE:q,58.069320239858385,-154.46915010358515,2009-09-30T00:00:00Z,1.9196244556802124
urn:ioos:station:GOA_RUNOFF_DISCHARGE,urn:ioos:sensor:GOA_RUNOFF_DISCHARGE:q,58.069320239858385,-154.46915010358515,2009-10-01T00:00:00Z,1.3739883582165895
urn:ioos:station:GOA_RUNOFF_DISCHARGE,urn:ioos:sensor:GOA_RUNOFF_DISCHARGE:q,58.069320239858385,-154.46915010358515,2009-10-02T00:00:00Z,0.9740293713580543
urn:ioos:station:GOA_RUNOFF_DISCHARGE,urn:ioos:sensor:GOA_RUNOFF_DISCHARGE:q,58.069320239858385,-154.46915010358515,2009-10-03T00:00:00Z,1.7834390130906768
urn:ioos:station:GOA_RUNOFF_DISCHARGE,urn:ioos:sensor:GOA_RUNOFF_DISCHARGE:q,58.069320239858385,-154.46915010358515,2009-10-04T00:00:00Z,1.7447154913906595
urn:ioos:station:GOA_RUNOFF_DISCHARGE,urn:ioos:sensor:GOA_RUNOFF_DISCHARGE:q,58.069320239858385,-154.46915010358515,2009-10-05T00:00:00Z,1.260442362953891
urn:ioos:station:GOA_RUNOFF_DISCHARGE,urn:ioos:sensor:GOA_RUNOFF_DISCHARGE:q,58.069320239858385,-154.46915010358515,2009-10-06T00:00:00Z,2.2770865261339748
urn:ioos:station:GOA_RUNOFF_DISCHARGE,urn:ioos:sensor:GOA_RUNOFF_DISCHARGE:q,58.069320239858385,-154.46915010358515,2009-10-07T00:00:00Z,5.43375625845912
urn:ioos:station:GOA_RUNOFF_DISCHARGE,urn:ioos:sensor:GOA_RUNOFF_DISCHARGE:q,58.069320239858385,-154.46915010358515,2009-10-08T00:00:00Z,8.513214698218745
urn:ioos:station:GOA_RUNOFF_DISCHARGE,urn:ioos:sensor:GOA_RUNOFF_DISCHARGE:q,58.069320239858385,-154.46915010358515,2009-10-09T00:00:00Z,11.345415242085126
urn:ioos:station:GOA_RUNOFF_DISCHARGE,urn:ioos:sensor:GOA_RUNOFF_DISCHARGE:q,58.069320239858385,-154.46915010358515,2009-10-10T00:00:00Z,16.499765189512445
urn:ioos:station:GOA_RUNOFF_DISCHARGE,urn:ioos:sensor:GOA_RUNOFF_DISCHARGE:q,58.069320239858385,-154.46915010358515,2009-10-11T00:00:00Z,12.226202461466846
urn:ioos:station:GOA_RUNOFF_DISCHARGE,urn:ioos:sensor:GOA_RUNOFF_DISCHARGE:q,58.069320239858385,-154.46915010358515,2009-10-12T00:00:00Z,9.021322472828082
urn:ioos:station:GOA_RUNOFF_DISCHARGE,urn:ioos:sensor:GOA_RUNOFF_DISCHARGE:q,58.069320239858385,-154.46915010358515,2009-10-13T00:00:00Z,6.405151785184155
urn:ioos:station:GOA_RUNOFF_DISCHARGE,urn:ioos:sensor:GOA_RUNOFF_DISCHARGE:q,58.069320239858385,-154.46915010358515,2009-10-14T00:00:00Z,4.535525056012054
urn:ioos:station:GOA_RUNOFF_DISCHARGE,urn:ioos:sensor:GOA_RUNOFF_DISCHARGE:q,58.069320239858385,-154.46915010358515,2009-10-15T00:00:00Z,3.2104230275123
urn:ioos:station:GOA_RUNOFF_DISCHARGE,urn:ioos:sensor:GOA_RUNOFF_DISCHARGE:q,58.069320239858385,-154.46915010358515,2009-10-16T00:00:00Z,2.272343093048481
urn:ioos:station:GOA_RUNOFF_DISCHARGE,urn:ioos:sensor:GOA_RUNOFF_DISCHARGE:q,58.069320239858385,-154.46915010358515,2009-10-17T00:00:00Z,1.6083562614951017
urn:ioos:station:GOA_RUNOFF_DISCHARGE,urn:ioos:sensor:GOA_RUNOFF_DISCHARGE:q,58.069320239858385,-154.46915010358515,2009-10-18T00:00:00Z,1.1383876306801408
urn:ioos:station:GOA_RUNOFF_DISCHARGE,urn:ioos:sensor:GOA_RUNOFF_DISCHARGE:q,58.069320239858385,-154.46915010358515,2009-10-19T00:00:00Z,0.8057457685511548
urn:ioos:station:GOA_RUNOFF_DISCHARGE,urn:ioos:sensor:GOA_RUNOFF_DISCHARGE:q,58.069320239858385,-154.46915010358515,2009-10-20T00:00:00Z,0.6900107899539341
urn:ioos:station:GOA_RUNOFF_DISCHARGE,urn:ioos:sensor:GOA_RUNOFF_DISCHARGE:q,58.069320239858385,-154.46915010358515,2009-10-21T00:00:00Z,3.0653644339543455
urn:ioos:station:GOA_RUNOFF_DISCHARGE,urn:ioos:sensor:GOA_RUNOFF_DISCHARGE:q,58.069320239858385,-154.46915010358515,2009-10-22T00:00:00Z,3.809033074212377
urn:ioos:station:GOA_RUNOFF_DISCHARGE,urn:ioos:sensor:GOA_RUNOFF_DISCHARGE:q,58.069320239858385,-154.46915010358515,2009-10-23T00:00:00Z,7.567160281285703
urn:ioos:station:GOA_RUNOFF_DISCHARGE,urn:ioos:sensor:GOA_RUNOFF_DISCHARGE:q,58.069320239858385,-154.46915010358515,2009-10-24T00:00:00Z,7.199005358109623
urn:ioos:station:GOA_RUNOFF_DISCHARGE,urn:ioos:sensor:GOA_RUNOFF_DISCHARGE:q,58.069320239858385,-154.46915010358515,2009-10-25T00:00:00Z,5.194949082769999
urn:ioos:station:GOA_RUNOFF_DISCHARGE,urn:ioos:sensor:GOA_RUNOFF_DISCHARGE:q,58.069320239858385,-154.46915010358515,2009-10-26T00:00:00Z,3.7130477534158133
urn:ioos:station:GOA_RUNOFF_DISCHARGE,urn:ioos:sensor:GOA_RUNOFF_DISCHARGE:q,58.069320239858385,-154.46915010358515,2009-10-27T00:00:00Z,2.630535964777757
urn:ioos:station:GOA_RUNOFF_DISCHARGE,urn:ioos:sensor:GOA_RUNOFF_DISCHARGE:q,58.069320239858385,-154.46915010358515,2009-10-28T00:00:00Z,1.8621148024697025
urn:ioos:station:GOA_RUNOFF_DISCHARGE,urn:ioos:sensor:GOA_RUNOFF_DISCHARGE:q,58.069320239858385,-154.46915010358515,2009-10-29T00:00:00Z,1.2077800731632862
urn:ioos:station:GOA_RUNOFF_DISCHARGE,urn:ioos:sensor:GOA_RUNOFF_DISCHARGE:q,58.069320239858385,-154.46915010358515,2009-10-30T00:00:00Z,0.859935308028067
urn:ioos:station:GOA_RUNOFF_DISCHARGE,urn:ioos:sensor:GOA_RUNOFF_DISCHARGE:q,58.069320239858385,-154.46915010358515,2009-10-31T00:00:00Z,0.5550846146567865
urn:ioos:station:GOA_RUNOFF_DISCHARGE,urn:ioos:sensor:GOA_RUNOFF_DISCHARGE:q,58.069320239858385,-154.46915010358515,2009-11-01T00:00:00Z,0.3951568134004912
urn:ioos:station:GOA_RUNOFF_DISCHARGE,urn:ioos:sensor:GOA_RUNOFF_DISCHARGE:q,58.069320239858385,-154.46915010358515,2009-11-02T00:00:00Z,0.27991691813361735
urn:ioos:station:GOA_RUNOFF_DISCHARGE,urn:ioos:sensor:GOA_RUNOFF_DISCHARGE:q,58.069320239858385,-154.46915010358515,2009-11-03T00:00:00Z,0.4432681056709953
urn:ioos:station:GOA_RUNOFF_DISCHARGE,urn:ioos:sensor:GOA_RUNOFF_DISCHARGE:q,58.069320239858385,-154.46915010358515,2009-11-04T00:00:00Z,4.460626805395422
urn:ioos:station:GOA_RUNOFF_DISCHARGE,urn:ioos:sensor:GOA_RUNOFF_DISCHARGE:q,58.069320239858385,-154.46915010358515,2009-11-05T00:00:00Z,6.789704020867887
urn:ioos:station:GOA_RUNOFF_DISCHARGE,urn:ioos:sensor:GOA_RUNOFF_DISCHARGE:q,58.069320239858385,-154.46915010358515,2009-11-06T00:00:00Z,4.519024076284761
urn:ioos:station:GOA_RUNOFF_DISCHARGE,urn:ioos:sensor:GOA_RUNOFF_DISCHARGE:q,58.069320239858385,-154.46915010358515,2009-11-07T00:00:00Z,2.940028660490441
urn:ioos:station:GOA_RUNOFF_DISCHARGE,urn:ioos:sensor:GOA_RUNOFF_DISCHARGE:q,58.069320239858385,-154.46915010358515,2009-11-08T00:00:00Z,1.9090443476371246
urn:ioos:station:GOA_RUNOFF_DISCHARGE,urn:ioos:sensor:GOA_RUNOFF_DISCHARGE:q,58.069320239858385,-154.46915010358515,2009-11-09T00:00:00Z,1.239388971464604
urn:ioos:station:GOA_RUNOFF_DISCHARGE,urn:ioos:sensor:GOA_RUNOFF_DISCHARGE:q,58.069320239858385,-154.46915010358515,2009-11-10T00:00:00Z,2.6827621418359895
urn:ioos:station:GOA_RUNOFF_DISCHARGE,urn:ioos:sensor:GOA_RUNOFF_DISCHARGE:q,58.069320239858385,-154.46915010358515,2009-11-11T00:00:00Z,3.5867695028433975
urn:ioos:station:GOA_RUNOFF_DISCHARGE,urn:ioos:sensor:GOA_RUNOFF_DISCHARGE:q,58.069320239858385,-154.46915010358515,2009-11-12T00:00:00Z,2.393825287581271
urn:ioos:station:GOA_RUNOFF_DISCHARGE,urn:ioos:sensor:GOA_RUNOFF_DISCHARGE:q,58.069320239858385,-154.46915010358515,2009-11-13T00:00:00Z,3.0545496275358275
urn:ioos:station:GOA_RUNOFF_DISCHARGE,urn:ioos:sensor:GOA_RUNOFF_DISCHARGE:q,58.069320239858385,-154.46915010358515,2009-11-14T00:00:00Z,2.0240456306963543
urn:ioos:station:GOA_RUNOFF_DISCHARGE,urn:ioos:sensor:GOA_RUNOFF_DISCHARGE:q,58.069320239858385,-154.46915010358515,2009-11-15T00:00:00Z,1.316331097619738
urn:ioos:station:GOA_RUNOFF_DISCHARGE,urn:ioos:sensor:GOA_RUNOFF_DISCHARGE:q,58.069320239858385,-154.46915010358515,2009-11-16T00:00:00Z,0.8547037312643027
urn:ioos:station:GOA_RUNOFF_DISCHARGE,urn:ioos:sensor:GOA_RUNOFF_DISCHARGE:q,58.069320239858385,-154.46915010358515,2009-11-17T00:00:00Z,0.5548889230461066
urn:ioos:station:GOA_RUNOFF_DISCHARGE,urn:ioos:sensor:GOA_RUNOFF_DISCHARGE:q,58.069320239858385,-154.46915010358515,2009-11-18T00:00:00Z,0.36023950997286985
urn:ioos:station:GOA_RUNOFF_DISCHARGE,urn:ioos:sensor:GOA_RUNOFF_DISCHARGE:q,58.069320239858385,-154.46915010358515,2009-11-19T00:00:00Z,0.2338708959214048
urn:ioos:station:GOA_RUNOFF_DISCHARGE,urn:ioos:sensor:GOA_RUNOFF_DISCHARGE:q,58.069320239858385,-154.46915010358515,2009-11-20T00:00:00Z,0.15183118419946606
urn:ioos:station:GOA_RUNOFF_DISCHARGE,urn:ioos:sensor:GOA_RUNOFF_DISCHARGE:q,58.069320239858385,-154.46915010358515,2009-11-21T00:00:00Z,0.09857023430457598
urn:ioos:station:GOA_RUNOFF_DISCHARGE,urn:ioos:sensor:GOA_RUNOFF_DISCHARGE:q,58.069320239858385,-154.46915010358515,2009-11-22T00:00:00Z,1.6626311817150936
urn:ioos:station:GOA_RUNOFF_DISCHARGE,urn:ioos:sensor:GOA_RUNOFF_DISCHARGE:q,58.069320239858385,-154.46915010358515,2009-11-23T00:00:00Z,5.021261234131089
urn:ioos:station:GOA_RUNOFF_DISCHARGE,urn:ioos:sensor:GOA_RUNOFF_DISCHARGE:q,58.069320239858385,-154.46915010358515,2009-11-24T00:00:00Z,3.3685513210733453
urn:ioos:station:GOA_RUNOFF_DISCHARGE,urn:ioos:sensor:GOA_RUNOFF_DISCHARGE:q,58.069320239858385,-154.46915010358515,2009-11-25T00:00:00Z,2.192997018791194
urn:ioos:station:GOA_RUNOFF_DISCHARGE,urn:ioos:sensor:GOA_RUNOFF_DISCHARGE:q,58.069320239858385,-154.46915010358515,2009-11-26T00:00:00Z,1.4240567310406236
urn:ioos:station:GOA_RUNOFF_DISCHARGE,urn:ioos:sensor:GOA_RUNOFF_DISCHARGE:q,58.069320239858385,-154.46915010358515,2009-11-27T00:00:00Z,0.9245302473403475
urn:ioos:station:GOA_RUNOFF_DISCHARGE,urn:ioos:sensor:GOA_RUNOFF_DISCHARGE:q,58.069320239858385,-154.46915010358515,2009-11-28T00:00:00Z,0.6002147179076516
urn:ioos:station:GOA_RUNOFF_DISCHARGE,urn:ioos:sensor:GOA_RUNOFF_DISCHARGE:q,58.069320239858385,-154.46915010358515,2009-11-29T00:00:00Z,0.3896651147965812
urn:ioos:station:GOA_RUNOFF_DISCHARGE,urn:ioos:sensor:GOA_RUNOFF_DISCHARGE:q,58.069320239858385,-154.46915010358515,2009-11-30T00:00:00Z,0.2529742616219502
urn:ioos:station:GOA_RUNOFF_DISCHARGE,urn:ioos:sensor:GOA_RUNOFF_DISCHARGE:q,58.069320239858385,-154.46915010358515,2009-12-01T00:00:00Z,0.41397935341737446
urn:ioos:station:GOA_RUNOFF_DISCHARGE,urn:ioos:sensor:GOA_RUNOFF_DISCHARGE:q,58.069320239858385,-154.46915010358515,2009-12-02T00:00:00Z,0.8227912642963334
urn:ioos:station:GOA_RUNOFF_DISCHARGE,urn:ioos:sensor:GOA_RUNOFF_DISCHARGE:q,58.069320239858385,-154.46915010358515,2009-12-03T00:00:00Z,0.5494615888929698
urn:ioos:station:GOA_RUNOFF_DISCHARGE,urn:ioos:sensor:GOA_RUNOFF_DISCHARGE:q,58.069320239858385,-154.46915010358515,2009-12-04T00:00:00Z,3.0704167637805964
urn:ioos:station:GOA_RUNOFF_DISCHARGE,urn:ioos:sensor:GOA_RUNOFF_DISCHARGE:q,58.069320239858385,-154.46915010358515,2009-12-05T00:00:00Z,16.485121273836484
urn:ioos:station:GOA_RUNOFF_DISCHARGE,urn:ioos:sensor:GOA_RUNOFF_DISCHARGE:q,58.069320239858385,-154.46915010358515,2009-12-06T00:00:00Z,14.94900882959419
urn:ioos:station:GOA_RUNOFF_DISCHARGE,urn:ioos:sensor:GOA_RUNOFF_DISCHARGE:q,58.069320239858385,-154.46915010358515,2009-12-07T00:00:00Z,10.775012940603405
urn:ioos:station:GOA_RUNOFF_DISCHARGE,urn:ioos:sensor:GOA_RUNOFF_DISCHARGE:q,58.069320239858385,-154.46915010358515,2009-12-08T00:00:00Z,6.967984800943473
urn:ioos:station:GOA_RUNOFF_DISCHARGE,urn:ioos:sensor:GOA_RUNOFF_DISCHARGE:q,58.069320239858385,-154.46915010358515,2009-12-09T00:00:00Z,4.531715154132869
urn:ioos:station:GOA_RUNOFF_DISCHARGE,urn:ioos:sensor:GOA_RUNOFF_DISCHARGE:q,58.069320239858385,-154.46915010358515,2009-12-10T00:00:00Z,2.9450557312987082
urn:ioos:station:GOA_RUNOFF_DISCHARGE,urn:ioos:sensor:GOA_RUNOFF_DISCHARGE:q,58.069320239858385,-154.46915010358515,2009-12-11T00:00:00Z,1.9123435437464549
urn:ioos:station:GOA_RUNOFF_DISCHARGE,urn:ioos:sensor:GOA_RUNOFF_DISCHARGE:q,58.069320239858385,-154.46915010358515,2009-12-12T00:00:00Z,1.2415244109432964
urn:ioos:station:GOA_RUNOFF_DISCHARGE,urn:ioos:sensor:GOA_RUNOFF_DISCHARGE:q,58.069320239858385,-154.46915010358515,2009-12-13T00:00:00Z,0.8060100673382846
urn:ioos:station:GOA_RUNOFF_DISCHARGE,urn:ioos:sensor:GOA_RUNOFF_DISCHARGE:q,58.069320239858385,-154.46915010358515,2009-12-14T00:00:00Z,0.5232693028178842
urn:ioos:station:GOA_RUNOFF_DISCHARGE,urn:ioos:sensor:GOA_RUNOFF_DISCHARGE:q,58.069320239858385,-154.46915010358515,2009-12-15T00:00:00Z,0.3397113284551705
urn:ioos:station:GOA_RUNOFF_DISCHARGE,urn:ioos:sensor:GOA_RUNOFF_DISCHARGE:q,58.069320239858385,-154.46915010358515,2009-12-16T00:00:00Z,0.22054378744924033
urn:ioos:station:GOA_RUNOFF_DISCHARGE,urn:ioos:sensor:GOA_RUNOFF_DISCHARGE:q,58.069320239858385,-154.46915010358515,2009-12-17T00:00:00Z,0.14317909897242317
urn:ioos:station:GOA_RUNOFF_DISCHARGE,urn:ioos:sensor:GOA_RUNOFF_DISCHARGE:q,58.069320239858385,-154.46915010358515,2009-12-18T00:00:00Z,0.09295321084646507
urn:ioos:station:GOA_RUNOFF_DISCHARGE,urn:ioos:sensor:GOA_RUNOFF_DISCHARGE:q,58.069320239858385,-154.46915010358515,2009-12-19T00:00:00Z,0.0603461003281069
urn:ioos:station:GOA_RUNOFF_DISCHARGE,urn:ioos:sensor:GOA_RUNOFF_DISCHARGE:q,58.069320239858385,-154.46915010358515,2009-12-20T00:00:00Z,5.026916096782156
urn:ioos:station:GOA_RUNOFF_DISCHARGE,urn:ioos:sensor:GOA_RUNOFF_DISCHARGE:q,58.069320239858385,-154.46915010358515,2009-12-21T00:00:00Z,18.23400726589952
urn:ioos:station:GOA_RUNOFF_DISCHARGE,urn:ioos:sensor:GOA_RUNOFF_DISCHARGE:q,58.069320239858385,-154.46915010358515,2009-12-22T00:00:00Z,13.679084336535183
urn:ioos:station:GOA_RUNOFF_DISCHARGE,urn:ioos:sensor:GOA_RUNOFF_DISCHARGE:q,58.069320239858385,-154.46915010358515,2009-12-23T00:00:00Z,8.967368157956141
urn:ioos:station:GOA_RUNOFF_DISCHARGE,urn:ioos:sensor:GOA_RUNOFF_DISCHARGE:q,58.069320239858385,-154.46915010358515,2009-12-24T00:00:00Z,7.26504137702082
urn:ioos:station:GOA_RUNOFF_DISCHARGE,urn:ioos:sensor:GOA_RUNOFF_DISCHARGE:q,58.069320239858385,-154.46915010358515,2009-12-25T00:00:00Z,6.226924154292243
urn:ioos:station:GOA_RUNOFF_DISCHARGE,urn:ioos:sensor:GOA_RUNOFF_DISCHARGE:q,58.069320239858385,-154.46915010358515,2009-12-26T00:00:00Z,4.708066776709962
urn:ioos:station:GOA_RUNOFF_DISCHARGE,urn:ioos:sensor:GOA_RUNOFF_DISCHARGE:q,58.069320239858385,-154.46915010358515,2009-12-27T00:00:00Z,5.565121043777973
urn:ioos:station:GOA_RUNOFF_DISCHARGE,urn:ioos:sensor:GOA_RUNOFF_DISCHARGE:q,58.069320239858385,-154.46915010358515,2009-12-28T00:00:00Z,5.516342196444953
urn:ioos:station:GOA_RUNOFF_DISCHARGE,urn:ioos:sensor:GOA_RUNOFF_DISCHARGE:q,58.069320239858385,-154.46915010358515,2009-12-29T00:00:00Z,5.180512501533319
urn:ioos:station:GOA_RUNOFF_DISCHARGE,urn:ioos:sensor:GOA_RUNOFF_DISCHARGE:q,58.069320239858385,-154.46915010358515,2009-12-30T00:00:00Z,5.1319009951944405
urn:ioos:station:GOA_RUNOFF_DISCHARGE,urn:ioos:sensor:GOA_RUNOFF_DISCHARGE:q,58.069320239858385,-154.46915010358515,2009-12-31T00:00:00Z,3.7412265560093965
urn:ioos:station:GOA_RUNOFF_DISCHARGE,urn:ioos:sensor:GOA_RUNOFF_DISCHARGE:q,58.069320239858385,-154.46915010358515,2010-01-01T00:00:00Z,2.428752457812792
urn:ioos:station:GOA_RUNOFF_DISCHARGE,urn:ioos:sensor:GOA_RUNOFF_DISCHARGE:q,58.069320239858385,-154.46915010358515,2010-01-02T00:00:00Z,1.5765546316242738
urn:ioos:station:GOA_RUNOFF_DISCHARGE,urn:ioos:sensor:GOA_RUNOFF_DISCHARGE:q,58.069320239858385,-154.46915010358515,2010-01-03T00:00:00Z,2.194865133662894
urn:ioos:station:GOA_RUNOFF_DISCHARGE,urn:ioos:sensor:GOA_RUNOFF_DISCHARGE:q,58.069320239858385,-154.46915010358515,2010-01-04T00:00:00Z,4.512626703750886
urn:ioos:station:GOA_RUNOFF_DISCHARGE,urn:ioos:sensor:GOA_RUNOFF_DISCHARGE:q,58.069320239858385,-154.46915010358515,2010-01-05T00:00:00Z,4.319847773582285
urn:ioos:station:GOA_RUNOFF_DISCHARGE,urn:ioos:sensor:GOA_RUNOFF_DISCHARGE:q,58.069320239858385,-154.46915010358515,2010-01-06T00:00:00Z,4.555610185145305
urn:ioos:station:GOA_RUNOFF_DISCHARGE,urn:ioos:sensor:GOA_RUNOFF_DISCHARGE:q,58.069320239858385,-154.46915010358515,2010-01-07T00:00:00Z,3.719763231707418
urn:ioos:station:GOA_RUNOFF_DISCHARGE,urn:ioos:sensor:GOA_RUNOFF_DISCHARGE:q,58.069320239858385,-154.46915010358515,2010-01-08T00:00:00Z,2.891528714814323
urn:ioos:station:GOA_RUNOFF_DISCHARGE,urn:ioos:sensor:GOA_RUNOFF_DISCHARGE:q,58.069320239858385,-154.46915010358515,2010-01-09T00:00:00Z,2.3074062936164346
urn:ioos:station:GOA_RUNOFF_DISCHARGE,urn:ioos:sensor:GOA_RUNOFF_DISCHARGE:q,58.069320239858385,-154.46915010358515,2010-01-10T00:00:00Z,2.408801254097808
urn:ioos:station:GOA_RUNOFF_DISCHARGE,urn:ioos:sensor:GOA_RUNOFF_DISCHARGE:q,58.069320239858385,-154.46915010358515,2010-01-11T00:00:00Z,1.758330628313333
urn:ioos:station:GOA_RUNOFF_DISCHARGE,urn:ioos:sensor:GOA_RUNOFF_DISCHARGE:q,58.069320239858385,-154.46915010358515,2010-01-12T00:00:00Z,1.1383401384640364
urn:ioos:station:GOA_RUNOFF_DISCHARGE,urn:ioos:sensor:GOA_RUNOFF_DISCHARGE:q,58.069320239858385,-154.46915010358515,2010-01-13T00:00:00Z,0.7388423260197788
urn:ioos:station:GOA_RUNOFF_DISCHARGE,urn:ioos:sensor:GOA_RUNOFF_DISCHARGE:q,58.069320239858385,-154.46915010358515,2010-01-14T00:00:00Z,0.9679800338870727
urn:ioos:station:GOA_RUNOFF_DISCHARGE,urn:ioos:sensor:GOA_RUNOFF_DISCHARGE:q,58.069320239858385,-154.46915010358515,2010-01-15T00:00:00Z,0.9735438588274903
urn:ioos:station:GOA_RUNOFF_DISCHARGE,urn:ioos:sensor:GOA_RUNOFF_DISCHARGE:q,58.069320239858385,-154.46915010358515,2010-01-16T00:00:00Z,0.9302499677823823
urn:ioos:station:GOA_RUNOFF_DISCHARGE,urn:ioos:sensor:GOA_RUNOFF_DISCHARGE:q,58.069320239858385,-154.46915010358515,2010-01-17T00:00:00Z,0.6123477293271863
urn:ioos:station:GOA_RUNOFF_DISCHARGE,urn:ioos:sensor:GOA_RUNOFF_DISCHARGE:q,58.069320239858385,-154.46915010358515,2010-01-18T00:00:00Z,0.9537533524586881
urn:ioos:station:GOA_RUNOFF_DISCHARGE,urn:ioos:sensor:GOA_RUNOFF_DISCHARGE:q,58.069320239858385,-154.46915010358515,2010-01-19T00:00:00Z,0.6391016338802498
urn:ioos:station:GOA_RUNOFF_DISCHARGE,urn:ioos:sensor:GOA_RUNOFF_DISCHARGE:q,58.069320239858385,-154.46915010358515,2010-01-20T00:00:00Z,1.2635077815894882
urn:ioos:station:GOA_RUNOFF_DISCHARGE,urn:ioos:sensor:GOA_RUNOFF_DISCHARGE:q,58.069320239858385,-154.46915010358515,2010-01-21T00:00:00Z,0.8434434715390536
urn:ioos:station:GOA_RUNOFF_DISCHARGE,urn:ioos:sensor:GOA_RUNOFF_DISCHARGE:q,58.069320239858385,-154.46915010358515,2010-01-22T00:00:00Z,0.5488715540197604
urn:ioos:station:GOA_RUNOFF_DISCHARGE,urn:ioos:sensor:GOA_RUNOFF_DISCHARGE:q,58.069320239858385,-154.46915010358515,2010-01-23T00:00:00Z,0.3564055659815155
urn:ioos:station:GOA_RUNOFF_DISCHARGE,urn:ioos:sensor:GOA_RUNOFF_DISCHARGE:q,58.069320239858385,-154.46915010358515,2010-01-24T00:00:00Z,2.067905547391849
urn:ioos:station:GOA_RUNOFF_DISCHARGE,urn:ioos:sensor:GOA_RUNOFF_DISCHARGE:q,58.069320239858385,-154.46915010358515,2010-01-25T00:00:00Z,1.6845293031755908
urn:ioos:station:GOA_RUNOFF_DISCHARGE,urn:ioos:sensor:GOA_RUNOFF_DISCHARGE:q,58.069320239858385,-154.46915010358515,2010-01-26T00:00:00Z,1.2216428010851526
urn:ioos:station:GOA_RUNOFF_DISCHARGE,urn:ioos:sensor:GOA_RUNOFF_DISCHARGE:q,58.069320239858385,-154.46915010358515,2010-01-27T00:00:00Z,2.0254075127493008
urn:ioos:station:GOA_RUNOFF_DISCHARGE,urn:ioos:sensor:GOA_RUNOFF_DISCHARGE:q,58.069320239858385,-154.46915010358515,2010-01-28T00:00:00Z,3.5604472380716046
urn:ioos:station:GOA_RUNOFF_DISCHARGE,urn:ioos:sensor:GOA_RUNOFF_DISCHARGE:q,58.069320239858385,-154.46915010358515,2010-01-29T00:00:00Z,5.112253162810029
urn:ioos:station:GOA_RUNOFF_DISCHARGE,urn:ioos:sensor:GOA_RUNOFF_DISCHARGE:q,58.069320239858385,-154.46915010358515,2010-01-30T00:00:00Z,3.877443440814026
urn:ioos:station:GOA_RUNOFF_DISCHARGE,urn:ioos:sensor:GOA_RUNOFF_DISCHARGE:q,58.069320239858385,-154.46915010358515,2010-01-31T00:00:00Z,2.768173669343961
urn:ioos:station:GOA_RUNOFF_DISCHARGE,urn:ioos:sensor:GOA_RUNOFF_DISCHARGE:q,58.069320239858385,-154.46915010358515,2010-02-01T00:00:00Z,2.08399409471613
urn:ioos:station:GOA_RUNOFF_DISCHARGE,urn:ioos:sensor:GOA_RUNOFF_DISCHARGE:q,58.069320239858385,-154.46915010358515,2010-02-02T00:00:00Z,1.698654751195963
urn:ioos:station:GOA_RUNOFF_DISCHARGE,urn:ioos:sensor:GOA_RUNOFF_DISCHARGE:q,58.069320239858385,-154.46915010358515,2010-02-03T00:00:00Z,1.1905202704374032
urn:ioos:station:GOA_RUNOFF_DISCHARGE,urn:ioos:sensor:GOA_RUNOFF_DISCHARGE:q,58.069320239858385,-154.46915010358515,2010-02-04T00:00:00Z,0.7753829160249992
urn:ioos:station:GOA_RUNOFF_DISCHARGE,urn:ioos:sensor:GOA_RUNOFF_DISCHARGE:q,58.069320239858385,-154.46915010358515,2010-02-05T00:00:00Z,0.5035253677634891
urn:ioos:station:GOA_RUNOFF_DISCHARGE,urn:ioos:sensor:GOA_RUNOFF_DISCHARGE:q,58.069320239858385,-154.46915010358515,2010-02-06T00:00:00Z,0.32690122406268357
urn:ioos:station:GOA_RUNOFF_DISCHARGE,urn:ioos:sensor:GOA_RUNOFF_DISCHARGE:q,58.069320239858385,-154.46915010358515,2010-02-07T00:00:00Z,0.21222779845237175
urn:ioos:station:GOA_RUNOFF_DISCHARGE,urn:ioos:sensor:GOA_RUNOFF_DISCHARGE:q,58.069320239858385,-154.46915010358515,2010-02-08T00:00:00Z,0.13778029632723002
urn:ioos:station:GOA_RUNOFF_DISCHARGE,urn:ioos:sensor:GOA_RUNOFF_DISCHARGE:q,58.069320239858385,-154.46915010358515,2010-02-09T00:00:00Z,5.728241150768016
urn:ioos:station:GOA_RUNOFF_DISCHARGE,urn:ioos:sensor:GOA_RUNOFF_DISCHARGE:q,58.069320239858385,-154.46915010358515,2010-02-10T00:00:00Z,5.790506735015627
urn:ioos:station:GOA_RUNOFF_DISCHARGE,urn:ioos:sensor:GOA_RUNOFF_DISCHARGE:q,58.069320239858385,-154.46915010358515,2010-02-11T00:00:00Z,4.753912946809183
urn:ioos:station:GOA_RUNOFF_DISCHARGE,urn:ioos:sensor:GOA_RUNOFF_DISCHARGE:q,58.069320239858385,-154.46915010358515,2010-02-12T00:00:00Z,4.719457015131917
urn:ioos:station:GOA_RUNOFF_DISCHARGE,urn:ioos:sensor:GOA_RUNOFF_DISCHARGE:q,58.069320239858385,-154.46915010358515,2010-02-13T00:00:00Z,4.623443277940122
urn:ioos:station:GOA_RUNOFF_DISCHARGE,urn:ioos:sensor:GOA_RUNOFF_DISCHARGE:q,58.069320239858385,-154.46915010358515,2010-02-14T00:00:00Z,3.884319682230506
urn:ioos:station:GOA_RUNOFF_DISCHARGE,urn:ioos:sensor:GOA_RUNOFF_DISCHARGE:q,58.069320239858385,-154.46915010358515,2010-02-15T00:00:00Z,3.903055821934573
urn:ioos:station:GOA_RUNOFF_DISCHARGE,urn:ioos:sensor:GOA_RUNOFF_DISCHARGE:q,58.069320239858385,-154.46915010358515,2010-02-16T00:00:00Z,7.089382798749651
urn:ioos:station:GOA_RUNOFF_DISCHARGE,urn:ioos:sensor:GOA_RUNOFF_DISCHARGE:q,58.069320239858385,-154.46915010358515,2010-02-17T00:00:00Z,6.008768330722838
urn:ioos:station:GOA_RUNOFF_DISCHARGE,urn:ioos:sensor:GOA_RUNOFF_DISCHARGE:q,58.069320239858385,-154.46915010358515,2010-02-18T00:00:00Z,4.564638179156258
urn:ioos:station:GOA_RUNOFF_DISCHARGE,urn:ioos:sensor:GOA_RUNOFF_DISCHARGE:q,58.069320239858385,-154.46915010358515,2010-02-19T00:00:00Z,6.941673323877278
urn:ioos:station:GOA_RUNOFF_DISCHARGE,urn:ioos:sensor:GOA_RUNOFF_DISCHARGE:q,58.069320239858385,-154.46915010358515,2010-02-20T00:00:00Z,5.407708948622669
urn:ioos:station:GOA_RUNOFF_DISCHARGE,urn:ioos:sensor:GOA_RUNOFF_DISCHARGE:q,58.069320239858385,-154.46915010358515,2010-02-21T00:00:00Z,3.8675942656038376
urn:ioos:station:GOA_RUNOFF_DISCHARGE,urn:ioos:sensor:GOA_RUNOFF_DISCHARGE:q,58.069320239858385,-154.46915010358515,2010-02-22T00:00:00Z,2.831343842173107
urn:ioos:station:GOA_RUNOFF_DISCHARGE,urn:ioos:sensor:GOA_RUNOFF_DISCHARGE:q,58.069320239858385,-154.46915010358515,2010-02-23T00:00:00Z,2.211798016286229
urn:ioos:station:GOA_RUNOFF_DISCHARGE,urn:ioos:sensor:GOA_RUNOFF_DISCHARGE:q,58.069320239858385,-154.46915010358515,2010-02-24T00:00:00Z,1.6080498643446657
urn:ioos:station:GOA_RUNOFF_DISCHARGE,urn:ioos:sensor:GOA_RUNOFF_DISCHARGE:q,58.069320239858385,-154.46915010358515,2010-02-25T00:00:00Z,1.0403544876235151
urn:ioos:station:GOA_RUNOFF_DISCHARGE,urn:ioos:sensor:GOA_RUNOFF_DISCHARGE:q,58.069320239858385,-154.46915010358515,2010-02-26T00:00:00Z,0.6751817730368116
urn:ioos:station:GOA_RUNOFF_DISCHARGE,urn:ioos:sensor:GOA_RUNOFF_DISCHARGE:q,58.069320239858385,-154.46915010358515,2010-02-27T00:00:00Z,0.4383216137612432
urn:ioos:station:GOA_RUNOFF_DISCHARGE,urn:ioos:sensor:GOA_RUNOFF_DISCHARGE:q,58.069320239858385,-154.46915010358515,2010-02-28T00:00:00Z,1.8947828692803201
urn:ioos:station:GOA_RUNOFF_DISCHARGE,urn:ioos:sensor:GOA_RUNOFF_DISCHARGE:q,58.069320239858385,-154.46915010358515,2010-03-01T00:00:00Z,1.2740005355287163
urn:ioos:station:GOA_RUNOFF_DISCHARGE,urn:ioos:sensor:GOA_RUNOFF_DISCHARGE:q,58.069320239858385,-154.46915010358515,2010-03-02T00:00:00Z,0.8295567343943643
urn:ioos:station:GOA_RUNOFF_DISCHARGE,urn:ioos:sensor:GOA_RUNOFF_DISCHARGE:q,58.069320239858385,-154.46915010358515,2010-03-03T00:00:00Z,0.5386943075799023
urn:ioos:station:GOA_RUNOFF_DISCHARGE,urn:ioos:sensor:GOA_RUNOFF_DISCHARGE:q,58.069320239858385,-154.46915010358515,2010-03-04T00:00:00Z,0.3497332056229527
urn:ioos:station:GOA_RUNOFF_DISCHARGE,urn:ioos:sensor:GOA_RUNOFF_DISCHARGE:q,58.069320239858385,-154.46915010358515,2010-03-05T00:00:00Z,0.2270505006149983
urn:ioos:station:GOA_RUNOFF_DISCHARGE,urn:ioos:sensor:GOA_RUNOFF_DISCHARGE:q,58.069320239858385,-154.46915010358515,2010-03-06T00:00:00Z,0.1474033408367082
urn:ioos:station:GOA_RUNOFF_DISCHARGE,urn:ioos:sensor:GOA_RUNOFF_DISCHARGE:q,58.069320239858385,-154.46915010358515,2010-03-07T00:00:00Z,0.09569563965640146
urn:ioos:station:GOA_RUNOFF_DISCHARGE,urn:ioos:sensor:GOA_RUNOFF_DISCHARGE:q,58.069320239858385,-154.46915010358515,2010-03-08T00:00:00Z,0.06212649931313735
urn:ioos:station:GOA_RUNOFF_DISCHARGE,urn:ioos:sensor:GOA_RUNOFF_DISCHARGE:q,58.069320239858385,-154.46915010358515,2010-03-09T00:00:00Z,0.04033310575370022
urn:ioos:station:GOA_RUNOFF_DISCHARGE,urn:ioos:sensor:GOA_RUNOFF_DISCHARGE:q,58.069320239858385,-154.46915010358515,2010-03-10T00:00:00Z,0.0261846290241425
urn:ioos:station:GOA_RUNOFF_DISCHARGE,urn:ioos:sensor:GOA_RUNOFF_DISCHARGE:q,58.069320239858385,-154.46915010358515,2010-03-11T00:00:00Z,0.01699930779721476
urn:ioos:station:GOA_RUNOFF_DISCHARGE,urn:ioos:sensor:GOA_RUNOFF_DISCHARGE:q,58.069320239858385,-154.46915010358515,2010-03-12T00:00:00Z,0.011036110607654774
urn:ioos:station:GOA_RUNOFF_DISCHARGE,urn:ioos:sensor:GOA_RUNOFF_DISCHARGE:q,58.069320239858385,-154.46915010358515,2010-03-13T00:00:00Z,0.007164746762510355
urn:ioos:station:GOA_RUNOFF_DISCHARGE,urn:ioos:sensor:GOA_RUNOFF_DISCHARGE:q,58.069320239858385,-154.46915010358515,2010-03-14T00:00:00Z,0.004651421027959574
urn:ioos:station:GOA_RUNOFF_DISCHARGE,urn:ioos:sensor:GOA_RUNOFF_DISCHARGE:q,58.069320239858385,-154.46915010358515,2010-03-15T00:00:00Z,0.0030197461253576854
urn:ioos:station:GOA_RUNOFF_DISCHARGE,urn:ioos:sensor:GOA_RUNOFF_DISCHARGE:q,58.069320239858385,-154.46915010358515,2010-03-16T00:00:00Z,0.001960447471886757
urn:ioos:station:GOA_RUNOFF_DISCHARGE,urn:ioos:sensor:GOA_RUNOFF_DISCHARGE:q,58.069320239858385,-154.46915010358515,2010-03-17T00:00:00Z,1.3779823088778527
urn:ioos:station:GOA_RUNOFF_DISCHARGE,urn:ioos:sensor:GOA_RUNOFF_DISCHARGE:q,58.069320239858385,-154.46915010358515,2010-03-18T00:00:00Z,6.451402625800656
urn:ioos:station:GOA_RUNOFF_DISCHARGE,urn:ioos:sensor:GOA_RUNOFF_DISCHARGE:q,58.069320239858385,-154.46915010358515,2010-03-19T00:00:00Z,7.109593170513737
urn:ioos:station:GOA_RUNOFF_DISCHARGE,urn:ioos:sensor:GOA_RUNOFF_DISCHARGE:q,58.069320239858385,-154.46915010358515,2010-03-20T00:00:00Z,7.76049017378407
urn:ioos:station:GOA_RUNOFF_DISCHARGE,urn:ioos:sensor:GOA_RUNOFF_DISCHARGE:q,58.069320239858385,-154.46915010358515,2010-03-21T00:00:00Z,5.86440778065145
urn:ioos:station:GOA_RUNOFF_DISCHARGE,urn:ioos:sensor:GOA_RUNOFF_DISCHARGE:q,58.069320239858385,-154.46915010358515,2010-03-22T00:00:00Z,3.8076267257631886
urn:ioos:station:GOA_RUNOFF_DISCHARGE,urn:ioos:sensor:GOA_RUNOFF_DISCHARGE:q,58.069320239858385,-154.46915010358515,2010-03-23T00:00:00Z,2.747203685236974
urn:ioos:station:GOA_RUNOFF_DISCHARGE,urn:ioos:sensor:GOA_RUNOFF_DISCHARGE:q,58.069320239858385,-154.46915010358515,2010-03-24T00:00:00Z,1.882347275874524
urn:ioos:station:GOA_RUNOFF_DISCHARGE,urn:ioos:sensor:GOA_RUNOFF_DISCHARGE:q,58.069320239858385,-154.46915010358515,2010-03-25T00:00:00Z,1.7823773449910558
urn:ioos:station:GOA_RUNOFF_DISCHARGE,urn:ioos:sensor:GOA_RUNOFF_DISCHARGE:q,58.069320239858385,-154.46915010358515,2010-03-26T00:00:00Z,1.6276033700837942
urn:ioos:station:GOA_RUNOFF_DISCHARGE,urn:ioos:sensor:GOA_RUNOFF_DISCHARGE:q,58.069320239858385,-154.46915010358515,2010-03-27T00:00:00Z,1.1704764503231462
urn:ioos:station:GOA_RUNOFF_DISCHARGE,urn:ioos:sensor:GOA_RUNOFF_DISCHARGE:q,58.069320239858385,-154.46915010358515,2010-03-28T00:00:00Z,1.0284797233513852
urn:ioos:station:GOA_RUNOFF_DISCHARGE,urn:ioos:sensor:GOA_RUNOFF_DISCHARGE:q,58.069320239858385,-154.46915010358515,2010-03-29T00:00:00Z,0.6725503622154214
urn:ioos:station:GOA_RUNOFF_DISCHARGE,urn:ioos:sensor:GOA_RUNOFF_DISCHARGE:q,58.069320239858385,-154.46915010358515,2010-03-30T00:00:00Z,0.43689832729869366
urn:ioos:station:GOA_RUNOFF_DISCHARGE,urn:ioos:sensor:GOA_RUNOFF_DISCHARGE:q,58.069320239858385,-154.46915010358515,2010-03-31T00:00:00Z,1.2924012039001893
urn:ioos:station:GOA_RUNOFF_DISCHARGE,urn:ioos:sensor:GOA_RUNOFF_DISCHARGE:q,58.069320239858385,-154.46915010358515,2010-04-01T00:00:00Z,1.3186004625166974
urn:ioos:station:GOA_RUNOFF_DISCHARGE,urn:ioos:sensor:GOA_RUNOFF_DISCHARGE:q,58.069320239858385,-154.46915010358515,2010-04-02T00:00:00Z,0.8702628258913193
urn:ioos:station:GOA_RUNOFF_DISCHARGE,urn:ioos:sensor:GOA_RUNOFF_DISCHARGE:q,58.069320239858385,-154.46915010358515,2010-04-03T00:00:00Z,0.5657808220924289
urn:ioos:station:GOA_RUNOFF_DISCHARGE,urn:ioos:sensor:GOA_RUNOFF_DISCHARGE:q,58.069320239858385,-154.46915010358515,2010-04-04T00:00:00Z,0.36735498849457376
urn:ioos:station:GOA_RUNOFF_DISCHARGE,urn:ioos:sensor:GOA_RUNOFF_DISCHARGE:q,58.069320239858385,-154.46915010358515,2010-04-05T00:00:00Z,0.23849283576154537
urn:ioos:station:GOA_RUNOFF_DISCHARGE,urn:ioos:sensor:GOA_RUNOFF_DISCHARGE:q,58.069320239858385,-154.46915010358515,2010-04-06T00:00:00Z,0.15483190949082665
urn:ioos:station:GOA_RUNOFF_DISCHARGE,urn:ioos:sensor:GOA_RUNOFF_DISCHARGE:q,58.069320239858385,-154.46915010358515,2010-04-07T00:00:00Z,0.1005183278442205
urn:ioos:station:GOA_RUNOFF_DISCHARGE,urn:ioos:sensor:GOA_RUNOFF_DISCHARGE:q,58.069320239858385,-154.46915010358515,2010-04-08T00:00:00Z,0.06525744586013416
urn:ioos:station:GOA_RUNOFF_DISCHARGE,urn:ioos:sensor:GOA_RUNOFF_DISCHARGE:q,58.069320239858385,-154.46915010358515,2010-04-09T00:00:00Z,0.9976808896502427
urn:ioos:station:GOA_RUNOFF_DISCHARGE,urn:ioos:sensor:GOA_RUNOFF_DISCHARGE:q,58.069320239858385,-154.46915010358515,2010-04-10T00:00:00Z,2.993448326148396
urn:ioos:station:GOA_RUNOFF_DISCHARGE,urn:ioos:sensor:GOA_RUNOFF_DISCHARGE:q,58.069320239858385,-154.46915010358515,2010-04-11T00:00:00Z,6.490515162689096
urn:ioos:station:GOA_RUNOFF_DISCHARGE,urn:ioos:sensor:GOA_RUNOFF_DISCHARGE:q,58.069320239858385,-154.46915010358515,2010-04-12T00:00:00Z,6.073902918429747
urn:ioos:station:GOA_RUNOFF_DISCHARGE,urn:ioos:sensor:GOA_RUNOFF_DISCHARGE:q,58.069320239858385,-154.46915010358515,2010-04-13T00:00:00Z,5.223975904269426
urn:ioos:station:GOA_RUNOFF_DISCHARGE,urn:ioos:sensor:GOA_RUNOFF_DISCHARGE:q,58.069320239858385,-154.46915010358515,2010-04-14T00:00:00Z,5.025123232734865
urn:ioos:station:GOA_RUNOFF_DISCHARGE,urn:ioos:sensor:GOA_RUNOFF_DISCHARGE:q,58.069320239858385,-154.46915010358515,2010-04-15T00:00:00Z,3.3122947519581127
urn:ioos:station:GOA_RUNOFF_DISCHARGE,urn:ioos:sensor:GOA_RUNOFF_DISCHARGE:q,58.069320239858385,-154.46915010358515,2010-04-16T00:00:00Z,4.101870868056929
urn:ioos:station:GOA_RUNOFF_DISCHARGE,urn:ioos:sensor:GOA_RUNOFF_DISCHARGE:q,58.069320239858385,-154.46915010358515,2010-04-17T00:00:00Z,4.6431484693445375
urn:ioos:station:GOA_RUNOFF_DISCHARGE,urn:ioos:sensor:GOA_RUNOFF_DISCHARGE:q,58.069320239858385,-154.46915010358515,2010-04-18T00:00:00Z,6.185107323790938
urn:ioos:station:GOA_RUNOFF_DISCHARGE,urn:ioos:sensor:GOA_RUNOFF_DISCHARGE:q,58.069320239858385,-154.46915010358515,2010-04-19T00:00:00Z,4.686897614721583
urn:ioos:station:GOA_RUNOFF_DISCHARGE,urn:ioos:sensor:GOA_RUNOFF_DISCHARGE:q,58.069320239858385,-154.46915010358515,2010-04-20T00:00:00Z,3.7067048456394653
urn:ioos:station:GOA_RUNOFF_DISCHARGE,urn:ioos:sensor:GOA_RUNOFF_DISCHARGE:q,58.069320239858385,-154.46915010358515,2010-04-21T00:00:00Z,2.643166789343384
urn:ioos:station:GOA_RUNOFF_DISCHARGE,urn:ioos:sensor:GOA_RUNOFF_DISCHARGE:q,58.069320239858385,-154.46915010358515,2010-04-22T00:00:00Z,1.8727767392064663
urn:ioos:station:GOA_RUNOFF_DISCHARGE,urn:ioos:sensor:GOA_RUNOFF_DISCHARGE:q,58.069320239858385,-154.46915010358515,2010-04-23T00:00:00Z,1.3257381084578297
urn:ioos:station:GOA_RUNOFF_DISCHARGE,urn:ioos:sensor:GOA_RUNOFF_DISCHARGE:q,58.069320239858385,-154.46915010358515,2010-04-24T00:00:00Z,0.938371136736249
urn:ioos:station:GOA_RUNOFF_DISCHARGE,urn:ioos:sensor:GOA_RUNOFF_DISCHARGE:q,58.069320239858385,-154.46915010358515,2010-04-25T00:00:00Z,0.6641768004177974
urn:ioos:station:GOA_RUNOFF_DISCHARGE,urn:ioos:sensor:GOA_RUNOFF_DISCHARGE:q,58.069320239858385,-154.46915010358515,2010-04-26T00:00:00Z,2.8193200233833973
urn:ioos:station:GOA_RUNOFF_DISCHARGE,urn:ioos:sensor:GOA_RUNOFF_DISCHARGE:q,58.069320239858385,-154.46915010358515,2010-04-27T00:00:00Z,3.396308087574787
urn:ioos:station:GOA_RUNOFF_DISCHARGE,urn:ioos:sensor:GOA_RUNOFF_DISCHARGE:q,58.069320239858385,-154.46915010358515,2010-04-28T00:00:00Z,4.150018503055131
urn:ioos:station:GOA_RUNOFF_DISCHARGE,urn:ioos:sensor:GOA_RUNOFF_DISCHARGE:q,58.069320239858385,-154.46915010358515,2010-04-29T00:00:00Z,4.690706464141686
urn:ioos:station:GOA_RUNOFF_DISCHARGE,urn:ioos:sensor:GOA_RUNOFF_DISCHARGE:q,58.069320239858385,-154.46915010358515,2010-04-30T00:00:00Z,3.362168419851857
urn:ioos:station:GOA_RUNOFF_DISCHARGE,urn:ioos:sensor:GOA_RUNOFF_DISCHARGE:q,58.069320239858385,-154.46915010358515,2010-05-01T00:00:00Z,2.405198949772675
urn:ioos:station:GOA_RUNOFF_DISCHARGE,urn:ioos:sensor:GOA_RUNOFF_DISCHARGE:q,58.069320239858385,-154.46915010358515,2010-05-02T00:00:00Z,1.7049326696239573
urn:ioos:station:GOA_RUNOFF_DISCHARGE,urn:ioos:sensor:GOA_RUNOFF_DISCHARGE:q,58.069320239858385,-154.46915010358515,2010-05-03T00:00:00Z,1.206997832950108
urn:ioos:station:GOA_RUNOFF_DISCHARGE,urn:ioos:sensor:GOA_RUNOFF_DISCHARGE:q,58.069320239858385,-154.46915010358515,2010-05-04T00:00:00Z,0.8543330683311325
urn:ioos:station:GOA_RUNOFF_DISCHARGE,urn:ioos:sensor:GOA_RUNOFF_DISCHARGE:q,58.069320239858385,-154.46915010358515,2010-05-05T00:00:00Z,0.6046956282307173
urn:ioos:station:GOA_RUNOFF_DISCHARGE,urn:ioos:sensor:GOA_RUNOFF_DISCHARGE:q,58.069320239858385,-154.46915010358515,2010-05-06T00:00:00Z,0.42800116710745234
urn:ioos:station:GOA_RUNOFF_DISCHARGE,urn:ioos:sensor:GOA_RUNOFF_DISCHARGE:q,58.069320239858385,-154.46915010358515,2010-05-07T00:00:00Z,0.3029373885377194
urn:ioos:station:GOA_RUNOFF_DISCHARGE,urn:ioos:sensor:GOA_RUNOFF_DISCHARGE:q,58.069320239858385,-154.46915010358515,2010-05-08T00:00:00Z,0.2144177026885912
urn:ioos:station:GOA_RUNOFF_DISCHARGE,urn:ioos:sensor:GOA_RUNOFF_DISCHARGE:q,58.069320239858385,-154.46915010358515,2010-05-09T00:00:00Z,0.15176390904154244
urn:ioos:station:GOA_RUNOFF_DISCHARGE,urn:ioos:sensor:GOA_RUNOFF_DISCHARGE:q,58.069320239858385,-154.46915010358515,2010-05-10T00:00:00Z,0.10741783847323044
urn:ioos:station:GOA_RUNOFF_DISCHARGE,urn:ioos:sensor:GOA_RUNOFF_DISCHARGE:q,58.069320239858385,-154.46915010358515,2010-05-11T00:00:00Z,3.33769664126213
urn:ioos:station:GOA_RUNOFF_DISCHARGE,urn:ioos:sensor:GOA_RUNOFF_DISCHARGE:q,58.069320239858385,-154.46915010358515,2010-05-12T00:00:00Z,2.692387406376345
urn:ioos:station:GOA_RUNOFF_DISCHARGE,urn:ioos:sensor:GOA_RUNOFF_DISCHARGE:q,58.069320239858385,-154.46915010358515,2010-05-13T00:00:00Z,1.929378383343422
urn:ioos:station:GOA_RUNOFF_DISCHARGE,urn:ioos:sensor:GOA_RUNOFF_DISCHARGE:q,58.069320239858385,-154.46915010358515,2010-05-14T00:00:00Z,3.9615672846343783
urn:ioos:station:GOA_RUNOFF_DISCHARGE,urn:ioos:sensor:GOA_RUNOFF_DISCHARGE:q,58.069320239858385,-154.46915010358515,2010-05-15T00:00:00Z,2.9269068637627584
urn:ioos:station:GOA_RUNOFF_DISCHARGE,urn:ioos:sensor:GOA_RUNOFF_DISCHARGE:q,58.069320239858385,-154.46915010358515,2010-05-16T00:00:00Z,2.2282661066671903
urn:ioos:station:GOA_RUNOFF_DISCHARGE,urn:ioos:sensor:GOA_RUNOFF_DISCHARGE:q,58.069320239858385,-154.46915010358515,2010-05-17T00:00:00Z,2.9402936170644978
urn:ioos:station:GOA_RUNOFF_DISCHARGE,urn:ioos:sensor:GOA_RUNOFF_DISCHARGE:q,58.069320239858385,-154.46915010358515,2010-05-18T00:00:00Z,2.4350590557507883
urn:ioos:station:GOA_RUNOFF_DISCHARGE,urn:ioos:sensor:GOA_RUNOFF_DISCHARGE:q,58.069320239858385,-154.46915010358515,2010-05-19T00:00:00Z,1.7436780298499395
urn:ioos:station:GOA_RUNOFF_DISCHARGE,urn:ioos:sensor:GOA_RUNOFF_DISCHARGE:q,58.069320239858385,-154.46915010358515,2010-05-20T00:00:00Z,1.8996769355720178
urn:ioos:station:GOA_RUNOFF_DISCHARGE,urn:ioos:sensor:GOA_RUNOFF_DISCHARGE:q,58.069320239858385,-154.46915010358515,2010-05-21T00:00:00Z,1.3761707636818452
urn:ioos:station:GOA_RUNOFF_DISCHARGE,urn:ioos:sensor:GOA_RUNOFF_DISCHARGE:q,58.069320239858385,-154.46915010358515,2010-05-22T00:00:00Z,0.9772019434840035
urn:ioos:station:GOA_RUNOFF_DISCHARGE,urn:ioos:sensor:GOA_RUNOFF_DISCHARGE:q,58.069320239858385,-154.46915010358515,2010-05-23T00:00:00Z,0.6919741523726136
urn:ioos:station:GOA_RUNOFF_DISCHARGE,urn:ioos:sensor:GOA_RUNOFF_DISCHARGE:q,58.069320239858385,-154.46915010358515,2010-05-24T00:00:00Z,0.4898076489696038
urn:ioos:station:GOA_RUNOFF_DISCHARGE,urn:ioos:sensor:GOA_RUNOFF_DISCHARGE:q,58.069320239858385,-154.46915010358515,2010-05-25T00:00:00Z,0.3466868299188823
urn:ioos:station:GOA_RUNOFF_DISCHARGE,urn:ioos:sensor:GOA_RUNOFF_DISCHARGE:q,58.069320239858385,-154.46915010358515,2010-05-26T00:00:00Z,0.24538371293714298
urn:ioos:station:GOA_RUNOFF_DISCHARGE,urn:ioos:sensor:GOA_RUNOFF_DISCHARGE:q,58.069320239858385,-154.46915010358515,2010-05-27T00:00:00Z,0.1736815338844149
urn:ioos:station:GOA_RUNOFF_DISCHARGE,urn:ioos:sensor:GOA_RUNOFF_DISCHARGE:q,58.069320239858385,-154.46915010358515,2010-05-28T00:00:00Z,0.12293101135043004
urn:ioos:station:GOA_RUNOFF_DISCHARGE,urn:ioos:sensor:GOA_RUNOFF_DISCHARGE:q,58.069320239858385,-154.46915010358515,2010-05-29T00:00:00Z,0.08701003196310893
urn:ioos:station:GOA_RUNOFF_DISCHARGE,urn:ioos:sensor:GOA_RUNOFF_DISCHARGE:q,58.069320239858385,-154.46915010358515,2010-05-30T00:00:00Z,0.06158531334156862
urn:ioos:station:GOA_RUNOFF_DISCHARGE,urn:ioos:sensor:GOA_RUNOFF_DISCHARGE:q,58.069320239858385,-154.46915010358515,2010-05-31T00:00:00Z,0.1754742828189933
urn:ioos:station:GOA_RUNOFF_DISCHARGE,urn:ioos:sensor:GOA_RUNOFF_DISCHARGE:q,58.069320239858385,-154.46915010358515,2010-06-01T00:00:00Z,0.18796754769358373
urn:ioos:station:GOA_RUNOFF_DISCHARGE,urn:ioos:sensor:GOA_RUNOFF_DISCHARGE:q,58.069320239858385,-154.46915010358515,2010-06-02T00:00:00Z,0.13638702139320913
urn:ioos:station:GOA_RUNOFF_DISCHARGE,urn:ioos:sensor:GOA_RUNOFF_DISCHARGE:q,58.069320239858385,-154.46915010358515,2010-06-03T00:00:00Z,0.09686808729680771
urn:ioos:station:GOA_RUNOFF_DISCHARGE,urn:ioos:sensor:GOA_RUNOFF_DISCHARGE:q,58.069320239858385,-154.46915010358515,2010-06-04T00:00:00Z,0.0685961585190832
urn:ioos:station:GOA_RUNOFF_DISCHARGE,urn:ioos:sensor:GOA_RUNOFF_DISCHARGE:q,58.069320239858385,-154.46915010358515,2010-06-05T00:00:00Z,0.048555384780530224
urn:ioos:station:GOA_RUNOFF_DISCHARGE,urn:ioos:sensor:GOA_RUNOFF_DISCHARGE:q,58.069320239858385,-154.46915010358515,2010-06-06T00:00:00Z,0.034367619671193894
urn:ioos:station:GOA_RUNOFF_DISCHARGE,urn:ioos:sensor:GOA_RUNOFF_DISCHARGE:q,58.069320239858385,-154.46915010358515,2010-06-07T00:00:00Z,0.14950061222898145
urn:ioos:station:GOA_RUNOFF_DISCHARGE,urn:ioos:sensor:GOA_RUNOFF_DISCHARGE:q,58.069320239858385,-154.46915010358515,2010-06-08T00:00:00Z,0.11173733610683168
urn:ioos:station:GOA_RUNOFF_DISCHARGE,urn:ioos:sensor:GOA_RUNOFF_DISCHARGE:q,58.069320239858385,-154.46915010358515,2010-06-09T00:00:00Z,0.07967850332534522
urn:ioos:station:GOA_RUNOFF_DISCHARGE,urn:ioos:sensor:GOA_RUNOFF_DISCHARGE:q,58.069320239858385,-154.46915010358515,2010-06-10T00:00:00Z,0.05645513443254817
urn:ioos:station:GOA_RUNOFF_DISCHARGE,urn:ioos:sensor:GOA_RUNOFF_DISCHARGE:q,58.069320239858385,-154.46915010358515,2010-06-11T00:00:00Z,0.03996458885037841
urn:ioos:station:GOA_RUNOFF_DISCHARGE,urn:ioos:sensor:GOA_RUNOFF_DISCHARGE:q,58.069320239858385,-154.46915010358515,2010-06-12T00:00:00Z,0.028287349769986283
urn:ioos:station:GOA_RUNOFF_DISCHARGE,urn:ioos:sensor:GOA_RUNOFF_DISCHARGE:q,58.069320239858385,-154.46915010358515,2010-06-13T00:00:00Z,0.020021720529105582
urn:ioos:station:GOA_RUNOFF_DISCHARGE,urn:ioos:sensor:GOA_RUNOFF_DISCHARGE:q,58.069320239858385,-154.46915010358515,2010-06-14T00:00:00Z,0.6852590029744718
urn:ioos:station:GOA_RUNOFF_DISCHARGE,urn:ioos:sensor:GOA_RUNOFF_DISCHARGE:q,58.069320239858385,-154.46915010358515,2010-06-15T00:00:00Z,1.5234709635284538
urn:ioos:station:GOA_RUNOFF_DISCHARGE,urn:ioos:sensor:GOA_RUNOFF_DISCHARGE:q,58.069320239858385,-154.46915010358515,2010-06-16T00:00:00Z,1.1290983637019205
urn:ioos:station:GOA_RUNOFF_DISCHARGE,urn:ioos:sensor:GOA_RUNOFF_DISCHARGE:q,58.069320239858385,-154.46915010358515,2010-06-17T00:00:00Z,0.8042429227598263
urn:ioos:station:GOA_RUNOFF_DISCHARGE,urn:ioos:sensor:GOA_RUNOFF_DISCHARGE:q,58.069320239858385,-154.46915010358515,2010-06-18T00:00:00Z,0.5697460932436899
urn:ioos:station:GOA_RUNOFF_DISCHARGE,urn:ioos:sensor:GOA_RUNOFF_DISCHARGE:q,58.069320239858385,-154.46915010358515,2010-06-19T00:00:00Z,0.4033143579714018
urn:ioos:station:GOA_RUNOFF_DISCHARGE,urn:ioos:sensor:GOA_RUNOFF_DISCHARGE:q,58.069320239858385,-154.46915010358515,2010-06-20T00:00:00Z,0.2854691660241259
urn:ioos:station:GOA_RUNOFF_DISCHARGE,urn:ioos:sensor:GOA_RUNOFF_DISCHARGE:q,58.069320239858385,-154.46915010358515,2010-06-21T00:00:00Z,0.20205430139799563
urn:ioos:station:GOA_RUNOFF_DISCHARGE,urn:ioos:sensor:GOA_RUNOFF_DISCHARGE:q,58.069320239858385,-154.46915010358515,2010-06-22T00:00:00Z,0.14301318866484763
urn:ioos:station:GOA_RUNOFF_DISCHARGE,urn:ioos:sensor:GOA_RUNOFF_DISCHARGE:q,58.069320239858385,-154.46915010358515,2010-06-23T00:00:00Z,0.10122410854951144
urn:ioos:station:GOA_RUNOFF_DISCHARGE,urn:ioos:sensor:GOA_RUNOFF_DISCHARGE:q,58.069320239858385,-154.46915010358515,2010-06-24T00:00:00Z,0.07164597938218199
urn:ioos:station:GOA_RUNOFF_DISCHARGE,urn:ioos:sensor:GOA_RUNOFF_DISCHARGE:q,58.069320239858385,-154.46915010358515,2010-06-25T00:00:00Z,0.0507107017579125
urn:ioos:station:GOA_RUNOFF_DISCHARGE,urn:ioos:sensor:GOA_RUNOFF_DISCHARGE:q,58.069320239858385,-154.46915010358515,2010-06-26T00:00:00Z,0.03589280966218712
urn:ioos:station:GOA_RUNOFF_DISCHARGE,urn:ioos:sensor:GOA_RUNOFF_DISCHARGE:q,58.069320239858385,-154.46915010358515,2010-06-27T00:00:00Z,0.02540477123298949
urn:ioos:station:GOA_RUNOFF_DISCHARGE,urn:ioos:sensor:GOA_RUNOFF_DISCHARGE:q,58.069320239858385,-154.46915010358515,2010-06-28T00:00:00Z,0.017981384706502578
urn:ioos:station:GOA_RUNOFF_DISCHARGE,urn:ioos:sensor:GOA_RUNOFF_DISCHARGE:q,58.069320239858385,-154.46915010358515,2010-06-29T00:00:00Z,0.5507629545486639
urn:ioos:station:GOA_RUNOFF_DISCHARGE,urn:ioos:sensor:GOA_RUNOFF_DISCHARGE:q,58.069320239858385,-154.46915010358515,2010-06-30T00:00:00Z,0.41527956794594684
urn:ioos:station:GOA_RUNOFF_DISCHARGE,urn:ioos:sensor:GOA_RUNOFF_DISCHARGE:q,58.069320239858385,-154.46915010358515,2010-07-01T00:00:00Z,0.2964745990939888
urn:ioos:station:GOA_RUNOFF_DISCHARGE,urn:ioos:sensor:GOA_RUNOFF_DISCHARGE:q,58.069320239858385,-154.46915010358515,2010-07-02T00:00:00Z,0.21009722659693658
urn:ioos:station:GOA_RUNOFF_DISCHARGE,urn:ioos:sensor:GOA_RUNOFF_DISCHARGE:q,58.069320239858385,-154.46915010358515,2010-07-03T00:00:00Z,0.14873123175021957
urn:ioos:station:GOA_RUNOFF_DISCHARGE,urn:ioos:sensor:GOA_RUNOFF_DISCHARGE:q,58.069320239858385,-154.46915010358515,2010-07-04T00:00:00Z,0.10527382309748176
urn:ioos:station:GOA_RUNOFF_DISCHARGE,urn:ioos:sensor:GOA_RUNOFF_DISCHARGE:q,58.069320239858385,-154.46915010358515,2010-07-05T00:00:00Z,1.114474444748529
urn:ioos:station:GOA_RUNOFF_DISCHARGE,urn:ioos:sensor:GOA_RUNOFF_DISCHARGE:q,58.069320239858385,-154.46915010358515,2010-07-06T00:00:00Z,0.8380159400498388
urn:ioos:station:GOA_RUNOFF_DISCHARGE,urn:ioos:sensor:GOA_RUNOFF_DISCHARGE:q,58.069320239858385,-154.46915010358515,2010-07-07T00:00:00Z,0.6254947850728522
urn:ioos:station:GOA_RUNOFF_DISCHARGE,urn:ioos:sensor:GOA_RUNOFF_DISCHARGE:q,58.069320239858385,-154.46915010358515,2010-07-08T00:00:00Z,0.8974305441999414
urn:ioos:station:GOA_RUNOFF_DISCHARGE,urn:ioos:sensor:GOA_RUNOFF_DISCHARGE:q,58.069320239858385,-154.46915010358515,2010-07-09T00:00:00Z,0.6568014960600648
urn:ioos:station:GOA_RUNOFF_DISCHARGE,urn:ioos:sensor:GOA_RUNOFF_DISCHARGE:q,58.069320239858385,-154.46915010358515,2010-07-10T00:00:00Z,1.38729223036557
urn:ioos:station:GOA_RUNOFF_DISCHARGE,urn:ioos:sensor:GOA_RUNOFF_DISCHARGE:q,58.069320239858385,-154.46915010358515,2010-07-11T00:00:00Z,1.0256676842399355
urn:ioos:station:GOA_RUNOFF_DISCHARGE,urn:ioos:sensor:GOA_RUNOFF_DISCHARGE:q,58.069320239858385,-154.46915010358515,2010-07-12T00:00:00Z,0.7303317472053327
urn:ioos:station:GOA_RUNOFF_DISCHARGE,urn:ioos:sensor:GOA_RUNOFF_DISCHARGE:q,58.069320239858385,-154.46915010358515,2010-07-13T00:00:00Z,1.2197098284224845
urn:ioos:station:GOA_RUNOFF_DISCHARGE,urn:ioos:sensor:GOA_RUNOFF_DISCHARGE:q,58.069320239858385,-154.46915010358515,2010-07-14T00:00:00Z,0.8965736451705881
urn:ioos:station:GOA_RUNOFF_DISCHARGE,urn:ioos:sensor:GOA_RUNOFF_DISCHARGE:q,58.069320239858385,-154.46915010358515,2010-07-15T00:00:00Z,0.6379129471250917
urn:ioos:station:GOA_RUNOFF_DISCHARGE,urn:ioos:sensor:GOA_RUNOFF_DISCHARGE:q,58.069320239858385,-154.46915010358515,2010-07-16T00:00:00Z,0.45184370672314134
urn:ioos:station:GOA_RUNOFF_DISCHARGE,urn:ioos:sensor:GOA_RUNOFF_DISCHARGE:q,58.069320239858385,-154.46915010358515,2010-07-17T00:00:00Z,0.3198460974915003
urn:ioos:station:GOA_RUNOFF_DISCHARGE,urn:ioos:sensor:GOA_RUNOFF_DISCHARGE:q,58.069320239858385,-154.46915010358515,2010-07-18T00:00:00Z,0.22638896430286148
urn:ioos:station:GOA_RUNOFF_DISCHARGE,urn:ioos:sensor:GOA_RUNOFF_DISCHARGE:q,58.069320239858385,-154.46915010358515,2010-07-19T00:00:00Z,0.16023742156267168
urn:ioos:station:GOA_RUNOFF_DISCHARGE,urn:ioos:sensor:GOA_RUNOFF_DISCHARGE:q,58.069320239858385,-154.46915010358515,2010-07-20T00:00:00Z,0.11341538344607462
urn:ioos:station:GOA_RUNOFF_DISCHARGE,urn:ioos:sensor:GOA_RUNOFF_DISCHARGE:q,58.069320239858385,-154.46915010358515,2010-07-21T00:00:00Z,0.08027490228707004
urn:ioos:station:GOA_RUNOFF_DISCHARGE,urn:ioos:sensor:GOA_RUNOFF_DISCHARGE:q,58.069320239858385,-154.46915010358515,2010-07-22T00:00:00Z,0.05681822048255679
urn:ioos:station:GOA_RUNOFF_DISCHARGE,urn:ioos:sensor:GOA_RUNOFF_DISCHARGE:q,58.069320239858385,-154.46915010358515,2010-07-23T00:00:00Z,0.04021568667612403
urn:ioos:station:GOA_RUNOFF_DISCHARGE,urn:ioos:sensor:GOA_RUNOFF_DISCHARGE:q,58.069320239858385,-154.46915010358515,2010-07-24T00:00:00Z,0.028464487678166152
urn:ioos:station:GOA_RUNOFF_DISCHARGE,urn:ioos:sensor:GOA_RUNOFF_DISCHARGE:q,58.069320239858385,-154.46915010358515,2010-07-25T00:00:00Z,1.5716300440191793
urn:ioos:station:GOA_RUNOFF_DISCHARGE,urn:ioos:sensor:GOA_RUNOFF_DISCHARGE:q,58.069320239858385,-154.46915010358515,2010-07-26T00:00:00Z,1.8340450609485586
urn:ioos:station:GOA_RUNOFF_DISCHARGE,urn:ioos:sensor:GOA_RUNOFF_DISCHARGE:q,58.069320239858385,-154.46915010358515,2010-07-27T00:00:00Z,1.3361240378001689
urn:ioos:station:GOA_RUNOFF_DISCHARGE,urn:ioos:sensor:GOA_RUNOFF_DISCHARGE:q,58.069320239858385,-154.46915010358515,2010-07-28T00:00:00Z,0.949496879034997
urn:ioos:station:GOA_RUNOFF_DISCHARGE,urn:ioos:sensor:GOA_RUNOFF_DISCHARGE:q,58.069320239858385,-154.46915010358515,2010-07-29T00:00:00Z,0.6724285400766049
urn:ioos:station:GOA_RUNOFF_DISCHARGE,urn:ioos:sensor:GOA_RUNOFF_DISCHARGE:q,58.069320239858385,-154.46915010358515,2010-07-30T00:00:00Z,4.653541502785685
urn:ioos:station:GOA_RUNOFF_DISCHARGE,urn:ioos:sensor:GOA_RUNOFF_DISCHARGE:q,58.069320239858385,-154.46915010358515,2010-07-31T00:00:00Z,3.640974829206549
urn:ioos:station:GOA_RUNOFF_DISCHARGE,urn:ioos:sensor:GOA_RUNOFF_DISCHARGE:q,58.069320239858385,-154.46915010358515,2010-08-01T00:00:00Z,2.603877176214288
urn:ioos:station:GOA_RUNOFF_DISCHARGE,urn:ioos:sensor:GOA_RUNOFF_DISCHARGE:q,58.069320239858385,-154.46915010358515,2010-08-02T00:00:00Z,1.8456899944685152
urn:ioos:station:GOA_RUNOFF_DISCHARGE,urn:ioos:sensor:GOA_RUNOFF_DISCHARGE:q,58.069320239858385,-154.46915010358515,2010-08-03T00:00:00Z,1.306638475698093
urn:ioos:station:GOA_RUNOFF_DISCHARGE,urn:ioos:sensor:GOA_RUNOFF_DISCHARGE:q,58.069320239858385,-154.46915010358515,2010-08-04T00:00:00Z,1.8216944536136863
urn:ioos:station:GOA_RUNOFF_DISCHARGE,urn:ioos:sensor:GOA_RUNOFF_DISCHARGE:q,58.069320239858385,-154.46915010358515,2010-08-05T00:00:00Z,1.3318151387584234
urn:ioos:station:GOA_RUNOFF_DISCHARGE,urn:ioos:sensor:GOA_RUNOFF_DISCHARGE:q,58.069320239858385,-154.46915010358515,2010-08-06T00:00:00Z,0.9468894774364297
urn:ioos:station:GOA_RUNOFF_DISCHARGE,urn:ioos:sensor:GOA_RUNOFF_DISCHARGE:q,58.069320239858385,-154.46915010358515,2010-08-07T00:00:00Z,0.6706273221353459
urn:ioos:station:GOA_RUNOFF_DISCHARGE,urn:ioos:sensor:GOA_RUNOFF_DISCHARGE:q,58.069320239858385,-154.46915010358515,2010-08-08T00:00:00Z,1.238145622615841
urn:ioos:station:GOA_RUNOFF_DISCHARGE,urn:ioos:sensor:GOA_RUNOFF_DISCHARGE:q,58.069320239858385,-154.46915010358515,2010-08-09T00:00:00Z,1.3952782898847016
urn:ioos:station:GOA_RUNOFF_DISCHARGE,urn:ioos:sensor:GOA_RUNOFF_DISCHARGE:q,58.069320239858385,-154.46915010358515,2010-08-10T00:00:00Z,1.2183146623510495
urn:ioos:station:GOA_RUNOFF_DISCHARGE,urn:ioos:sensor:GOA_RUNOFF_DISCHARGE:q,58.069320239858385,-154.46915010358515,2010-08-11T00:00:00Z,0.8746227034198806
urn:ioos:station:GOA_RUNOFF_DISCHARGE,urn:ioos:sensor:GOA_RUNOFF_DISCHARGE:q,58.069320239858385,-154.46915010358515,2010-08-12T00:00:00Z,0.6202828761381948
urn:ioos:station:GOA_RUNOFF_DISCHARGE,urn:ioos:sensor:GOA_RUNOFF_DISCHARGE:q,58.069320239858385,-154.46915010358515,2010-08-13T00:00:00Z,0.43915614803509023
urn:ioos:station:GOA_RUNOFF_DISCHARGE,urn:ioos:sensor:GOA_RUNOFF_DISCHARGE:q,58.069320239858385,-154.46915010358515,2010-08-14T00:00:00Z,2.363808891429384
urn:ioos:station:GOA_RUNOFF_DISCHARGE,urn:ioos:sensor:GOA_RUNOFF_DISCHARGE:q,58.069320239858385,-154.46915010358515,2010-08-15T00:00:00Z,5.393851219881445
urn:ioos:station:GOA_RUNOFF_DISCHARGE,urn:ioos:sensor:GOA_RUNOFF_DISCHARGE:q,58.069320239858385,-154.46915010358515,2010-08-16T00:00:00Z,4.8942841507277945
urn:ioos:station:GOA_RUNOFF_DISCHARGE,urn:ioos:sensor:GOA_RUNOFF_DISCHARGE:q,58.069320239858385,-154.46915010358515,2010-08-17T00:00:00Z,3.5245973243393722
urn:ioos:station:GOA_RUNOFF_DISCHARGE,urn:ioos:sensor:GOA_RUNOFF_DISCHARGE:q,58.069320239858385,-154.46915010358515,2010-08-18T00:00:00Z,2.5007301344750763
urn:ioos:station:GOA_RUNOFF_DISCHARGE,urn:ioos:sensor:GOA_RUNOFF_DISCHARGE:q,58.069320239858385,-154.46915010358515,2010-08-19T00:00:00Z,1.7706083528567318
urn:ioos:station:GOA_RUNOFF_DISCHARGE,urn:ioos:sensor:GOA_RUNOFF_DISCHARGE:q,58.069320239858385,-154.46915010358515,2010-08-20T00:00:00Z,1.253288930126519
urn:ioos:station:GOA_RUNOFF_DISCHARGE,urn:ioos:sensor:GOA_RUNOFF_DISCHARGE:q,58.069320239858385,-154.46915010358515,2010-08-21T00:00:00Z,1.0900266096029323
urn:ioos:station:GOA_RUNOFF_DISCHARGE,urn:ioos:sensor:GOA_RUNOFF_DISCHARGE:q,58.069320239858385,-154.46915010358515,2010-08-22T00:00:00Z,1.276512492244226
urn:ioos:station:GOA_RUNOFF_DISCHARGE,urn:ioos:sensor:GOA_RUNOFF_DISCHARGE:q,58.069320239858385,-154.46915010358515,2010-08-23T00:00:00Z,0.9279035102576191
urn:ioos:station:GOA_RUNOFF_DISCHARGE,urn:ioos:sensor:GOA_RUNOFF_DISCHARGE:q,58.069320239858385,-154.46915010358515,2010-08-24T00:00:00Z,0.6592019578915065
urn:ioos:station:GOA_RUNOFF_DISCHARGE,urn:ioos:sensor:GOA_RUNOFF_DISCHARGE:q,58.069320239858385,-154.46915010358515,2010-08-25T00:00:00Z,0.4668234226251604
urn:ioos:station:GOA_RUNOFF_DISCHARGE,urn:ioos:sensor:GOA_RUNOFF_DISCHARGE:q,58.069320239858385,-154.46915010358515,2010-08-26T00:00:00Z,0.3304398546133162
urn:ioos:station:GOA_RUNOFF_DISCHARGE,urn:ioos:sensor:GOA_RUNOFF_DISCHARGE:q,58.069320239858385,-154.46915010358515,2010-08-27T00:00:00Z,0.23388628813548853
urn:ioos:station:GOA_RUNOFF_DISCHARGE,urn:ioos:sensor:GOA_RUNOFF_DISCHARGE:q,58.069320239858385,-154.46915010358515,2010-08-28T00:00:00Z,0.1655439038127088
urn:ioos:station:GOA_RUNOFF_DISCHARGE,urn:ioos:sensor:GOA_RUNOFF_DISCHARGE:q,58.069320239858385,-154.46915010358515,2010-08-29T00:00:00Z,0.1171712563515716
urn:ioos:station:GOA_RUNOFF_DISCHARGE,urn:ioos:sensor:GOA_RUNOFF_DISCHARGE:q,58.069320239858385,-154.46915010358515,2010-08-30T00:00:00Z,0.08293329881712626
urn:ioos:station:GOA_RUNOFF_DISCHARGE,urn:ioos:sensor:GOA_RUNOFF_DISCHARGE:q,58.069320239858385,-154.46915010358515,2010-08-31T00:00:00Z,0.05869982409742138
urn:ioos:station:GOA_RUNOFF_DISCHARGE,urn:ioos:sensor:GOA_RUNOFF_DISCHARGE:q,58.069320239858385,-154.46915010358515,2010-09-01T00:00:00Z,1.0378662770160578
urn:ioos:station:GOA_RUNOFF_DISCHARGE,urn:ioos:sensor:GOA_RUNOFF_DISCHARGE:q,58.069320239858385,-154.46915010358515,2010-09-02T00:00:00Z,0.739972798631928
urn:ioos:station:GOA_RUNOFF_DISCHARGE,urn:ioos:sensor:GOA_RUNOFF_DISCHARGE:q,58.069320239858385,-154.46915010358515,2010-09-03T00:00:00Z,0.5242863071851853
urn:ioos:station:GOA_RUNOFF_DISCHARGE,urn:ioos:sensor:GOA_RUNOFF_DISCHARGE:q,58.069320239858385,-154.46915010358515,2010-09-04T00:00:00Z,3.3474074181029505
urn:ioos:station:GOA_RUNOFF_DISCHARGE,urn:ioos:sensor:GOA_RUNOFF_DISCHARGE:q,58.069320239858385,-154.46915010358515,2010-09-05T00:00:00Z,2.510078865391466
urn:ioos:station:GOA_RUNOFF_DISCHARGE,urn:ioos:sensor:GOA_RUNOFF_DISCHARGE:q,58.069320239858385,-154.46915010358515,2010-09-06T00:00:00Z,1.7906825627270004
urn:ioos:station:GOA_RUNOFF_DISCHARGE,urn:ioos:sensor:GOA_RUNOFF_DISCHARGE:q,58.069320239858385,-154.46915010358515,2010-09-07T00:00:00Z,1.3114417673939123
urn:ioos:station:GOA_RUNOFF_DISCHARGE,urn:ioos:sensor:GOA_RUNOFF_DISCHARGE:q,58.069320239858385,-154.46915010358515,2010-09-08T00:00:00Z,0.9303881688156725
urn:ioos:station:GOA_RUNOFF_DISCHARGE,urn:ioos:sensor:GOA_RUNOFF_DISCHARGE:q,58.069320239858385,-154.46915010358515,2010-09-09T00:00:00Z,0.6587398625755314
urn:ioos:station:GOA_RUNOFF_DISCHARGE,urn:ioos:sensor:GOA_RUNOFF_DISCHARGE:q,58.069320239858385,-154.46915010358515,2010-09-10T00:00:00Z,0.46627463099225225
urn:ioos:station:GOA_RUNOFF_DISCHARGE,urn:ioos:sensor:GOA_RUNOFF_DISCHARGE:q,58.069320239858385,-154.46915010358515,2010-09-11T00:00:00Z,0.33002926401369825
urn:ioos:station:GOA_RUNOFF_DISCHARGE,urn:ioos:sensor:GOA_RUNOFF_DISCHARGE:q,58.069320239858385,-154.46915010358515,2010-09-12T00:00:00Z,0.23359345784041496
urn:ioos:station:GOA_RUNOFF_DISCHARGE,urn:ioos:sensor:GOA_RUNOFF_DISCHARGE:q,58.069320239858385,-154.46915010358515,2010-09-13T00:00:00Z,0.1653364213713687
urn:ioos:station:GOA_RUNOFF_DISCHARGE,urn:ioos:sensor:GOA_RUNOFF_DISCHARGE:q,58.069320239858385,-154.46915010358515,2010-09-14T00:00:00Z,0.11702439719785931
urn:ioos:station:GOA_RUNOFF_DISCHARGE,urn:ioos:sensor:GOA_RUNOFF_DISCHARGE:q,58.069320239858385,-154.46915010358515,2010-09-15T00:00:00Z,0.08282935203804162
urn:ioos:station:GOA_RUNOFF_DISCHARGE,urn:ioos:sensor:GOA_RUNOFF_DISCHARGE:q,58.069320239858385,-154.46915010358515,2010-09-16T00:00:00Z,0.05862625062967503
urn:ioos:station:GOA_RUNOFF_DISCHARGE,urn:ioos:sensor:GOA_RUNOFF_DISCHARGE:q,58.069320239858385,-154.46915010358515,2010-09-17T00:00:00Z,0.041495398808426245
urn:ioos:station:GOA_RUNOFF_DISCHARGE,urn:ioos:sensor:GOA_RUNOFF_DISCHARGE:q,58.069320239858385,-154.46915010358515,2010-09-18T00:00:00Z,0.029370256165001638
urn:ioos:station:GOA_RUNOFF_DISCHARGE,urn:ioos:sensor:GOA_RUNOFF_DISCHARGE:q,58.069320239858385,-154.46915010358515,2010-09-19T00:00:00Z,0.020788138911113377
urn:ioos:station:GOA_RUNOFF_DISCHARGE,urn:ioos:sensor:GOA_RUNOFF_DISCHARGE:q,58.069320239858385,-154.46915010358515,2010-09-20T00:00:00Z,0.014713752091731036
urn:ioos:station:GOA_RUNOFF_DISCHARGE,urn:ioos:sensor:GOA_RUNOFF_DISCHARGE:q,58.069320239858385,-154.46915010358515,2010-09-21T00:00:00Z,0.46497994187386377
urn:ioos:station:GOA_RUNOFF_DISCHARGE,urn:ioos:sensor:GOA_RUNOFF_DISCHARGE:q,58.069320239858385,-154.46915010358515,2010-09-22T00:00:00Z,0.6631490741235918
urn:ioos:station:GOA_RUNOFF_DISCHARGE,urn:ioos:sensor:GOA_RUNOFF_DISCHARGE:q,58.069320239858385,-154.46915010358515,2010-09-23T00:00:00Z,0.9389711041920509
urn:ioos:station:GOA_RUNOFF_DISCHARGE,urn:ioos:sensor:GOA_RUNOFF_DISCHARGE:q,58.069320239858385,-154.46915010358515,2010-09-24T00:00:00Z,0.6877038654234627
urn:ioos:station:GOA_RUNOFF_DISCHARGE,urn:ioos:sensor:GOA_RUNOFF_DISCHARGE:q,58.069320239858385,-154.46915010358515,2010-09-25T00:00:00Z,0.4890608963611188
urn:ioos:station:GOA_RUNOFF_DISCHARGE,urn:ioos:sensor:GOA_RUNOFF_DISCHARGE:q,58.069320239858385,-154.46915010358515,2010-09-26T00:00:00Z,0.34638549772778165
urn:ioos:station:GOA_RUNOFF_DISCHARGE,urn:ioos:sensor:GOA_RUNOFF_DISCHARGE:q,58.069320239858385,-154.46915010358515,2010-09-27T00:00:00Z,0.2451931356198179
urn:ioos:station:GOA_RUNOFF_DISCHARGE,urn:ioos:sensor:GOA_RUNOFF_DISCHARGE:q,58.069320239858385,-154.46915010358515,2010-09-28T00:00:00Z,0.5054413037447568
urn:ioos:station:GOA_RUNOFF_DISCHARGE,urn:ioos:sensor:GOA_RUNOFF_DISCHARGE:q,58.069320239858385,-154.46915010358515,2010-09-29T00:00:00Z,2.1933866917665443
urn:ioos:station:GOA_RUNOFF_DISCHARGE,urn:ioos:sensor:GOA_RUNOFF_DISCHARGE:q,58.069320239858385,-154.46915010358515,2010-09-30T00:00:00Z,2.810364122819606
urn:ioos:station:GOA_RUNOFF_DISCHARGE,urn:ioos:sensor:GOA_RUNOFF_DISCHARGE:q,58.069320239858385,-154.46915010358515,2010-10-01T00:00:00Z,4.290836475854327
urn:ioos:station:GOA_RUNOFF_DISCHARGE,urn:ioos:sensor:GOA_RUNOFF_DISCHARGE:q,58.069320239858385,-154.46915010358515,2010-10-02T00:00:00Z,3.149285942516059
urn:ioos:station:GOA_RUNOFF_DISCHARGE,urn:ioos:sensor:GOA_RUNOFF_DISCHARGE:q,58.069320239858385,-154.46915010358515,2010-10-03T00:00:00Z,2.240259930373045
urn:ioos:station:GOA_RUNOFF_DISCHARGE,urn:ioos:sensor:GOA_RUNOFF_DISCHARGE:q,58.069320239858385,-154.46915010358515,2010-10-04T00:00:00Z,1.586765194971967
urn:ioos:station:GOA_RUNOFF_DISCHARGE,urn:ioos:sensor:GOA_RUNOFF_DISCHARGE:q,58.069320239858385,-154.46915010358515,2010-10-05T00:00:00Z,1.1232172223480845
urn:ioos:station:GOA_RUNOFF_DISCHARGE,urn:ioos:sensor:GOA_RUNOFF_DISCHARGE:q,58.069320239858385,-154.46915010358515,2010-10-06T00:00:00Z,0.7950192371381934
urn:ioos:station:GOA_RUNOFF_DISCHARGE,urn:ioos:sensor:GOA_RUNOFF_DISCHARGE:q,58.069320239858385,-154.46915010358515,2010-10-07T00:00:00Z,0.5627121803008912
urn:ioos:station:GOA_RUNOFF_DISCHARGE,urn:ioos:sensor:GOA_RUNOFF_DISCHARGE:q,58.069320239858385,-154.46915010358515,2010-10-08T00:00:00Z,0.3982852809130082
urn:ioos:station:GOA_RUNOFF_DISCHARGE,urn:ioos:sensor:GOA_RUNOFF_DISCHARGE:q,58.069320239858385,-154.46915010358515,2010-10-09T00:00:00Z,0.4524543632165014
urn:ioos:station:GOA_RUNOFF_DISCHARGE,urn:ioos:sensor:GOA_RUNOFF_DISCHARGE:q,58.069320239858385,-154.46915010358515,2010-10-10T00:00:00Z,0.32831309792205565
urn:ioos:station:GOA_RUNOFF_DISCHARGE,urn:ioos:sensor:GOA_RUNOFF_DISCHARGE:q,58.069320239858385,-154.46915010358515,2010-10-11T00:00:00Z,0.2331842157039966
urn:ioos:station:GOA_RUNOFF_DISCHARGE,urn:ioos:sensor:GOA_RUNOFF_DISCHARGE:q,58.069320239858385,-154.46915010358515,2010-10-12T00:00:00Z,0.16512719579467294
urn:ioos:station:GOA_RUNOFF_DISCHARGE,urn:ioos:sensor:GOA_RUNOFF_DISCHARGE:q,58.069320239858385,-154.46915010358515,2010-10-13T00:00:00Z,0.11688432969416475
urn:ioos:station:GOA_RUNOFF_DISCHARGE,urn:ioos:sensor:GOA_RUNOFF_DISCHARGE:q,58.069320239858385,-154.46915010358515,2010-10-14T00:00:00Z,0.08273101289250671
urn:ioos:station:GOA_RUNOFF_DISCHARGE,urn:ioos:sensor:GOA_RUNOFF_DISCHARGE:q,58.069320239858385,-154.46915010358515,2010-10-15T00:00:00Z,0.058556722551527614
urn:ioos:station:GOA_RUNOFF_DISCHARGE,urn:ioos:sensor:GOA_RUNOFF_DISCHARGE:q,58.069320239858385,-154.46915010358515,2010-10-16T00:00:00Z,2.7161929783667564
urn:ioos:station:GOA_RUNOFF_DISCHARGE,urn:ioos:sensor:GOA_RUNOFF_DISCHARGE:q,58.069320239858385,-154.46915010358515,2010-10-17T00:00:00Z,2.8551057371115887
urn:ioos:station:GOA_RUNOFF_DISCHARGE,urn:ioos:sensor:GOA_RUNOFF_DISCHARGE:q,58.069320239858385,-154.46915010358515,2010-10-18T00:00:00Z,2.9506098209926113
urn:ioos:station:GOA_RUNOFF_DISCHARGE,urn:ioos:sensor:GOA_RUNOFF_DISCHARGE:q,58.069320239858385,-154.46915010358515,2010-10-19T00:00:00Z,2.1350800639156993
urn:ioos:station:GOA_RUNOFF_DISCHARGE,urn:ioos:sensor:GOA_RUNOFF_DISCHARGE:q,58.069320239858385,-154.46915010358515,2010-10-20T00:00:00Z,1.5158587900984328
urn:ioos:station:GOA_RUNOFF_DISCHARGE,urn:ioos:sensor:GOA_RUNOFF_DISCHARGE:q,58.069320239858385,-154.46915010358515,2010-10-21T00:00:00Z,3.5745562414188106
urn:ioos:station:GOA_RUNOFF_DISCHARGE,urn:ioos:sensor:GOA_RUNOFF_DISCHARGE:q,58.069320239858385,-154.46915010358515,2010-10-22T00:00:00Z,5.322005626834033
urn:ioos:station:GOA_RUNOFF_DISCHARGE,urn:ioos:sensor:GOA_RUNOFF_DISCHARGE:q,58.069320239858385,-154.46915010358515,2010-10-23T00:00:00Z,4.9682341357109605
urn:ioos:station:GOA_RUNOFF_DISCHARGE,urn:ioos:sensor:GOA_RUNOFF_DISCHARGE:q,58.069320239858385,-154.46915010358515,2010-10-24T00:00:00Z,8.054818775919193
urn:ioos:station:GOA_RUNOFF_DISCHARGE,urn:ioos:sensor:GOA_RUNOFF_DISCHARGE:q,58.069320239858385,-154.46915010358515,2010-10-25T00:00:00Z,6.279127177250658
urn:ioos:station:GOA_RUNOFF_DISCHARGE,urn:ioos:sensor:GOA_RUNOFF_DISCHARGE:q,58.069320239858385,-154.46915010358515,2010-10-26T00:00:00Z,4.618860344864732
urn:ioos:station:GOA_RUNOFF_DISCHARGE,urn:ioos:sensor:GOA_RUNOFF_DISCHARGE:q,58.069320239858385,-154.46915010358515,2010-10-27T00:00:00Z,3.5402152908963243
urn:ioos:station:GOA_RUNOFF_DISCHARGE,urn:ioos:sensor:GOA_RUNOFF_DISCHARGE:q,58.069320239858385,-154.46915010358515,2010-10-28T00:00:00Z,5.517725127679552
urn:ioos:station:GOA_RUNOFF_DISCHARGE,urn:ioos:sensor:GOA_RUNOFF_DISCHARGE:q,58.069320239858385,-154.46915010358515,2010-10-29T00:00:00Z,4.256872305683428
urn:ioos:station:GOA_RUNOFF_DISCHARGE,urn:ioos:sensor:GOA_RUNOFF_DISCHARGE:q,58.069320239858385,-154.46915010358515,2010-10-30T00:00:00Z,2.917132939376979
urn:ioos:station:GOA_RUNOFF_DISCHARGE,urn:ioos:sensor:GOA_RUNOFF_DISCHARGE:q,58.069320239858385,-154.46915010358515,2010-10-31T00:00:00Z,2.5875322235459963
urn:ioos:station:GOA_RUNOFF_DISCHARGE,urn:ioos:sensor:GOA_RUNOFF_DISCHARGE:q,58.069320239858385,-154.46915010358515,2010-11-01T00:00:00Z,2.3842907976367935
urn:ioos:station:GOA_RUNOFF_DISCHARGE,urn:ioos:sensor:GOA_RUNOFF_DISCHARGE:q,58.069320239858385,-154.46915010358515,2010-11-02T00:00:00Z,2.1056298907502775
urn:ioos:station:GOA_RUNOFF_DISCHARGE,urn:ioos:sensor:GOA_RUNOFF_DISCHARGE:q,58.069320239858385,-154.46915010358515,2010-11-03T00:00:00Z,1.3786929818734106
urn:ioos:station:GOA_RUNOFF_DISCHARGE,urn:ioos:sensor:GOA_RUNOFF_DISCHARGE:q,58.069320239858385,-154.46915010358515,2010-11-04T00:00:00Z,0.8957170750346981
urn:ioos:station:GOA_RUNOFF_DISCHARGE,urn:ioos:sensor:GOA_RUNOFF_DISCHARGE:q,58.069320239858385,-154.46915010358515,2010-11-05T00:00:00Z,0.8204173770567287
urn:ioos:station:GOA_RUNOFF_DISCHARGE,urn:ioos:sensor:GOA_RUNOFF_DISCHARGE:q,58.069320239858385,-154.46915010358515,2010-11-06T00:00:00Z,0.5391356497183414
urn:ioos:station:GOA_RUNOFF_DISCHARGE,urn:ioos:sensor:GOA_RUNOFF_DISCHARGE:q,58.069320239858385,-154.46915010358515,2010-11-07T00:00:00Z,0.3503775408069575
urn:ioos:station:GOA_RUNOFF_DISCHARGE,urn:ioos:sensor:GOA_RUNOFF_DISCHARGE:q,58.069320239858385,-154.46915010358515,2010-11-08T00:00:00Z,0.22748889915694062
urn:ioos:station:GOA_RUNOFF_DISCHARGE,urn:ioos:sensor:GOA_RUNOFF_DISCHARGE:q,58.069320239858385,-154.46915010358515,2010-11-09T00:00:00Z,0.15952201250124182
urn:ioos:station:GOA_RUNOFF_DISCHARGE,urn:ioos:sensor:GOA_RUNOFF_DISCHARGE:q,58.069320239858385,-154.46915010358515,2010-11-10T00:00:00Z,0.7891490808260326
urn:ioos:station:GOA_RUNOFF_DISCHARGE,urn:ioos:sensor:GOA_RUNOFF_DISCHARGE:q,58.069320239858385,-154.46915010358515,2010-11-11T00:00:00Z,3.1441141585839274
urn:ioos:station:GOA_RUNOFF_DISCHARGE,urn:ioos:sensor:GOA_RUNOFF_DISCHARGE:q,58.069320239858385,-154.46915010358515,2010-11-12T00:00:00Z,3.669010760479663
urn:ioos:station:GOA_RUNOFF_DISCHARGE,urn:ioos:sensor:GOA_RUNOFF_DISCHARGE:q,58.069320239858385,-154.46915010358515,2010-11-13T00:00:00Z,2.834673822710605
urn:ioos:station:GOA_RUNOFF_DISCHARGE,urn:ioos:sensor:GOA_RUNOFF_DISCHARGE:q,58.069320239858385,-154.46915010358515,2010-11-14T00:00:00Z,2.2468698996416148
urn:ioos:station:GOA_RUNOFF_DISCHARGE,urn:ioos:sensor:GOA_RUNOFF_DISCHARGE:q,58.069320239858385,-154.46915010358515,2010-11-15T00:00:00Z,1.4608541210620098
urn:ioos:station:GOA_RUNOFF_DISCHARGE,urn:ioos:sensor:GOA_RUNOFF_DISCHARGE:q,58.069320239858385,-154.46915010358515,2010-11-16T00:00:00Z,0.9485216441375385
urn:ioos:station:GOA_RUNOFF_DISCHARGE,urn:ioos:sensor:GOA_RUNOFF_DISCHARGE:q,58.069320239858385,-154.46915010358515,2010-11-17T00:00:00Z,0.6157959799540965
urn:ioos:station:GOA_RUNOFF_DISCHARGE,urn:ioos:sensor:GOA_RUNOFF_DISCHARGE:q,58.069320239858385,-154.46915010358515,2010-11-18T00:00:00Z,0.43858213027354487
urn:ioos:station:GOA_RUNOFF_DISCHARGE,urn:ioos:sensor:GOA_RUNOFF_DISCHARGE:q,58.069320239858385,-154.46915010358515,2010-11-19T00:00:00Z,0.3106985178172814
urn:ioos:station:GOA_RUNOFF_DISCHARGE,urn:ioos:sensor:GOA_RUNOFF_DISCHARGE:q,58.069320239858385,-154.46915010358515,2010-11-20T00:00:00Z,0.25486092608498173
urn:ioos:station:GOA_RUNOFF_DISCHARGE,urn:ioos:sensor:GOA_RUNOFF_DISCHARGE:q,58.069320239858385,-154.46915010358515,2010-11-21T00:00:00Z,0.44043643161978496
urn:ioos:station:GOA_RUNOFF_DISCHARGE,urn:ioos:sensor:GOA_RUNOFF_DISCHARGE:q,58.069320239858385,-154.46915010358515,2010-11-22T00:00:00Z,0.5864726281081336
urn:ioos:station:GOA_RUNOFF_DISCHARGE,urn:ioos:sensor:GOA_RUNOFF_DISCHARGE:q,58.069320239858385,-154.46915010358515,2010-11-23T00:00:00Z,1.7525685463932217
urn:ioos:station:GOA_RUNOFF_DISCHARGE,urn:ioos:sensor:GOA_RUNOFF_DISCHARGE:q,58.069320239858385,-154.46915010358515,2010-11-24T00:00:00Z,3.1744741826262985
urn:ioos:station:GOA_RUNOFF_DISCHARGE,urn:ioos:sensor:GOA_RUNOFF_DISCHARGE:q,58.069320239858385,-154.46915010358515,2010-11-25T00:00:00Z,2.1622514000524182
urn:ioos:station:GOA_RUNOFF_DISCHARGE,urn:ioos:sensor:GOA_RUNOFF_DISCHARGE:q,58.069320239858385,-154.46915010358515,2010-11-26T00:00:00Z,1.408776472291816
urn:ioos:station:GOA_RUNOFF_DISCHARGE,urn:ioos:sensor:GOA_RUNOFF_DISCHARGE:q,58.069320239858385,-154.46915010358515,2010-11-27T00:00:00Z,1.3755846755301957
urn:ioos:station:GOA_RUNOFF_DISCHARGE,urn:ioos:sensor:GOA_RUNOFF_DISCHARGE:q,58.069320239858385,-154.46915010358515,2010-11-28T00:00:00Z,0.9397031552627251
urn:ioos:station:GOA_RUNOFF_DISCHARGE,urn:ioos:sensor:GOA_RUNOFF_DISCHARGE:q,58.069320239858385,-154.46915010358515,2010-11-29T00:00:00Z,0.6116759973176863
urn:ioos:station:GOA_RUNOFF_DISCHARGE,urn:ioos:sensor:GOA_RUNOFF_DISCHARGE:q,58.069320239858385,-154.46915010358515,2010-11-30T00:00:00Z,0.4357407867545127
urn:ioos:station:GOA_RUNOFF_DISCHARGE,urn:ioos:sensor:GOA_RUNOFF_DISCHARGE:q,58.069320239858385,-154.46915010358515,2010-12-01T00:00:00Z,0.30869489883869067
urn:ioos:station:GOA_RUNOFF_DISCHARGE,urn:ioos:sensor:GOA_RUNOFF_DISCHARGE:q,58.069320239858385,-154.46915010358515,2010-12-02T00:00:00Z,0.1991121191431073
urn:ioos:station:GOA_RUNOFF_DISCHARGE,urn:ioos:sensor:GOA_RUNOFF_DISCHARGE:q,58.069320239858385,-154.46915010358515,2010-12-03T00:00:00Z,5.048222604680819
urn:ioos:station:GOA_RUNOFF_DISCHARGE,urn:ioos:sensor:GOA_RUNOFF_DISCHARGE:q,58.069320239858385,-154.46915010358515,2010-12-04T00:00:00Z,3.7311142660285457
urn:ioos:station:GOA_RUNOFF_DISCHARGE,urn:ioos:sensor:GOA_RUNOFF_DISCHARGE:q,58.069320239858385,-154.46915010358515,2010-12-05T00:00:00Z,3.3348597378048526
urn:ioos:station:GOA_RUNOFF_DISCHARGE,urn:ioos:sensor:GOA_RUNOFF_DISCHARGE:q,58.069320239858385,-154.46915010358515,2010-12-06T00:00:00Z,2.404565369404921
urn:ioos:station:GOA_RUNOFF_DISCHARGE,urn:ioos:sensor:GOA_RUNOFF_DISCHARGE:q,58.069320239858385,-154.46915010358515,2010-12-07T00:00:00Z,1.8976704223309497
urn:ioos:station:GOA_RUNOFF_DISCHARGE,urn:ioos:sensor:GOA_RUNOFF_DISCHARGE:q,58.069320239858385,-154.46915010358515,2010-12-08T00:00:00Z,1.3772929481787184
urn:ioos:station:GOA_RUNOFF_DISCHARGE,urn:ioos:sensor:GOA_RUNOFF_DISCHARGE:q,58.069320239858385,-154.46915010358515,2010-12-09T00:00:00Z,0.8983716399559066
urn:ioos:station:GOA_RUNOFF_DISCHARGE,urn:ioos:sensor:GOA_RUNOFF_DISCHARGE:q,58.069320239858385,-154.46915010358515,2010-12-10T00:00:00Z,0.5834681863206375
urn:ioos:station:GOA_RUNOFF_DISCHARGE,urn:ioos:sensor:GOA_RUNOFF_DISCHARGE:q,58.069320239858385,-154.46915010358515,2010-12-11T00:00:00Z,0.378806335322016
urn:ioos:station:GOA_RUNOFF_DISCHARGE,urn:ioos:sensor:GOA_RUNOFF_DISCHARGE:q,58.069320239858385,-154.46915010358515,2010-12-12T00:00:00Z,0.2459253840265701
urn:ioos:station:GOA_RUNOFF_DISCHARGE,urn:ioos:sensor:GOA_RUNOFF_DISCHARGE:q,58.069320239858385,-154.46915010358515,2010-12-13T00:00:00Z,0.15965710549130357
urn:ioos:station:GOA_RUNOFF_DISCHARGE,urn:ioos:sensor:GOA_RUNOFF_DISCHARGE:q,58.069320239858385,-154.46915010358515,2010-12-14T00:00:00Z,0.10365089830269249
urn:ioos:station:GOA_RUNOFF_DISCHARGE,urn:ioos:sensor:GOA_RUNOFF_DISCHARGE:q,58.069320239858385,-154.46915010358515,2010-12-15T00:00:00Z,0.06729113392360965
urn:ioos:station:GOA_RUNOFF_DISCHARGE,urn:ioos:sensor:GOA_RUNOFF_DISCHARGE:q,58.069320239858385,-154.46915010358515,2010-12-16T00:00:00Z,0.0436860348326016
urn:ioos:station:GOA_RUNOFF_DISCHARGE,urn:ioos:sensor:GOA_RUNOFF_DISCHARGE:q,58.069320239858385,-154.46915010358515,2010-12-17T00:00:00Z,0.02836138368858129
urn:ioos:station:GOA_RUNOFF_DISCHARGE,urn:ioos:sensor:GOA_RUNOFF_DISCHARGE:q,58.069320239858385,-154.46915010358515,2010-12-18T00:00:00Z,0.018412477702390732
urn:ioos:station:GOA_RUNOFF_DISCHARGE,urn:ioos:sensor:GOA_RUNOFF_DISCHARGE:q,58.069320239858385,-154.46915010358515,2010-12-19T00:00:00Z,0.011953551729062166
urn:ioos:station:GOA_RUNOFF_DISCHARGE,urn:ioos:sensor:GOA_RUNOFF_DISCHARGE:q,58.069320239858385,-154.46915010358515,2010-12-20T00:00:00Z,0.0077603584355073335
urn:ioos:station:GOA_RUNOFF_DISCHARGE,urn:ioos:sensor:GOA_RUNOFF_DISCHARGE:q,58.069320239858385,-154.46915010358515,2010-12-21T00:00:00Z,0.005038097475521393
urn:ioos:station:GOA_RUNOFF_DISCHARGE,urn:ioos:sensor:GOA_RUNOFF_DISCHARGE:q,58.069320239858385,-154.46915010358515,2010-12-22T00:00:00Z,0.003270780227994794
urn:ioos:station:GOA_RUNOFF_DISCHARGE,urn:ioos:sensor:GOA_RUNOFF_DISCHARGE:q,58.069320239858385,-154.46915010358515,2010-12-23T00:00:00Z,0.002123421377510015
urn:ioos:station:GOA_RUNOFF_DISCHARGE,urn:ioos:sensor:GOA_RUNOFF_DISCHARGE:q,58.069320239858385,-154.46915010358515,2010-12-24T00:00:00Z,0.001378545003454131
urn:ioos:station:GOA_RUNOFF_DISCHARGE,urn:ioos:sensor:GOA_RUNOFF_DISCHARGE:q,58.069320239858385,-154.46915010358515,2010-12-25T00:00:00Z,8.949644008021851E-4
urn:ioos:station:GOA_RUNOFF_DISCHARGE,urn:ioos:sensor:GOA_RUNOFF_DISCHARGE:q,58.069320239858385,-154.46915010358515,2010-12-26T00:00:00Z,5.810192738569833E-4
urn:ioos:station:GOA_RUNOFF_DISCHARGE,urn:ioos:sensor:GOA_RUNOFF_DISCHARGE:q,58.069320239858385,-154.46915010358515,2010-12-27T00:00:00Z,3.772031595519075E-4
urn:ioos:station:GOA_RUNOFF_DISCHARGE,urn:ioos:sensor:GOA_RUNOFF_DISCHARGE:q,58.069320239858385,-154.46915010358515,2010-12-28T00:00:00Z,2.448838430506387E-4
urn:ioos:station:GOA_RUNOFF_DISCHARGE,urn:ioos:sensor:GOA_RUNOFF_DISCHARGE:q,58.069320239858385,-154.46915010358515,2010-12-29T00:00:00Z,1.5898088524229527E-4
urn:ioos:station:GOA_RUNOFF_DISCHARGE,urn:ioos:sensor:GOA_RUNOFF_DISCHARGE:q,58.069320239858385,-154.46915010358515,2010-12-30T00:00:00Z,3.632985349195399
urn:ioos:station:GOA_RUNOFF_DISCHARGE,urn:ioos:sensor:GOA_RUNOFF_DISCHARGE:q,58.069320239858385,-154.46915010358515,2010-12-31T00:00:00Z,4.903567892295831
urn:ioos:station:GOA_RUNOFF_DISCHARGE,urn:ioos:sensor:GOA_RUNOFF_DISCHARGE:q,58.069320239858385,-154.46915010358515,2011-01-01T00:00:00Z,8.227555201547391
urn:ioos:station:GOA_RUNOFF_DISCHARGE,urn:ioos:sensor:GOA_RUNOFF_DISCHARGE:q,58.069320239858385,-154.46915010358515,2011-01-02T00:00:00Z,9.363928425543344
urn:ioos:station:GOA_RUNOFF_DISCHARGE,urn:ioos:sensor:GOA_RUNOFF_DISCHARGE:q,58.069320239858385,-154.46915010358515,2011-01-03T00:00:00Z,11.402921606361003
urn:ioos:station:GOA_RUNOFF_DISCHARGE,urn:ioos:sensor:GOA_RUNOFF_DISCHARGE:q,58.069320239858385,-154.46915010358515,2011-01-04T00:00:00Z,10.16076624619766
urn:ioos:station:GOA_RUNOFF_DISCHARGE,urn:ioos:sensor:GOA_RUNOFF_DISCHARGE:q,58.069320239858385,-154.46915010358515,2011-01-05T00:00:00Z,8.807297551158069
urn:ioos:station:GOA_RUNOFF_DISCHARGE,urn:ioos:sensor:GOA_RUNOFF_DISCHARGE:q,58.069320239858385,-154.46915010358515,2011-01-06T00:00:00Z,5.779893737626207
urn:ioos:station:GOA_RUNOFF_DISCHARGE,urn:ioos:sensor:GOA_RUNOFF_DISCHARGE:q,58.069320239858385,-154.46915010358515,2011-01-07T00:00:00Z,3.755848370044623
urn:ioos:station:GOA_RUNOFF_DISCHARGE,urn:ioos:sensor:GOA_RUNOFF_DISCHARGE:q,58.069320239858385,-154.46915010358515,2011-01-08T00:00:00Z,2.438527697772425
urn:ioos:station:GOA_RUNOFF_DISCHARGE,urn:ioos:sensor:GOA_RUNOFF_DISCHARGE:q,58.069320239858385,-154.46915010358515,2011-01-09T00:00:00Z,1.5831260545789414
urn:ioos:station:GOA_RUNOFF_DISCHARGE,urn:ioos:sensor:GOA_RUNOFF_DISCHARGE:q,58.069320239858385,-154.46915010358515,2011-01-10T00:00:00Z,1.0277809562991997
urn:ioos:station:GOA_RUNOFF_DISCHARGE,urn:ioos:sensor:GOA_RUNOFF_DISCHARGE:q,58.069320239858385,-154.46915010358515,2011-01-11T00:00:00Z,0.8635094590727389
urn:ioos:station:GOA_RUNOFF_DISCHARGE,urn:ioos:sensor:GOA_RUNOFF_DISCHARGE:q,58.069320239858385,-154.46915010358515,2011-01-12T00:00:00Z,0.6180858678031675
urn:ioos:station:GOA_RUNOFF_DISCHARGE,urn:ioos:sensor:GOA_RUNOFF_DISCHARGE:q,58.069320239858385,-154.46915010358515,2011-01-13T00:00:00Z,0.43815558834095547
urn:ioos:station:GOA_RUNOFF_DISCHARGE,urn:ioos:sensor:GOA_RUNOFF_DISCHARGE:q,58.069320239858385,-154.46915010358515,2011-01-14T00:00:00Z,0.2826429844937532
urn:ioos:station:GOA_RUNOFF_DISCHARGE,urn:ioos:sensor:GOA_RUNOFF_DISCHARGE:q,58.069320239858385,-154.46915010358515,2011-01-15T00:00:00Z,0.1833927876207575
urn:ioos:station:GOA_RUNOFF_DISCHARGE,urn:ioos:sensor:GOA_RUNOFF_DISCHARGE:q,58.069320239858385,-154.46915010358515,2011-01-16T00:00:00Z,0.1190546236576333
urn:ioos:station:GOA_RUNOFF_DISCHARGE,urn:ioos:sensor:GOA_RUNOFF_DISCHARGE:q,58.069320239858385,-154.46915010358515,2011-01-17T00:00:00Z,0.07729104923037815
urn:ioos:station:GOA_RUNOFF_DISCHARGE,urn:ioos:sensor:GOA_RUNOFF_DISCHARGE:q,58.069320239858385,-154.46915010358515,2011-01-18T00:00:00Z,0.050178054682885415
urn:ioos:station:GOA_RUNOFF_DISCHARGE,urn:ioos:sensor:GOA_RUNOFF_DISCHARGE:q,58.069320239858385,-154.46915010358515,2011-01-19T00:00:00Z,0.2835146508396099
urn:ioos:station:GOA_RUNOFF_DISCHARGE,urn:ioos:sensor:GOA_RUNOFF_DISCHARGE:q,58.069320239858385,-154.46915010358515,2011-01-20T00:00:00Z,0.19090017559336236
urn:ioos:station:GOA_RUNOFF_DISCHARGE,urn:ioos:sensor:GOA_RUNOFF_DISCHARGE:q,58.069320239858385,-154.46915010358515,2011-01-21T00:00:00Z,0.9214701567788562
urn:ioos:station:GOA_RUNOFF_DISCHARGE,urn:ioos:sensor:GOA_RUNOFF_DISCHARGE:q,58.069320239858385,-154.46915010358515,2011-01-22T00:00:00Z,0.619976478987759
urn:ioos:station:GOA_RUNOFF_DISCHARGE,urn:ioos:sensor:GOA_RUNOFF_DISCHARGE:q,58.069320239858385,-154.46915010358515,2011-01-23T00:00:00Z,9.251647880770143
urn:ioos:station:GOA_RUNOFF_DISCHARGE,urn:ioos:sensor:GOA_RUNOFF_DISCHARGE:q,58.069320239858385,-154.46915010358515,2011-01-24T00:00:00Z,13.110923772899502
urn:ioos:station:GOA_RUNOFF_DISCHARGE,urn:ioos:sensor:GOA_RUNOFF_DISCHARGE:q,58.069320239858385,-154.46915010358515,2011-01-25T00:00:00Z,10.975104356478244
urn:ioos:station:GOA_RUNOFF_DISCHARGE,urn:ioos:sensor:GOA_RUNOFF_DISCHARGE:q,58.069320239858385,-154.46915010358515,2011-01-26T00:00:00Z,7.16928391361565
urn:ioos:station:GOA_RUNOFF_DISCHARGE,urn:ioos:sensor:GOA_RUNOFF_DISCHARGE:q,58.069320239858385,-154.46915010358515,2011-01-27T00:00:00Z,5.211520051026289
urn:ioos:station:GOA_RUNOFF_DISCHARGE,urn:ioos:sensor:GOA_RUNOFF_DISCHARGE:q,58.069320239858385,-154.46915010358515,2011-01-28T00:00:00Z,5.067613637049064
urn:ioos:station:GOA_RUNOFF_DISCHARGE,urn:ioos:sensor:GOA_RUNOFF_DISCHARGE:q,58.069320239858385,-154.46915010358515,2011-01-29T00:00:00Z,7.1531728699784765
urn:ioos:station:GOA_RUNOFF_DISCHARGE,urn:ioos:sensor:GOA_RUNOFF_DISCHARGE:q,58.069320239858385,-154.46915010358515,2011-01-30T00:00:00Z,9.355310890574623
urn:ioos:station:GOA_RUNOFF_DISCHARGE,urn:ioos:sensor:GOA_RUNOFF_DISCHARGE:q,58.069320239858385,-154.46915010358515,2011-01-31T00:00:00Z,9.14838059558074
urn:ioos:station:GOA_RUNOFF_DISCHARGE,urn:ioos:sensor:GOA_RUNOFF_DISCHARGE:q,58.069320239858385,-154.46915010358515,2011-02-01T00:00:00Z,6.032850173222444
urn:ioos:station:GOA_RUNOFF_DISCHARGE,urn:ioos:sensor:GOA_RUNOFF_DISCHARGE:q,58.069320239858385,-154.46915010358515,2011-02-02T00:00:00Z,3.921693293599642
urn:ioos:station:GOA_RUNOFF_DISCHARGE,urn:ioos:sensor:GOA_RUNOFF_DISCHARGE:q,58.069320239858385,-154.46915010358515,2011-02-03T00:00:00Z,2.546286615211799
urn:ioos:station:GOA_RUNOFF_DISCHARGE,urn:ioos:sensor:GOA_RUNOFF_DISCHARGE:q,58.069320239858385,-154.46915010358515,2011-02-04T00:00:00Z,1.6530894561144232
urn:ioos:station:GOA_RUNOFF_DISCHARGE,urn:ioos:sensor:GOA_RUNOFF_DISCHARGE:q,58.069320239858385,-154.46915010358515,2011-02-05T00:00:00Z,1.5490137507921604
urn:ioos:station:GOA_RUNOFF_DISCHARGE,urn:ioos:sensor:GOA_RUNOFF_DISCHARGE:q,58.069320239858385,-154.46915010358515,2011-02-06T00:00:00Z,2.9579470394872907
urn:ioos:station:GOA_RUNOFF_DISCHARGE,urn:ioos:sensor:GOA_RUNOFF_DISCHARGE:q,58.069320239858385,-154.46915010358515,2011-02-07T00:00:00Z,3.2338023535742386
urn:ioos:station:GOA_RUNOFF_DISCHARGE,urn:ioos:sensor:GOA_RUNOFF_DISCHARGE:q,58.069320239858385,-154.46915010358515,2011-02-08T00:00:00Z,7.402191003687446
urn:ioos:station:GOA_RUNOFF_DISCHARGE,urn:ioos:sensor:GOA_RUNOFF_DISCHARGE:q,58.069320239858385,-154.46915010358515,2011-02-09T00:00:00Z,7.181619786523364
urn:ioos:station:GOA_RUNOFF_DISCHARGE,urn:ioos:sensor:GOA_RUNOFF_DISCHARGE:q,58.069320239858385,-154.46915010358515,2011-02-10T00:00:00Z,4.7389927606240265
urn:ioos:station:GOA_RUNOFF_DISCHARGE,urn:ioos:sensor:GOA_RUNOFF_DISCHARGE:q,58.069320239858385,-154.46915010358515,2011-02-11T00:00:00Z,3.379465584875174
urn:ioos:station:GOA_RUNOFF_DISCHARGE,urn:ioos:sensor:GOA_RUNOFF_DISCHARGE:q,58.069320239858385,-154.46915010358515,2011-02-12T00:00:00Z,2.3944899154919628
urn:ioos:station:GOA_RUNOFF_DISCHARGE,urn:ioos:sensor:GOA_RUNOFF_DISCHARGE:q,58.069320239858385,-154.46915010358515,2011-02-13T00:00:00Z,1.6950607349861062
urn:ioos:station:GOA_RUNOFF_DISCHARGE,urn:ioos:sensor:GOA_RUNOFF_DISCHARGE:q,58.069320239858385,-154.46915010358515,2011-02-14T00:00:00Z,1.1997816472499334
urn:ioos:station:GOA_RUNOFF_DISCHARGE,urn:ioos:sensor:GOA_RUNOFF_DISCHARGE:q,58.069320239858385,-154.46915010358515,2011-02-15T00:00:00Z,0.8492026591966878
urn:ioos:station:GOA_RUNOFF_DISCHARGE,urn:ioos:sensor:GOA_RUNOFF_DISCHARGE:q,58.069320239858385,-154.46915010358515,2011-02-16T00:00:00Z,0.5476722768950831
urn:ioos:station:GOA_RUNOFF_DISCHARGE,urn:ioos:sensor:GOA_RUNOFF_DISCHARGE:q,58.069320239858385,-154.46915010358515,2011-02-17T00:00:00Z,0.38985186050505855
urn:ioos:station:GOA_RUNOFF_DISCHARGE,urn:ioos:sensor:GOA_RUNOFF_DISCHARGE:q,58.069320239858385,-154.46915010358515,2011-02-18T00:00:00Z,0.3471005121170555
urn:ioos:station:GOA_RUNOFF_DISCHARGE,urn:ioos:sensor:GOA_RUNOFF_DISCHARGE:q,58.069320239858385,-154.46915010358515,2011-02-19T00:00:00Z,0.22786114077873462
urn:ioos:station:GOA_RUNOFF_DISCHARGE,urn:ioos:sensor:GOA_RUNOFF_DISCHARGE:q,58.069320239858385,-154.46915010358515,2011-02-20T00:00:00Z,0.9215212010443646
urn:ioos:station:GOA_RUNOFF_DISCHARGE,urn:ioos:sensor:GOA_RUNOFF_DISCHARGE:q,58.069320239858385,-154.46915010358515,2011-02-21T00:00:00Z,0.6292017432980157
urn:ioos:station:GOA_RUNOFF_DISCHARGE,urn:ioos:sensor:GOA_RUNOFF_DISCHARGE:q,58.069320239858385,-154.46915010358515,2011-02-22T00:00:00Z,0.44992290311861644
urn:ioos:station:GOA_RUNOFF_DISCHARGE,urn:ioos:sensor:GOA_RUNOFF_DISCHARGE:q,58.069320239858385,-154.46915010358515,2011-02-23T00:00:00Z,0.3189104613670264
urn:ioos:station:GOA_RUNOFF_DISCHARGE,urn:ioos:sensor:GOA_RUNOFF_DISCHARGE:q,58.069320239858385,-154.46915010358515,2011-02-24T00:00:00Z,0.22576904945850876
urn:ioos:station:GOA_RUNOFF_DISCHARGE,urn:ioos:sensor:GOA_RUNOFF_DISCHARGE:q,58.069320239858385,-154.46915010358515,2011-02-25T00:00:00Z,0.8885346995825534
urn:ioos:station:GOA_RUNOFF_DISCHARGE,urn:ioos:sensor:GOA_RUNOFF_DISCHARGE:q,58.069320239858385,-154.46915010358515,2011-02-26T00:00:00Z,0.6536839149211839
urn:ioos:station:GOA_RUNOFF_DISCHARGE,urn:ioos:sensor:GOA_RUNOFF_DISCHARGE:q,58.069320239858385,-154.46915010358515,2011-02-27T00:00:00Z,0.4651494206755164
urn:ioos:station:GOA_RUNOFF_DISCHARGE,urn:ioos:sensor:GOA_RUNOFF_DISCHARGE:q,58.069320239858385,-154.46915010358515,2011-02-28T00:00:00Z,0.32947784123308343
urn:ioos:station:GOA_RUNOFF_DISCHARGE,urn:ioos:sensor:GOA_RUNOFF_DISCHARGE:q,58.069320239858385,-154.46915010358515,2011-03-01T00:00:00Z,0.23322762964115584
urn:ioos:station:GOA_RUNOFF_DISCHARGE,urn:ioos:sensor:GOA_RUNOFF_DISCHARGE:q,58.069320239858385,-154.46915010358515,2011-03-02T00:00:00Z,0.16507993380399277
urn:ioos:station:GOA_RUNOFF_DISCHARGE,urn:ioos:sensor:GOA_RUNOFF_DISCHARGE:q,58.069320239858385,-154.46915010358515,2011-03-03T00:00:00Z,0.10646442565706368
urn:ioos:station:GOA_RUNOFF_DISCHARGE,urn:ioos:sensor:GOA_RUNOFF_DISCHARGE:q,58.069320239858385,-154.46915010358515,2011-03-04T00:00:00Z,0.06907802033220423
urn:ioos:station:GOA_RUNOFF_DISCHARGE,urn:ioos:sensor:GOA_RUNOFF_DISCHARGE:q,58.069320239858385,-154.46915010358515,2011-03-05T00:00:00Z,0.04484387138089953
urn:ioos:station:GOA_RUNOFF_DISCHARGE,urn:ioos:sensor:GOA_RUNOFF_DISCHARGE:q,58.069320239858385,-154.46915010358515,2011-03-06T00:00:00Z,1.1173798896035638
urn:ioos:station:GOA_RUNOFF_DISCHARGE,urn:ioos:sensor:GOA_RUNOFF_DISCHARGE:q,58.069320239858385,-154.46915010358515,2011-03-07T00:00:00Z,3.8389884277374695
urn:ioos:station:GOA_RUNOFF_DISCHARGE,urn:ioos:sensor:GOA_RUNOFF_DISCHARGE:q,58.069320239858385,-154.46915010358515,2011-03-08T00:00:00Z,2.8632801868065143
urn:ioos:station:GOA_RUNOFF_DISCHARGE,urn:ioos:sensor:GOA_RUNOFF_DISCHARGE:q,58.069320239858385,-154.46915010358515,2011-03-09T00:00:00Z,2.0412026871042936
urn:ioos:station:GOA_RUNOFF_DISCHARGE,urn:ioos:sensor:GOA_RUNOFF_DISCHARGE:q,58.069320239858385,-154.46915010358515,2011-03-10T00:00:00Z,1.4462107316155894
urn:ioos:station:GOA_RUNOFF_DISCHARGE,urn:ioos:sensor:GOA_RUNOFF_DISCHARGE:q,58.069320239858385,-154.46915010358515,2011-03-11T00:00:00Z,1.0237669431366736
urn:ioos:station:GOA_RUNOFF_DISCHARGE,urn:ioos:sensor:GOA_RUNOFF_DISCHARGE:q,58.069320239858385,-154.46915010358515,2011-03-12T00:00:00Z,0.660267046483146
urn:ioos:station:GOA_RUNOFF_DISCHARGE,urn:ioos:sensor:GOA_RUNOFF_DISCHARGE:q,58.069320239858385,-154.46915010358515,2011-03-13T00:00:00Z,0.4284061007395011
urn:ioos:station:GOA_RUNOFF_DISCHARGE,urn:ioos:sensor:GOA_RUNOFF_DISCHARGE:q,58.069320239858385,-154.46915010358515,2011-03-14T00:00:00Z,0.27811149035602767
urn:ioos:station:GOA_RUNOFF_DISCHARGE,urn:ioos:sensor:GOA_RUNOFF_DISCHARGE:q,58.069320239858385,-154.46915010358515,2011-03-15T00:00:00Z,0.18055180588453504
urn:ioos:station:GOA_RUNOFF_DISCHARGE,urn:ioos:sensor:GOA_RUNOFF_DISCHARGE:q,58.069320239858385,-154.46915010358515,2011-03-16T00:00:00Z,0.8098350983167828
urn:ioos:station:GOA_RUNOFF_DISCHARGE,urn:ioos:sensor:GOA_RUNOFF_DISCHARGE:q,58.069320239858385,-154.46915010358515,2011-03-17T00:00:00Z,0.8038144403558033
urn:ioos:station:GOA_RUNOFF_DISCHARGE,urn:ioos:sensor:GOA_RUNOFF_DISCHARGE:q,58.069320239858385,-154.46915010358515,2011-03-18T00:00:00Z,0.5808804525511772
urn:ioos:station:GOA_RUNOFF_DISCHARGE,urn:ioos:sensor:GOA_RUNOFF_DISCHARGE:q,58.069320239858385,-154.46915010358515,2011-03-19T00:00:00Z,0.4123373528017122
urn:ioos:station:GOA_RUNOFF_DISCHARGE,urn:ioos:sensor:GOA_RUNOFF_DISCHARGE:q,58.069320239858385,-154.46915010358515,2011-03-20T00:00:00Z,2.0382034418335184
urn:ioos:station:GOA_RUNOFF_DISCHARGE,urn:ioos:sensor:GOA_RUNOFF_DISCHARGE:q,58.069320239858385,-154.46915010358515,2011-03-21T00:00:00Z,1.8514111620417888
urn:ioos:station:GOA_RUNOFF_DISCHARGE,urn:ioos:sensor:GOA_RUNOFF_DISCHARGE:q,58.069320239858385,-154.46915010358515,2011-03-22T00:00:00Z,1.3327747183270275
urn:ioos:station:GOA_RUNOFF_DISCHARGE,urn:ioos:sensor:GOA_RUNOFF_DISCHARGE:q,58.069320239858385,-154.46915010358515,2011-03-23T00:00:00Z,1.3914649675134978
urn:ioos:station:GOA_RUNOFF_DISCHARGE,urn:ioos:sensor:GOA_RUNOFF_DISCHARGE:q,58.069320239858385,-154.46915010358515,2011-03-24T00:00:00Z,1.006598704350981
urn:ioos:station:GOA_RUNOFF_DISCHARGE,urn:ioos:sensor:GOA_RUNOFF_DISCHARGE:q,58.069320239858385,-154.46915010358515,2011-03-25T00:00:00Z,1.0200028232275837
urn:ioos:station:GOA_RUNOFF_DISCHARGE,urn:ioos:sensor:GOA_RUNOFF_DISCHARGE:q,58.069320239858385,-154.46915010358515,2011-03-26T00:00:00Z,0.6729932501531382
urn:ioos:station:GOA_RUNOFF_DISCHARGE,urn:ioos:sensor:GOA_RUNOFF_DISCHARGE:q,58.069320239858385,-154.46915010358515,2011-03-27T00:00:00Z,0.437494479590321
urn:ioos:station:GOA_RUNOFF_DISCHARGE,urn:ioos:sensor:GOA_RUNOFF_DISCHARGE:q,58.069320239858385,-154.46915010358515,2011-03-28T00:00:00Z,0.31162563560105516
urn:ioos:station:GOA_RUNOFF_DISCHARGE,urn:ioos:sensor:GOA_RUNOFF_DISCHARGE:q,58.069320239858385,-154.46915010358515,2011-03-29T00:00:00Z,0.2207638500655527
urn:ioos:station:GOA_RUNOFF_DISCHARGE,urn:ioos:sensor:GOA_RUNOFF_DISCHARGE:q,58.069320239858385,-154.46915010358515,2011-03-30T00:00:00Z,0.26847958216771284
urn:ioos:station:GOA_RUNOFF_DISCHARGE,urn:ioos:sensor:GOA_RUNOFF_DISCHARGE:q,58.069320239858385,-154.46915010358515,2011-03-31T00:00:00Z,0.19533847776825405
urn:ioos:station:GOA_RUNOFF_DISCHARGE,urn:ioos:sensor:GOA_RUNOFF_DISCHARGE:q,58.069320239858385,-154.46915010358515,2011-04-01T00:00:00Z,0.12649222043732009
urn:ioos:station:GOA_RUNOFF_DISCHARGE,urn:ioos:sensor:GOA_RUNOFF_DISCHARGE:q,58.069320239858385,-154.46915010358515,2011-04-02T00:00:00Z,0.8843423603842112
urn:ioos:station:GOA_RUNOFF_DISCHARGE,urn:ioos:sensor:GOA_RUNOFF_DISCHARGE:q,58.069320239858385,-154.46915010358515,2011-04-03T00:00:00Z,3.143469790510576
urn:ioos:station:GOA_RUNOFF_DISCHARGE,urn:ioos:sensor:GOA_RUNOFF_DISCHARGE:q,58.069320239858385,-154.46915010358515,2011-04-04T00:00:00Z,2.5927539992845534
urn:ioos:station:GOA_RUNOFF_DISCHARGE,urn:ioos:sensor:GOA_RUNOFF_DISCHARGE:q,58.069320239858385,-154.46915010358515,2011-04-05T00:00:00Z,2.1280025396996636
urn:ioos:station:GOA_RUNOFF_DISCHARGE,urn:ioos:sensor:GOA_RUNOFF_DISCHARGE:q,58.069320239858385,-154.46915010358515,2011-04-06T00:00:00Z,1.3941629463718657
urn:ioos:station:GOA_RUNOFF_DISCHARGE,urn:ioos:sensor:GOA_RUNOFF_DISCHARGE:q,58.069320239858385,-154.46915010358515,2011-04-07T00:00:00Z,4.646473187586622
urn:ioos:station:GOA_RUNOFF_DISCHARGE,urn:ioos:sensor:GOA_RUNOFF_DISCHARGE:q,58.069320239858385,-154.46915010358515,2011-04-08T00:00:00Z,5.516131704628424
urn:ioos:station:GOA_RUNOFF_DISCHARGE,urn:ioos:sensor:GOA_RUNOFF_DISCHARGE:q,58.069320239858385,-154.46915010358515,2011-04-09T00:00:00Z,4.01877738167849
urn:ioos:station:GOA_RUNOFF_DISCHARGE,urn:ioos:sensor:GOA_RUNOFF_DISCHARGE:q,58.069320239858385,-154.46915010358515,2011-04-10T00:00:00Z,2.6028828654959564
urn:ioos:station:GOA_RUNOFF_DISCHARGE,urn:ioos:sensor:GOA_RUNOFF_DISCHARGE:q,58.069320239858385,-154.46915010358515,2011-04-11T00:00:00Z,1.8534667461875853
urn:ioos:station:GOA_RUNOFF_DISCHARGE,urn:ioos:sensor:GOA_RUNOFF_DISCHARGE:q,58.069320239858385,-154.46915010358515,2011-04-12T00:00:00Z,1.1964261445796815
urn:ioos:station:GOA_RUNOFF_DISCHARGE,urn:ioos:sensor:GOA_RUNOFF_DISCHARGE:q,58.069320239858385,-154.46915010358515,2011-04-13T00:00:00Z,0.8517200097649961
urn:ioos:station:GOA_RUNOFF_DISCHARGE,urn:ioos:sensor:GOA_RUNOFF_DISCHARGE:q,58.069320239858385,-154.46915010358515,2011-04-14T00:00:00Z,0.6046494515884662
urn:ioos:station:GOA_RUNOFF_DISCHARGE,urn:ioos:sensor:GOA_RUNOFF_DISCHARGE:q,58.069320239858385,-154.46915010358515,2011-04-15T00:00:00Z,0.43200340588399133
urn:ioos:station:GOA_RUNOFF_DISCHARGE,urn:ioos:sensor:GOA_RUNOFF_DISCHARGE:q,58.069320239858385,-154.46915010358515,2011-04-16T00:00:00Z,0.3061730424299348
urn:ioos:station:GOA_RUNOFF_DISCHARGE,urn:ioos:sensor:GOA_RUNOFF_DISCHARGE:q,58.069320239858385,-154.46915010358515,2011-04-17T00:00:00Z,0.21674814310169047
urn:ioos:station:GOA_RUNOFF_DISCHARGE,urn:ioos:sensor:GOA_RUNOFF_DISCHARGE:q,58.069320239858385,-154.46915010358515,2011-04-18T00:00:00Z,0.15341740448374797
urn:ioos:station:GOA_RUNOFF_DISCHARGE,urn:ioos:sensor:GOA_RUNOFF_DISCHARGE:q,58.069320239858385,-154.46915010358515,2011-04-19T00:00:00Z,0.10858855942295423
urn:ioos:station:GOA_RUNOFF_DISCHARGE,urn:ioos:sensor:GOA_RUNOFF_DISCHARGE:q,58.069320239858385,-154.46915010358515,2011-04-20T00:00:00Z,0.07685853788142939
urn:ioos:station:GOA_RUNOFF_DISCHARGE,urn:ioos:sensor:GOA_RUNOFF_DISCHARGE:q,58.069320239858385,-154.46915010358515,2011-04-21T00:00:00Z,0.05440012996148076
urn:ioos:station:GOA_RUNOFF_DISCHARGE,urn:ioos:sensor:GOA_RUNOFF_DISCHARGE:q,58.069320239858385,-154.46915010358515,2011-04-22T00:00:00Z,1.2962392590598353
urn:ioos:station:GOA_RUNOFF_DISCHARGE,urn:ioos:sensor:GOA_RUNOFF_DISCHARGE:q,58.069320239858385,-154.46915010358515,2011-04-23T00:00:00Z,3.0483764287865567
urn:ioos:station:GOA_RUNOFF_DISCHARGE,urn:ioos:sensor:GOA_RUNOFF_DISCHARGE:q,58.069320239858385,-154.46915010358515,2011-04-24T00:00:00Z,3.320288178690823
urn:ioos:station:GOA_RUNOFF_DISCHARGE,urn:ioos:sensor:GOA_RUNOFF_DISCHARGE:q,58.069320239858385,-154.46915010358515,2011-04-25T00:00:00Z,2.4105472837159208
urn:ioos:station:GOA_RUNOFF_DISCHARGE,urn:ioos:sensor:GOA_RUNOFF_DISCHARGE:q,58.069320239858385,-154.46915010358515,2011-04-26T00:00:00Z,1.7122122659838617
urn:ioos:station:GOA_RUNOFF_DISCHARGE,urn:ioos:sensor:GOA_RUNOFF_DISCHARGE:q,58.069320239858385,-154.46915010358515,2011-04-27T00:00:00Z,1.2124991681324937
urn:ioos:station:GOA_RUNOFF_DISCHARGE,urn:ioos:sensor:GOA_RUNOFF_DISCHARGE:q,58.069320239858385,-154.46915010358515,2011-04-28T00:00:00Z,1.6209130192527874
urn:ioos:station:GOA_RUNOFF_DISCHARGE,urn:ioos:sensor:GOA_RUNOFF_DISCHARGE:q,58.069320239858385,-154.46915010358515,2011-04-29T00:00:00Z,2.289921527761636
urn:ioos:station:GOA_RUNOFF_DISCHARGE,urn:ioos:sensor:GOA_RUNOFF_DISCHARGE:q,58.069320239858385,-154.46915010358515,2011-04-30T00:00:00Z,1.676745973587254
urn:ioos:station:GOA_RUNOFF_DISCHARGE,urn:ioos:sensor:GOA_RUNOFF_DISCHARGE:q,58.069320239858385,-154.46915010358515,2011-05-01T00:00:00Z,1.1923803603085978
urn:ioos:station:GOA_RUNOFF_DISCHARGE,urn:ioos:sensor:GOA_RUNOFF_DISCHARGE:q,58.069320239858385,-154.46915010358515,2011-05-02T00:00:00Z,0.8445194793936757
urn:ioos:station:GOA_RUNOFF_DISCHARGE,urn:ioos:sensor:GOA_RUNOFF_DISCHARGE:q,58.069320239858385,-154.46915010358515,2011-05-03T00:00:00Z,1.904441286281779
urn:ioos:station:GOA_RUNOFF_DISCHARGE,urn:ioos:sensor:GOA_RUNOFF_DISCHARGE:q,58.069320239858385,-154.46915010358515,2011-05-04T00:00:00Z,1.4097715723544593
urn:ioos:station:GOA_RUNOFF_DISCHARGE,urn:ioos:sensor:GOA_RUNOFF_DISCHARGE:q,58.069320239858385,-154.46915010358515,2011-05-05T00:00:00Z,1.0040030113597083
urn:ioos:station:GOA_RUNOFF_DISCHARGE,urn:ioos:sensor:GOA_RUNOFF_DISCHARGE:q,58.069320239858385,-154.46915010358515,2011-05-06T00:00:00Z,0.7112452701841291
urn:ioos:station:GOA_RUNOFF_DISCHARGE,urn:ioos:sensor:GOA_RUNOFF_DISCHARGE:q,58.069320239858385,-154.46915010358515,2011-05-07T00:00:00Z,0.5034778755473847
urn:ioos:station:GOA_RUNOFF_DISCHARGE,urn:ioos:sensor:GOA_RUNOFF_DISCHARGE:q,58.069320239858385,-154.46915010358515,2011-05-08T00:00:00Z,0.3563655396470286
urn:ioos:station:GOA_RUNOFF_DISCHARGE,urn:ioos:sensor:GOA_RUNOFF_DISCHARGE:q,58.069320239858385,-154.46915010358515,2011-05-09T00:00:00Z,0.9271792210726794
urn:ioos:station:GOA_RUNOFF_DISCHARGE,urn:ioos:sensor:GOA_RUNOFF_DISCHARGE:q,58.069320239858385,-154.46915010358515,2011-05-10T00:00:00Z,0.6881818791830628
urn:ioos:station:GOA_RUNOFF_DISCHARGE,urn:ioos:sensor:GOA_RUNOFF_DISCHARGE:q,58.069320239858385,-154.46915010358515,2011-05-11T00:00:00Z,0.4902804004337907
urn:ioos:station:GOA_RUNOFF_DISCHARGE,urn:ioos:sensor:GOA_RUNOFF_DISCHARGE:q,58.069320239858385,-154.46915010358515,2011-05-12T00:00:00Z,0.3473366576237246
urn:ioos:station:GOA_RUNOFF_DISCHARGE,urn:ioos:sensor:GOA_RUNOFF_DISCHARGE:q,58.069320239858385,-154.46915010358515,2011-05-13T00:00:00Z,0.24587514555004683
urn:ioos:station:GOA_RUNOFF_DISCHARGE,urn:ioos:sensor:GOA_RUNOFF_DISCHARGE:q,58.069320239858385,-154.46915010358515,2011-05-14T00:00:00Z,0.17403251254380478
urn:ioos:station:GOA_RUNOFF_DISCHARGE,urn:ioos:sensor:GOA_RUNOFF_DISCHARGE:q,58.069320239858385,-154.46915010358515,2011-05-15T00:00:00Z,0.13605085938434217
urn:ioos:station:GOA_RUNOFF_DISCHARGE,urn:ioos:sensor:GOA_RUNOFF_DISCHARGE:q,58.069320239858385,-154.46915010358515,2011-05-16T00:00:00Z,0.6639686766342038
urn:ioos:station:GOA_RUNOFF_DISCHARGE,urn:ioos:sensor:GOA_RUNOFF_DISCHARGE:q,58.069320239858385,-154.46915010358515,2011-05-17T00:00:00Z,3.4043601889013546
urn:ioos:station:GOA_RUNOFF_DISCHARGE,urn:ioos:sensor:GOA_RUNOFF_DISCHARGE:q,58.069320239858385,-154.46915010358515,2011-05-18T00:00:00Z,3.055257669383679
urn:ioos:station:GOA_RUNOFF_DISCHARGE,urn:ioos:sensor:GOA_RUNOFF_DISCHARGE:q,58.069320239858385,-154.46915010358515,2011-05-19T00:00:00Z,2.2169426993969825
urn:ioos:station:GOA_RUNOFF_DISCHARGE,urn:ioos:sensor:GOA_RUNOFF_DISCHARGE:q,58.069320239858385,-154.46915010358515,2011-05-20T00:00:00Z,1.58897246478305
urn:ioos:station:GOA_RUNOFF_DISCHARGE,urn:ioos:sensor:GOA_RUNOFF_DISCHARGE:q,58.069320239858385,-154.46915010358515,2011-05-21T00:00:00Z,3.7962749020977493
urn:ioos:station:GOA_RUNOFF_DISCHARGE,urn:ioos:sensor:GOA_RUNOFF_DISCHARGE:q,58.069320239858385,-154.46915010358515,2011-05-22T00:00:00Z,2.813429673012588
urn:ioos:station:GOA_RUNOFF_DISCHARGE,urn:ioos:sensor:GOA_RUNOFF_DISCHARGE:q,58.069320239858385,-154.46915010358515,2011-05-23T00:00:00Z,4.756309396140372
urn:ioos:station:GOA_RUNOFF_DISCHARGE,urn:ioos:sensor:GOA_RUNOFF_DISCHARGE:q,58.069320239858385,-154.46915010358515,2011-05-24T00:00:00Z,3.7744437433463855
urn:ioos:station:GOA_RUNOFF_DISCHARGE,urn:ioos:sensor:GOA_RUNOFF_DISCHARGE:q,58.069320239858385,-154.46915010358515,2011-05-25T00:00:00Z,4.480801393550698
urn:ioos:station:GOA_RUNOFF_DISCHARGE,urn:ioos:sensor:GOA_RUNOFF_DISCHARGE:q,58.069320239858385,-154.46915010358515,2011-05-26T00:00:00Z,3.789077923775833
urn:ioos:station:GOA_RUNOFF_DISCHARGE,urn:ioos:sensor:GOA_RUNOFF_DISCHARGE:q,58.069320239858385,-154.46915010358515,2011-05-27T00:00:00Z,2.715678062760571
urn:ioos:station:GOA_RUNOFF_DISCHARGE,urn:ioos:sensor:GOA_RUNOFF_DISCHARGE:q,58.069320239858385,-154.46915010358515,2011-05-28T00:00:00Z,1.9255186212151962
urn:ioos:station:GOA_RUNOFF_DISCHARGE,urn:ioos:sensor:GOA_RUNOFF_DISCHARGE:q,58.069320239858385,-154.46915010358515,2011-05-29T00:00:00Z,1.3632106509807345
urn:ioos:station:GOA_RUNOFF_DISCHARGE,urn:ioos:sensor:GOA_RUNOFF_DISCHARGE:q,58.069320239858385,-154.46915010358515,2011-05-30T00:00:00Z,0.964908037382209
urn:ioos:station:GOA_RUNOFF_DISCHARGE,urn:ioos:sensor:GOA_RUNOFF_DISCHARGE:q,58.069320239858385,-154.46915010358515,2011-05-31T00:00:00Z,0.9099436249056974
urn:ioos:station:GOA_RUNOFF_DISCHARGE,urn:ioos:sensor:GOA_RUNOFF_DISCHARGE:q,58.069320239858385,-154.46915010358515,2011-06-01T00:00:00Z,3.450953868064027
urn:ioos:station:GOA_RUNOFF_DISCHARGE,urn:ioos:sensor:GOA_RUNOFF_DISCHARGE:q,58.069320239858385,-154.46915010358515,2011-06-02T00:00:00Z,2.5759154433065006
urn:ioos:station:GOA_RUNOFF_DISCHARGE,urn:ioos:sensor:GOA_RUNOFF_DISCHARGE:q,58.069320239858385,-154.46915010358515,2011-06-03T00:00:00Z,4.850228213528157
urn:ioos:station:GOA_RUNOFF_DISCHARGE,urn:ioos:sensor:GOA_RUNOFF_DISCHARGE:q,58.069320239858385,-154.46915010358515,2011-06-04T00:00:00Z,4.831751768102733
urn:ioos:station:GOA_RUNOFF_DISCHARGE,urn:ioos:sensor:GOA_RUNOFF_DISCHARGE:q,58.069320239858385,-154.46915010358515,2011-06-05T00:00:00Z,3.4936245059961295
urn:ioos:station:GOA_RUNOFF_DISCHARGE,urn:ioos:sensor:GOA_RUNOFF_DISCHARGE:q,58.069320239858385,-154.46915010358515,2011-06-06T00:00:00Z,2.4801348258015117
urn:ioos:station:GOA_RUNOFF_DISCHARGE,urn:ioos:sensor:GOA_RUNOFF_DISCHARGE:q,58.069320239858385,-154.46915010358515,2011-06-07T00:00:00Z,6.076949787474012
urn:ioos:station:GOA_RUNOFF_DISCHARGE,urn:ioos:sensor:GOA_RUNOFF_DISCHARGE:q,58.069320239858385,-154.46915010358515,2011-06-08T00:00:00Z,5.619334789813786
urn:ioos:station:GOA_RUNOFF_DISCHARGE,urn:ioos:sensor:GOA_RUNOFF_DISCHARGE:q,58.069320239858385,-154.46915010358515,2011-06-09T00:00:00Z,4.050439034491325
urn:ioos:station:GOA_RUNOFF_DISCHARGE,urn:ioos:sensor:GOA_RUNOFF_DISCHARGE:q,58.069320239858385,-154.46915010358515,2011-06-10T00:00:00Z,2.874182347328892
urn:ioos:station:GOA_RUNOFF_DISCHARGE,urn:ioos:sensor:GOA_RUNOFF_DISCHARGE:q,58.069320239858385,-154.46915010358515,2011-06-11T00:00:00Z,3.585691521627995
urn:ioos:station:GOA_RUNOFF_DISCHARGE,urn:ioos:sensor:GOA_RUNOFF_DISCHARGE:q,58.069320239858385,-154.46915010358515,2011-06-12T00:00:00Z,6.277993678818646
urn:ioos:station:GOA_RUNOFF_DISCHARGE,urn:ioos:sensor:GOA_RUNOFF_DISCHARGE:q,58.069320239858385,-154.46915010358515,2011-06-13T00:00:00Z,4.624319976355968
urn:ioos:station:GOA_RUNOFF_DISCHARGE,urn:ioos:sensor:GOA_RUNOFF_DISCHARGE:q,58.069320239858385,-154.46915010358515,2011-06-14T00:00:00Z,3.2911255899697345
urn:ioos:station:GOA_RUNOFF_DISCHARGE,urn:ioos:sensor:GOA_RUNOFF_DISCHARGE:q,58.069320239858385,-154.46915010358515,2011-06-15T00:00:00Z,2.3312468598713436
urn:ioos:station:GOA_RUNOFF_DISCHARGE,urn:ioos:sensor:GOA_RUNOFF_DISCHARGE:q,58.069320239858385,-154.46915010358515,2011-06-16T00:00:00Z,1.6502262411800799
urn:ioos:station:GOA_RUNOFF_DISCHARGE,urn:ioos:sensor:GOA_RUNOFF_DISCHARGE:q,58.069320239858385,-154.46915010358515,2011-06-17T00:00:00Z,1.1680407968911284
urn:ioos:station:GOA_RUNOFF_DISCHARGE,urn:ioos:sensor:GOA_RUNOFF_DISCHARGE:q,58.069320239858385,-154.46915010358515,2011-06-18T00:00:00Z,0.8267358809380975
urn:ioos:station:GOA_RUNOFF_DISCHARGE,urn:ioos:sensor:GOA_RUNOFF_DISCHARGE:q,58.069320239858385,-154.46915010358515,2011-06-19T00:00:00Z,0.5851601458533792
urn:ioos:station:GOA_RUNOFF_DISCHARGE,urn:ioos:sensor:GOA_RUNOFF_DISCHARGE:q,58.069320239858385,-154.46915010358515,2011-06-20T00:00:00Z,0.41417379523289366
urn:ioos:station:GOA_RUNOFF_DISCHARGE,urn:ioos:sensor:GOA_RUNOFF_DISCHARGE:q,58.069320239858385,-154.46915010358515,2011-06-21T00:00:00Z,0.39088882870558367
urn:ioos:station:GOA_RUNOFF_DISCHARGE,urn:ioos:sensor:GOA_RUNOFF_DISCHARGE:q,58.069320239858385,-154.46915010358515,2011-06-22T00:00:00Z,0.2812929426054867
urn:ioos:station:GOA_RUNOFF_DISCHARGE,urn:ioos:sensor:GOA_RUNOFF_DISCHARGE:q,58.069320239858385,-154.46915010358515,2011-06-23T00:00:00Z,0.19955959514463747
urn:ioos:station:GOA_RUNOFF_DISCHARGE,urn:ioos:sensor:GOA_RUNOFF_DISCHARGE:q,58.069320239858385,-154.46915010358515,2011-06-24T00:00:00Z,0.14129350341314745
urn:ioos:station:GOA_RUNOFF_DISCHARGE,urn:ioos:sensor:GOA_RUNOFF_DISCHARGE:q,58.069320239858385,-154.46915010358515,2011-06-25T00:00:00Z,0.10001151946190608
urn:ioos:station:GOA_RUNOFF_DISCHARGE,urn:ioos:sensor:GOA_RUNOFF_DISCHARGE:q,58.069320239858385,-154.46915010358515,2011-06-26T00:00:00Z,0.07078816767346793
urn:ioos:station:GOA_RUNOFF_DISCHARGE,urn:ioos:sensor:GOA_RUNOFF_DISCHARGE:q,58.069320239858385,-154.46915010358515,2011-06-27T00:00:00Z,0.262432497616955
urn:ioos:station:GOA_RUNOFF_DISCHARGE,urn:ioos:sensor:GOA_RUNOFF_DISCHARGE:q,58.069320239858385,-154.46915010358515,2011-06-28T00:00:00Z,0.19579284408784092
urn:ioos:station:GOA_RUNOFF_DISCHARGE,urn:ioos:sensor:GOA_RUNOFF_DISCHARGE:q,58.069320239858385,-154.46915010358515,2011-06-29T00:00:00Z,0.13958430986292739
urn:ioos:station:GOA_RUNOFF_DISCHARGE,urn:ioos:sensor:GOA_RUNOFF_DISCHARGE:q,58.069320239858385,-154.46915010358515,2011-06-30T00:00:00Z,0.09889731885385512
urn:ioos:station:GOA_RUNOFF_DISCHARGE,urn:ioos:sensor:GOA_RUNOFF_DISCHARGE:q,58.069320239858385,-154.46915010358515,2011-07-01T00:00:00Z,0.07000909305987447
urn:ioos:station:GOA_RUNOFF_DISCHARGE,urn:ioos:sensor:GOA_RUNOFF_DISCHARGE:q,58.069320239858385,-154.46915010358515,2011-07-02T00:00:00Z,0.04955311599088035
urn:ioos:station:GOA_RUNOFF_DISCHARGE,urn:ioos:sensor:GOA_RUNOFF_DISCHARGE:q,58.069320239858385,-154.46915010358515,2011-07-03T00:00:00Z,0.035073577156721374
urn:ioos:station:GOA_RUNOFF_DISCHARGE,urn:ioos:sensor:GOA_RUNOFF_DISCHARGE:q,58.069320239858385,-154.46915010358515,2011-07-04T00:00:00Z,0.024824932057143208
urn:ioos:station:GOA_RUNOFF_DISCHARGE,urn:ioos:sensor:GOA_RUNOFF_DISCHARGE:q,58.069320239858385,-154.46915010358515,2011-07-05T00:00:00Z,0.017570977053873574
urn:ioos:station:GOA_RUNOFF_DISCHARGE,urn:ioos:sensor:GOA_RUNOFF_DISCHARGE:q,58.069320239858385,-154.46915010358515,2011-07-06T00:00:00Z,0.012436660253967629
urn:ioos:station:GOA_RUNOFF_DISCHARGE,urn:ioos:sensor:GOA_RUNOFF_DISCHARGE:q,58.069320239858385,-154.46915010358515,2011-07-07T00:00:00Z,0.008802612570663346
urn:ioos:station:GOA_RUNOFF_DISCHARGE,urn:ioos:sensor:GOA_RUNOFF_DISCHARGE:q,58.069320239858385,-154.46915010358515,2011-07-08T00:00:00Z,0.12112191641072427
urn:ioos:station:GOA_RUNOFF_DISCHARGE,urn:ioos:sensor:GOA_RUNOFF_DISCHARGE:q,58.069320239858385,-154.46915010358515,2011-07-09T00:00:00Z,0.09116453196849535
urn:ioos:station:GOA_RUNOFF_DISCHARGE,urn:ioos:sensor:GOA_RUNOFF_DISCHARGE:q,58.069320239858385,-154.46915010358515,2011-07-10T00:00:00Z,0.06506858289998665
urn:ioos:station:GOA_RUNOFF_DISCHARGE,urn:ioos:sensor:GOA_RUNOFF_DISCHARGE:q,58.069320239858385,-154.46915010358515,2011-07-11T00:00:00Z,1.0111546681623782
urn:ioos:station:GOA_RUNOFF_DISCHARGE,urn:ioos:sensor:GOA_RUNOFF_DISCHARGE:q,58.069320239858385,-154.46915010358515,2011-07-12T00:00:00Z,1.038376324998986
urn:ioos:station:GOA_RUNOFF_DISCHARGE,urn:ioos:sensor:GOA_RUNOFF_DISCHARGE:q,58.069320239858385,-154.46915010358515,2011-07-13T00:00:00Z,0.7526223043462721
urn:ioos:station:GOA_RUNOFF_DISCHARGE,urn:ioos:sensor:GOA_RUNOFF_DISCHARGE:q,58.069320239858385,-154.46915010358515,2011-07-14T00:00:00Z,0.5344666452235987
urn:ioos:station:GOA_RUNOFF_DISCHARGE,urn:ioos:sensor:GOA_RUNOFF_DISCHARGE:q,58.069320239858385,-154.46915010358515,2011-07-15T00:00:00Z,0.37846925241145174
urn:ioos:station:GOA_RUNOFF_DISCHARGE,urn:ioos:sensor:GOA_RUNOFF_DISCHARGE:q,58.069320239858385,-154.46915010358515,2011-07-16T00:00:00Z,0.2678964540572333
urn:ioos:station:GOA_RUNOFF_DISCHARGE,urn:ioos:sensor:GOA_RUNOFF_DISCHARGE:q,58.069320239858385,-154.46915010358515,2011-07-17T00:00:00Z,0.18961767197779017
urn:ioos:station:GOA_RUNOFF_DISCHARGE,urn:ioos:sensor:GOA_RUNOFF_DISCHARGE:q,58.069320239858385,-154.46915010358515,2011-07-18T00:00:00Z,0.13421071690169828
urn:ioos:station:GOA_RUNOFF_DISCHARGE,urn:ioos:sensor:GOA_RUNOFF_DISCHARGE:q,58.069320239858385,-154.46915010358515,2011-07-19T00:00:00Z,0.09499376456098753
urn:ioos:station:GOA_RUNOFF_DISCHARGE,urn:ioos:sensor:GOA_RUNOFF_DISCHARGE:q,58.069320239858385,-154.46915010358515,2011-07-20T00:00:00Z,0.06723616349238276
urn:ioos:station:GOA_RUNOFF_DISCHARGE,urn:ioos:sensor:GOA_RUNOFF_DISCHARGE:q,58.069320239858385,-154.46915010358515,2011-07-21T00:00:00Z,0.04758946167925215
urn:ioos:station:GOA_RUNOFF_DISCHARGE,urn:ioos:sensor:GOA_RUNOFF_DISCHARGE:q,58.069320239858385,-154.46915010358515,2011-07-22T00:00:00Z,0.03368361171317522
urn:ioos:station:GOA_RUNOFF_DISCHARGE,urn:ioos:sensor:GOA_RUNOFF_DISCHARGE:q,58.069320239858385,-154.46915010358515,2011-07-23T00:00:00Z,0.046509453657882366
urn:ioos:station:GOA_RUNOFF_DISCHARGE,urn:ioos:sensor:GOA_RUNOFF_DISCHARGE:q,58.069320239858385,-154.46915010358515,2011-07-24T00:00:00Z,0.03399151971795823
urn:ioos:station:GOA_RUNOFF_DISCHARGE,urn:ioos:sensor:GOA_RUNOFF_DISCHARGE:q,58.069320239858385,-154.46915010358515,2011-07-25T00:00:00Z,0.0241661296719203
urn:ioos:station:GOA_RUNOFF_DISCHARGE,urn:ioos:sensor:GOA_RUNOFF_DISCHARGE:q,58.069320239858385,-154.46915010358515,2011-07-26T00:00:00Z,0.28819098965858486
urn:ioos:station:GOA_RUNOFF_DISCHARGE,urn:ioos:sensor:GOA_RUNOFF_DISCHARGE:q,58.069320239858385,-154.46915010358515,2011-07-27T00:00:00Z,0.21680472922205596
urn:ioos:station:GOA_RUNOFF_DISCHARGE,urn:ioos:sensor:GOA_RUNOFF_DISCHARGE:q,58.069320239858385,-154.46915010358515,2011-07-28T00:00:00Z,0.15473404724081358
urn:ioos:station:GOA_RUNOFF_DISCHARGE,urn:ioos:sensor:GOA_RUNOFF_DISCHARGE:q,58.069320239858385,-154.46915010358515,2011-07-29T00:00:00Z,0.10964794993534167
urn:ioos:station:GOA_RUNOFF_DISCHARGE,urn:ioos:sensor:GOA_RUNOFF_DISCHARGE:q,58.069320239858385,-154.46915010358515,2011-07-30T00:00:00Z,0.07762110204316382
urn:ioos:station:GOA_RUNOFF_DISCHARGE,urn:ioos:sensor:GOA_RUNOFF_DISCHARGE:q,58.069320239858385,-154.46915010358515,2011-07-31T00:00:00Z,0.054941147375149525
urn:ioos:station:GOA_RUNOFF_DISCHARGE,urn:ioos:sensor:GOA_RUNOFF_DISCHARGE:q,58.069320239858385,-154.46915010358515,2011-08-01T00:00:00Z,0.2248845398229091
urn:ioos:station:GOA_RUNOFF_DISCHARGE,urn:ioos:sensor:GOA_RUNOFF_DISCHARGE:q,58.069320239858385,-154.46915010358515,2011-08-02T00:00:00Z,2.684246898486835
urn:ioos:station:GOA_RUNOFF_DISCHARGE,urn:ioos:sensor:GOA_RUNOFF_DISCHARGE:q,58.069320239858385,-154.46915010358515,2011-08-03T00:00:00Z,2.436662740277973
urn:ioos:station:GOA_RUNOFF_DISCHARGE,urn:ioos:sensor:GOA_RUNOFF_DISCHARGE:q,58.069320239858385,-154.46915010358515,2011-08-04T00:00:00Z,1.7563526630248818
urn:ioos:station:GOA_RUNOFF_DISCHARGE,urn:ioos:sensor:GOA_RUNOFF_DISCHARGE:q,58.069320239858385,-154.46915010358515,2011-08-05T00:00:00Z,1.2463034960802148
urn:ioos:station:GOA_RUNOFF_DISCHARGE,urn:ioos:sensor:GOA_RUNOFF_DISCHARGE:q,58.069320239858385,-154.46915010358515,2011-08-06T00:00:00Z,1.595143295499385
urn:ioos:station:GOA_RUNOFF_DISCHARGE,urn:ioos:sensor:GOA_RUNOFF_DISCHARGE:q,58.069320239858385,-154.46915010358515,2011-08-07T00:00:00Z,1.1627813957403668
urn:ioos:station:GOA_RUNOFF_DISCHARGE,urn:ioos:sensor:GOA_RUNOFF_DISCHARGE:q,58.069320239858385,-154.46915010358515,2011-08-08T00:00:00Z,0.8263813995633231
urn:ioos:station:GOA_RUNOFF_DISCHARGE,urn:ioos:sensor:GOA_RUNOFF_DISCHARGE:q,58.069320239858385,-154.46915010358515,2011-08-09T00:00:00Z,0.585245526596459
urn:ioos:station:GOA_RUNOFF_DISCHARGE,urn:ioos:sensor:GOA_RUNOFF_DISCHARGE:q,58.069320239858385,-154.46915010358515,2011-08-10T00:00:00Z,0.4142677929847126
urn:ioos:station:GOA_RUNOFF_DISCHARGE,urn:ioos:sensor:GOA_RUNOFF_DISCHARGE:q,58.069320239858385,-154.46915010358515,2011-08-11T00:00:00Z,0.29322029694240276
urn:ioos:station:GOA_RUNOFF_DISCHARGE,urn:ioos:sensor:GOA_RUNOFF_DISCHARGE:q,58.069320239858385,-154.46915010358515,2011-08-12T00:00:00Z,0.20754034303433638
urn:ioos:station:GOA_RUNOFF_DISCHARGE,urn:ioos:sensor:GOA_RUNOFF_DISCHARGE:q,58.069320239858385,-154.46915010358515,2011-08-13T00:00:00Z,0.1468961706715841
urn:ioos:station:GOA_RUNOFF_DISCHARGE,urn:ioos:sensor:GOA_RUNOFF_DISCHARGE:q,58.069320239858385,-154.46915010358515,2011-08-14T00:00:00Z,0.10397245744178774
urn:ioos:station:GOA_RUNOFF_DISCHARGE,urn:ioos:sensor:GOA_RUNOFF_DISCHARGE:q,58.069320239858385,-154.46915010358515,2011-08-15T00:00:00Z,0.07359124443804191
urn:ioos:station:GOA_RUNOFF_DISCHARGE,urn:ioos:sensor:GOA_RUNOFF_DISCHARGE:q,58.069320239858385,-154.46915010358515,2011-08-16T00:00:00Z,0.052087556685776755
urn:ioos:station:GOA_RUNOFF_DISCHARGE,urn:ioos:sensor:GOA_RUNOFF_DISCHARGE:q,58.069320239858385,-154.46915010358515,2011-08-17T00:00:00Z,0.036867341549867795
urn:ioos:station:GOA_RUNOFF_DISCHARGE,urn:ioos:sensor:GOA_RUNOFF_DISCHARGE:q,58.069320239858385,-154.46915010358515,2011-08-18T00:00:00Z,0.7262507055549804
urn:ioos:station:GOA_RUNOFF_DISCHARGE,urn:ioos:sensor:GOA_RUNOFF_DISCHARGE:q,58.069320239858385,-154.46915010358515,2011-08-19T00:00:00Z,8.005555271178615
urn:ioos:station:GOA_RUNOFF_DISCHARGE,urn:ioos:sensor:GOA_RUNOFF_DISCHARGE:q,58.069320239858385,-154.46915010358515,2011-08-20T00:00:00Z,7.232850337289412
urn:ioos:station:GOA_RUNOFF_DISCHARGE,urn:ioos:sensor:GOA_RUNOFF_DISCHARGE:q,58.069320239858385,-154.46915010358515,2011-08-21T00:00:00Z,5.212201518282304
urn:ioos:station:GOA_RUNOFF_DISCHARGE,urn:ioos:sensor:GOA_RUNOFF_DISCHARGE:q,58.069320239858385,-154.46915010358515,2011-08-22T00:00:00Z,3.6984419893815974
urn:ioos:station:GOA_RUNOFF_DISCHARGE,urn:ioos:sensor:GOA_RUNOFF_DISCHARGE:q,58.069320239858385,-154.46915010358515,2011-08-23T00:00:00Z,2.618666068128884
urn:ioos:station:GOA_RUNOFF_DISCHARGE,urn:ioos:sensor:GOA_RUNOFF_DISCHARGE:q,58.069320239858385,-154.46915010358515,2011-08-24T00:00:00Z,1.8535729129975473
urn:ioos:station:GOA_RUNOFF_DISCHARGE,urn:ioos:sensor:GOA_RUNOFF_DISCHARGE:q,58.069320239858385,-154.46915010358515,2011-08-25T00:00:00Z,1.9564126366846257
urn:ioos:station:GOA_RUNOFF_DISCHARGE,urn:ioos:sensor:GOA_RUNOFF_DISCHARGE:q,58.069320239858385,-154.46915010358515,2011-08-26T00:00:00Z,1.4152271255667497
urn:ioos:station:GOA_RUNOFF_DISCHARGE,urn:ioos:sensor:GOA_RUNOFF_DISCHARGE:q,58.069320239858385,-154.46915010358515,2011-08-27T00:00:00Z,1.0047358517746945
urn:ioos:station:GOA_RUNOFF_DISCHARGE,urn:ioos:sensor:GOA_RUNOFF_DISCHARGE:q,58.069320239858385,-154.46915010358515,2011-08-28T00:00:00Z,0.7114515521643281
urn:ioos:station:GOA_RUNOFF_DISCHARGE,urn:ioos:sensor:GOA_RUNOFF_DISCHARGE:q,58.069320239858385,-154.46915010358515,2011-08-29T00:00:00Z,0.5035926264767396
urn:ioos:station:GOA_RUNOFF_DISCHARGE,urn:ioos:sensor:GOA_RUNOFF_DISCHARGE:q,58.069320239858385,-154.46915010358515,2011-08-30T00:00:00Z,0.35644365184456883
urn:ioos:station:GOA_RUNOFF_DISCHARGE,urn:ioos:sensor:GOA_RUNOFF_DISCHARGE:q,58.069320239858385,-154.46915010358515,2011-08-31T00:00:00Z,1.3902788461273539
urn:ioos:station:GOA_RUNOFF_DISCHARGE,urn:ioos:sensor:GOA_RUNOFF_DISCHARGE:q,58.069320239858385,-154.46915010358515,2011-09-01T00:00:00Z,4.9802095413828695
urn:ioos:station:GOA_RUNOFF_DISCHARGE,urn:ioos:sensor:GOA_RUNOFF_DISCHARGE:q,58.069320239858385,-154.46915010358515,2011-09-02T00:00:00Z,3.754780913420047
urn:ioos:station:GOA_RUNOFF_DISCHARGE,urn:ioos:sensor:GOA_RUNOFF_DISCHARGE:q,58.069320239858385,-154.46915010358515,2011-09-03T00:00:00Z,4.563336813500564
urn:ioos:station:GOA_RUNOFF_DISCHARGE,urn:ioos:sensor:GOA_RUNOFF_DISCHARGE:q,58.069320239858385,-154.46915010358515,2011-09-04T00:00:00Z,4.081160841343356
urn:ioos:station:GOA_RUNOFF_DISCHARGE,urn:ioos:sensor:GOA_RUNOFF_DISCHARGE:q,58.069320239858385,-154.46915010358515,2011-09-05T00:00:00Z,2.933697066649232
urn:ioos:station:GOA_RUNOFF_DISCHARGE,urn:ioos:sensor:GOA_RUNOFF_DISCHARGE:q,58.069320239858385,-154.46915010358515,2011-09-06T00:00:00Z,3.775434107343157
urn:ioos:station:GOA_RUNOFF_DISCHARGE,urn:ioos:sensor:GOA_RUNOFF_DISCHARGE:q,58.069320239858385,-154.46915010358515,2011-09-07T00:00:00Z,4.921983821324003
urn:ioos:station:GOA_RUNOFF_DISCHARGE,urn:ioos:sensor:GOA_RUNOFF_DISCHARGE:q,58.069320239858385,-154.46915010358515,2011-09-08T00:00:00Z,3.5944198279151642
urn:ioos:station:GOA_RUNOFF_DISCHARGE,urn:ioos:sensor:GOA_RUNOFF_DISCHARGE:q,58.069320239858385,-154.46915010358515,2011-09-09T00:00:00Z,3.9040330301928114
urn:ioos:station:GOA_RUNOFF_DISCHARGE,urn:ioos:sensor:GOA_RUNOFF_DISCHARGE:q,58.069320239858385,-154.46915010358515,2011-09-10T00:00:00Z,2.828169362465071
urn:ioos:station:GOA_RUNOFF_DISCHARGE,urn:ioos:sensor:GOA_RUNOFF_DISCHARGE:q,58.069320239858385,-154.46915010358515,2011-09-11T00:00:00Z,2.008247693636269
urn:ioos:station:GOA_RUNOFF_DISCHARGE,urn:ioos:sensor:GOA_RUNOFF_DISCHARGE:q,58.069320239858385,-154.46915010358515,2011-09-12T00:00:00Z,1.4220761346044657
urn:ioos:station:GOA_RUNOFF_DISCHARGE,urn:ioos:sensor:GOA_RUNOFF_DISCHARGE:q,58.069320239858385,-154.46915010358515,2011-09-13T00:00:00Z,4.228074920264019
urn:ioos:station:GOA_RUNOFF_DISCHARGE,urn:ioos:sensor:GOA_RUNOFF_DISCHARGE:q,58.069320239858385,-154.46915010358515,2011-09-14T00:00:00Z,7.0939494187092595
urn:ioos:station:GOA_RUNOFF_DISCHARGE,urn:ioos:sensor:GOA_RUNOFF_DISCHARGE:q,58.069320239858385,-154.46915010358515,2011-09-15T00:00:00Z,5.572971336075443
urn:ioos:station:GOA_RUNOFF_DISCHARGE,urn:ioos:sensor:GOA_RUNOFF_DISCHARGE:q,58.069320239858385,-154.46915010358515,2011-09-16T00:00:00Z,5.750623798078688
urn:ioos:station:GOA_RUNOFF_DISCHARGE,urn:ioos:sensor:GOA_RUNOFF_DISCHARGE:q,58.069320239858385,-154.46915010358515,2011-09-17T00:00:00Z,4.157634360091942
urn:ioos:station:GOA_RUNOFF_DISCHARGE,urn:ioos:sensor:GOA_RUNOFF_DISCHARGE:q,58.069320239858385,-154.46915010358515,2011-09-18T00:00:00Z,2.9514794153096493
urn:ioos:station:GOA_RUNOFF_DISCHARGE,urn:ioos:sensor:GOA_RUNOFF_DISCHARGE:q,58.069320239858385,-154.46915010358515,2011-09-19T00:00:00Z,2.0899153610724923
urn:ioos:station:GOA_RUNOFF_DISCHARGE,urn:ioos:sensor:GOA_RUNOFF_DISCHARGE:q,58.069320239858385,-154.46915010358515,2011-09-20T00:00:00Z,3.918525128646101
urn:ioos:station:GOA_RUNOFF_DISCHARGE,urn:ioos:sensor:GOA_RUNOFF_DISCHARGE:q,58.069320239858385,-154.46915010358515,2011-09-21T00:00:00Z,3.058189294158394
urn:ioos:station:GOA_RUNOFF_DISCHARGE,urn:ioos:sensor:GOA_RUNOFF_DISCHARGE:q,58.069320239858385,-154.46915010358515,2011-09-22T00:00:00Z,2.18410373954282
urn:ioos:station:GOA_RUNOFF_DISCHARGE,urn:ioos:sensor:GOA_RUNOFF_DISCHARGE:q,58.069320239858385,-154.46915010358515,2011-09-23T00:00:00Z,1.547849336374596
urn:ioos:station:GOA_RUNOFF_DISCHARGE,urn:ioos:sensor:GOA_RUNOFF_DISCHARGE:q,58.069320239858385,-154.46915010358515,2011-09-24T00:00:00Z,1.0957555390619402
urn:ioos:station:GOA_RUNOFF_DISCHARGE,urn:ioos:sensor:GOA_RUNOFF_DISCHARGE:q,58.069320239858385,-154.46915010358515,2011-09-25T00:00:00Z,1.588126550795372
urn:ioos:station:GOA_RUNOFF_DISCHARGE,urn:ioos:sensor:GOA_RUNOFF_DISCHARGE:q,58.069320239858385,-154.46915010358515,2011-09-26T00:00:00Z,1.1625081510510342
urn:ioos:station:GOA_RUNOFF_DISCHARGE,urn:ioos:sensor:GOA_RUNOFF_DISCHARGE:q,58.069320239858385,-154.46915010358515,2011-09-27T00:00:00Z,0.8266566176134356
urn:ioos:station:GOA_RUNOFF_DISCHARGE,urn:ioos:sensor:GOA_RUNOFF_DISCHARGE:q,58.069320239858385,-154.46915010358515,2011-09-28T00:00:00Z,0.585487197513312
urn:ioos:station:GOA_RUNOFF_DISCHARGE,urn:ioos:sensor:GOA_RUNOFF_DISCHARGE:q,58.069320239858385,-154.46915010358515,2011-09-29T00:00:00Z,0.4144435207621685
urn:ioos:station:GOA_RUNOFF_DISCHARGE,urn:ioos:sensor:GOA_RUNOFF_DISCHARGE:q,58.069320239858385,-154.46915010358515,2011-09-30T00:00:00Z,0.2933451449010819
urn:ioos:station:GOA_RUNOFF_DISCHARGE,urn:ioos:sensor:GOA_RUNOFF_DISCHARGE:q,58.069320239858385,-154.46915010358515,2011-10-01T00:00:00Z,0.6582116596734275
urn:ioos:station:GOA_RUNOFF_DISCHARGE,urn:ioos:sensor:GOA_RUNOFF_DISCHARGE:q,58.069320239858385,-154.46915010358515,2011-10-02T00:00:00Z,1.7116777483272618
urn:ioos:station:GOA_RUNOFF_DISCHARGE,urn:ioos:sensor:GOA_RUNOFF_DISCHARGE:q,58.069320239858385,-154.46915010358515,2011-10-03T00:00:00Z,1.271571065293809
urn:ioos:station:GOA_RUNOFF_DISCHARGE,urn:ioos:sensor:GOA_RUNOFF_DISCHARGE:q,58.069320239858385,-154.46915010358515,2011-10-04T00:00:00Z,1.4531194677062458
urn:ioos:station:GOA_RUNOFF_DISCHARGE,urn:ioos:sensor:GOA_RUNOFF_DISCHARGE:q,58.069320239858385,-154.46915010358515,2011-10-05T00:00:00Z,1.0549916280941323
urn:ioos:station:GOA_RUNOFF_DISCHARGE,urn:ioos:sensor:GOA_RUNOFF_DISCHARGE:q,58.069320239858385,-154.46915010358515,2011-10-06T00:00:00Z,1.9668415852919683
urn:ioos:station:GOA_RUNOFF_DISCHARGE,urn:ioos:sensor:GOA_RUNOFF_DISCHARGE:q,58.069320239858385,-154.46915010358515,2011-10-07T00:00:00Z,2.7486784435265346
urn:ioos:station:GOA_RUNOFF_DISCHARGE,urn:ioos:sensor:GOA_RUNOFF_DISCHARGE:q,58.069320239858385,-154.46915010358515,2011-10-08T00:00:00Z,2.0127153824421096
urn:ioos:station:GOA_RUNOFF_DISCHARGE,urn:ioos:sensor:GOA_RUNOFF_DISCHARGE:q,58.069320239858385,-154.46915010358515,2011-10-09T00:00:00Z,1.4313027802672684
urn:ioos:station:GOA_RUNOFF_DISCHARGE,urn:ioos:sensor:GOA_RUNOFF_DISCHARGE:q,58.069320239858385,-154.46915010358515,2011-10-10T00:00:00Z,1.0137399681202097
urn:ioos:station:GOA_RUNOFF_DISCHARGE,urn:ioos:sensor:GOA_RUNOFF_DISCHARGE:q,58.069320239858385,-154.46915010358515,2011-10-11T00:00:00Z,0.7175876517309355
urn:ioos:station:GOA_RUNOFF_DISCHARGE,urn:ioos:sensor:GOA_RUNOFF_DISCHARGE:q,58.069320239858385,-154.46915010358515,2011-10-12T00:00:00Z,0.5079119843306189
urn:ioos:station:GOA_RUNOFF_DISCHARGE,urn:ioos:sensor:GOA_RUNOFF_DISCHARGE:q,58.069320239858385,-154.46915010358515,2011-10-13T00:00:00Z,0.35949851299999314
urn:ioos:station:GOA_RUNOFF_DISCHARGE,urn:ioos:sensor:GOA_RUNOFF_DISCHARGE:q,58.069320239858385,-154.46915010358515,2011-10-14T00:00:00Z,0.25445153594650494
urn:ioos:station:GOA_RUNOFF_DISCHARGE,urn:ioos:sensor:GOA_RUNOFF_DISCHARGE:q,58.069320239858385,-154.46915010358515,2011-10-15T00:00:00Z,6.987797343174318
urn:ioos:station:GOA_RUNOFF_DISCHARGE,urn:ioos:sensor:GOA_RUNOFF_DISCHARGE:q,58.069320239858385,-154.46915010358515,2011-10-16T00:00:00Z,5.811250703534616
urn:ioos:station:GOA_RUNOFF_DISCHARGE,urn:ioos:sensor:GOA_RUNOFF_DISCHARGE:q,58.069320239858385,-154.46915010358515,2011-10-17T00:00:00Z,4.171035584706067
urn:ioos:station:GOA_RUNOFF_DISCHARGE,urn:ioos:sensor:GOA_RUNOFF_DISCHARGE:q,58.069320239858385,-154.46915010358515,2011-10-18T00:00:00Z,2.95801834359014
urn:ioos:station:GOA_RUNOFF_DISCHARGE,urn:ioos:sensor:GOA_RUNOFF_DISCHARGE:q,58.069320239858385,-154.46915010358515,2011-10-19T00:00:00Z,2.094249387574836
urn:ioos:station:GOA_RUNOFF_DISCHARGE,urn:ioos:sensor:GOA_RUNOFF_DISCHARGE:q,58.069320239858385,-154.46915010358515,2011-10-20T00:00:00Z,1.48235796503867
urn:ioos:station:GOA_RUNOFF_DISCHARGE,urn:ioos:sensor:GOA_RUNOFF_DISCHARGE:q,58.069320239858385,-154.46915010358515,2011-10-21T00:00:00Z,2.5529652574355115
urn:ioos:station:GOA_RUNOFF_DISCHARGE,urn:ioos:sensor:GOA_RUNOFF_DISCHARGE:q,58.069320239858385,-154.46915010358515,2011-10-22T00:00:00Z,2.558399103679222
urn:ioos:station:GOA_RUNOFF_DISCHARGE,urn:ioos:sensor:GOA_RUNOFF_DISCHARGE:q,58.069320239858385,-154.46915010358515,2011-10-23T00:00:00Z,1.8900227284068893
urn:ioos:station:GOA_RUNOFF_DISCHARGE,urn:ioos:sensor:GOA_RUNOFF_DISCHARGE:q,58.069320239858385,-154.46915010358515,2011-10-24T00:00:00Z,1.4355562936497896
urn:ioos:station:GOA_RUNOFF_DISCHARGE,urn:ioos:sensor:GOA_RUNOFF_DISCHARGE:q,58.069320239858385,-154.46915010358515,2011-10-25T00:00:00Z,9.11050469811441
urn:ioos:station:GOA_RUNOFF_DISCHARGE,urn:ioos:sensor:GOA_RUNOFF_DISCHARGE:q,58.069320239858385,-154.46915010358515,2011-10-26T00:00:00Z,11.24078396992461
urn:ioos:station:GOA_RUNOFF_DISCHARGE,urn:ioos:sensor:GOA_RUNOFF_DISCHARGE:q,58.069320239858385,-154.46915010358515,2011-10-27T00:00:00Z,8.34299575471624
urn:ioos:station:GOA_RUNOFF_DISCHARGE,urn:ioos:sensor:GOA_RUNOFF_DISCHARGE:q,58.069320239858385,-154.46915010358515,2011-10-28T00:00:00Z,8.91510303991185
urn:ioos:station:GOA_RUNOFF_DISCHARGE,urn:ioos:sensor:GOA_RUNOFF_DISCHARGE:q,58.069320239858385,-154.46915010358515,2011-10-29T00:00:00Z,7.46418768463944
urn:ioos:station:GOA_RUNOFF_DISCHARGE,urn:ioos:sensor:GOA_RUNOFF_DISCHARGE:q,58.069320239858385,-154.46915010358515,2011-10-30T00:00:00Z,6.710891674922888
urn:ioos:station:GOA_RUNOFF_DISCHARGE,urn:ioos:sensor:GOA_RUNOFF_DISCHARGE:q,58.069320239858385,-154.46915010358515,2011-10-31T00:00:00Z,4.839363678417984
urn:ioos:station:GOA_RUNOFF_DISCHARGE,urn:ioos:sensor:GOA_RUNOFF_DISCHARGE:q,58.069320239858385,-154.46915010358515,2011-11-01T00:00:00Z,4.655990048841465
urn:ioos:station:GOA_RUNOFF_DISCHARGE,urn:ioos:sensor:GOA_RUNOFF_DISCHARGE:q,58.069320239858385,-154.46915010358515,2011-11-02T00:00:00Z,3.354126053771804
urn:ioos:station:GOA_RUNOFF_DISCHARGE,urn:ioos:sensor:GOA_RUNOFF_DISCHARGE:q,58.069320239858385,-154.46915010358515,2011-11-03T00:00:00Z,2.3798909924417844
urn:ioos:station:GOA_RUNOFF_DISCHARGE,urn:ioos:sensor:GOA_RUNOFF_DISCHARGE:q,58.069320239858385,-154.46915010358515,2011-11-04T00:00:00Z,6.017708970629932
urn:ioos:station:GOA_RUNOFF_DISCHARGE,urn:ioos:sensor:GOA_RUNOFF_DISCHARGE:q,58.069320239858385,-154.46915010358515,2011-11-05T00:00:00Z,7.566654048466949
urn:ioos:station:GOA_RUNOFF_DISCHARGE,urn:ioos:sensor:GOA_RUNOFF_DISCHARGE:q,58.069320239858385,-154.46915010358515,2011-11-06T00:00:00Z,7.392123706332379
urn:ioos:station:GOA_RUNOFF_DISCHARGE,urn:ioos:sensor:GOA_RUNOFF_DISCHARGE:q,58.069320239858385,-154.46915010358515,2011-11-07T00:00:00Z,7.540341518941671
urn:ioos:station:GOA_RUNOFF_DISCHARGE,urn:ioos:sensor:GOA_RUNOFF_DISCHARGE:q,58.069320239858385,-154.46915010358515,2011-11-08T00:00:00Z,4.974059496733417
urn:ioos:station:GOA_RUNOFF_DISCHARGE,urn:ioos:sensor:GOA_RUNOFF_DISCHARGE:q,58.069320239858385,-154.46915010358515,2011-11-09T00:00:00Z,3.233629224055143
urn:ioos:station:GOA_RUNOFF_DISCHARGE,urn:ioos:sensor:GOA_RUNOFF_DISCHARGE:q,58.069320239858385,-154.46915010358515,2011-11-10T00:00:00Z,3.211332615274478
urn:ioos:station:GOA_RUNOFF_DISCHARGE,urn:ioos:sensor:GOA_RUNOFF_DISCHARGE:q,58.069320239858385,-154.46915010358515,2011-11-11T00:00:00Z,2.644683909111021
urn:ioos:station:GOA_RUNOFF_DISCHARGE,urn:ioos:sensor:GOA_RUNOFF_DISCHARGE:q,58.069320239858385,-154.46915010358515,2011-11-12T00:00:00Z,5.36256739987928
urn:ioos:station:GOA_RUNOFF_DISCHARGE,urn:ioos:sensor:GOA_RUNOFF_DISCHARGE:q,58.069320239858385,-154.46915010358515,2011-11-13T00:00:00Z,6.218900732475678
urn:ioos:station:GOA_RUNOFF_DISCHARGE,urn:ioos:sensor:GOA_RUNOFF_DISCHARGE:q,58.069320239858385,-154.46915010358515,2011-11-14T00:00:00Z,4.130230167383187
urn:ioos:station:GOA_RUNOFF_DISCHARGE,urn:ioos:sensor:GOA_RUNOFF_DISCHARGE:q,58.069320239858385,-154.46915010358515,2011-11-15T00:00:00Z,2.6865970396183876
urn:ioos:station:GOA_RUNOFF_DISCHARGE,urn:ioos:sensor:GOA_RUNOFF_DISCHARGE:q,58.069320239858385,-154.46915010358515,2011-11-16T00:00:00Z,1.7444565864563282
urn:ioos:station:GOA_RUNOFF_DISCHARGE,urn:ioos:sensor:GOA_RUNOFF_DISCHARGE:q,58.069320239858385,-154.46915010358515,2011-11-17T00:00:00Z,1.132533984819839
urn:ioos:station:GOA_RUNOFF_DISCHARGE,urn:ioos:sensor:GOA_RUNOFF_DISCHARGE:q,58.069320239858385,-154.46915010358515,2011-11-18T00:00:00Z,0.7352525854249452
urn:ioos:station:GOA_RUNOFF_DISCHARGE,urn:ioos:sensor:GOA_RUNOFF_DISCHARGE:q,58.069320239858385,-154.46915010358515,2011-11-19T00:00:00Z,0.4773329172416719
urn:ioos:station:GOA_RUNOFF_DISCHARGE,urn:ioos:sensor:GOA_RUNOFF_DISCHARGE:q,58.069320239858385,-154.46915010358515,2011-11-20T00:00:00Z,0.30988904522533994
urn:ioos:station:GOA_RUNOFF_DISCHARGE,urn:ioos:sensor:GOA_RUNOFF_DISCHARGE:q,58.069320239858385,-154.46915010358515,2011-11-21T00:00:00Z,0.2011828652775632
urn:ioos:station:GOA_RUNOFF_DISCHARGE,urn:ioos:sensor:GOA_RUNOFF_DISCHARGE:q,58.069320239858385,-154.46915010358515,2011-11-22T00:00:00Z,0.13060980215144802
urn:ioos:station:GOA_RUNOFF_DISCHARGE,urn:ioos:sensor:GOA_RUNOFF_DISCHARGE:q,58.069320239858385,-154.46915010358515,2011-11-23T00:00:00Z,0.08479311735121371
urn:ioos:station:GOA_RUNOFF_DISCHARGE,urn:ioos:sensor:GOA_RUNOFF_DISCHARGE:q,58.069320239858385,-154.46915010358515,2011-11-24T00:00:00Z,0.05504848175690644
urn:ioos:station:GOA_RUNOFF_DISCHARGE,urn:ioos:sensor:GOA_RUNOFF_DISCHARGE:q,58.069320239858385,-154.46915010358515,2011-11-25T00:00:00Z,0.03573799128666231
urn:ioos:station:GOA_RUNOFF_DISCHARGE,urn:ioos:sensor:GOA_RUNOFF_DISCHARGE:q,58.069320239858385,-154.46915010358515,2011-11-26T00:00:00Z,0.023201437865545554
urn:ioos:station:GOA_RUNOFF_DISCHARGE,urn:ioos:sensor:GOA_RUNOFF_DISCHARGE:q,58.069320239858385,-154.46915010358515,2011-11-27T00:00:00Z,0.015062591915817216
urn:ioos:station:GOA_RUNOFF_DISCHARGE,urn:ioos:sensor:GOA_RUNOFF_DISCHARGE:q,58.069320239858385,-154.46915010358515,2011-11-28T00:00:00Z,0.00977877659215578
urn:ioos:station:GOA_RUNOFF_DISCHARGE,urn:ioos:sensor:GOA_RUNOFF_DISCHARGE:q,58.069320239858385,-154.46915010358515,2011-11-29T00:00:00Z,0.006348472756526447
urn:ioos:station:GOA_RUNOFF_DISCHARGE,urn:ioos:sensor:GOA_RUNOFF_DISCHARGE:q,58.069320239858385,-154.46915010358515,2011-11-30T00:00:00Z,0.004121488351797012
urn:ioos:station:GOA_RUNOFF_DISCHARGE,urn:ioos:sensor:GOA_RUNOFF_DISCHARGE:q,58.069320239858385,-154.46915010358515,2011-12-01T00:00:00Z,2.3251026037468456
urn:ioos:station:GOA_RUNOFF_DISCHARGE,urn:ioos:sensor:GOA_RUNOFF_DISCHARGE:q,58.069320239858385,-154.46915010358515,2011-12-02T00:00:00Z,5.960763040815564
urn:ioos:station:GOA_RUNOFF_DISCHARGE,urn:ioos:sensor:GOA_RUNOFF_DISCHARGE:q,58.069320239858385,-154.46915010358515,2011-12-03T00:00:00Z,8.923197502716494
urn:ioos:station:GOA_RUNOFF_DISCHARGE,urn:ioos:sensor:GOA_RUNOFF_DISCHARGE:q,58.069320239858385,-154.46915010358515,2011-12-04T00:00:00Z,14.500606532513922
urn:ioos:station:GOA_RUNOFF_DISCHARGE,urn:ioos:sensor:GOA_RUNOFF_DISCHARGE:q,58.069320239858385,-154.46915010358515,2011-12-05T00:00:00Z,15.689314863083162
urn:ioos:station:GOA_RUNOFF_DISCHARGE,urn:ioos:sensor:GOA_RUNOFF_DISCHARGE:q,58.069320239858385,-154.46915010358515,2011-12-06T00:00:00Z,10.372149495570225
urn:ioos:station:GOA_RUNOFF_DISCHARGE,urn:ioos:sensor:GOA_RUNOFF_DISCHARGE:q,58.069320239858385,-154.46915010358515,2011-12-07T00:00:00Z,6.743920998313625
urn:ioos:station:GOA_RUNOFF_DISCHARGE,urn:ioos:sensor:GOA_RUNOFF_DISCHARGE:q,58.069320239858385,-154.46915010358515,2011-12-08T00:00:00Z,9.915729565198346
urn:ioos:station:GOA_RUNOFF_DISCHARGE,urn:ioos:sensor:GOA_RUNOFF_DISCHARGE:q,58.069320239858385,-154.46915010358515,2011-12-09T00:00:00Z,9.305354867757663
urn:ioos:station:GOA_RUNOFF_DISCHARGE,urn:ioos:sensor:GOA_RUNOFF_DISCHARGE:q,58.069320239858385,-154.46915010358515,2011-12-10T00:00:00Z,6.524897948460118
urn:ioos:station:GOA_RUNOFF_DISCHARGE,urn:ioos:sensor:GOA_RUNOFF_DISCHARGE:q,58.069320239858385,-154.46915010358515,2011-12-11T00:00:00Z,8.924851968394417
urn:ioos:station:GOA_RUNOFF_DISCHARGE,urn:ioos:sensor:GOA_RUNOFF_DISCHARGE:q,58.069320239858385,-154.46915010358515,2011-12-12T00:00:00Z,15.17482971266252
urn:ioos:station:GOA_RUNOFF_DISCHARGE,urn:ioos:sensor:GOA_RUNOFF_DISCHARGE:q,58.069320239858385,-154.46915010358515,2011-12-13T00:00:00Z,10.201204881530236
urn:ioos:station:GOA_RUNOFF_DISCHARGE,urn:ioos:sensor:GOA_RUNOFF_DISCHARGE:q,58.069320239858385,-154.46915010358515,2011-12-14T00:00:00Z,6.642341331263246
urn:ioos:station:GOA_RUNOFF_DISCHARGE,urn:ioos:sensor:GOA_RUNOFF_DISCHARGE:q,58.069320239858385,-154.46915010358515,2011-12-15T00:00:00Z,5.603983095404743
urn:ioos:station:GOA_RUNOFF_DISCHARGE,urn:ioos:sensor:GOA_RUNOFF_DISCHARGE:q,58.069320239858385,-154.46915010358515,2011-12-16T00:00:00Z,8.047867283678304
urn:ioos:station:GOA_RUNOFF_DISCHARGE,urn:ioos:sensor:GOA_RUNOFF_DISCHARGE:q,58.069320239858385,-154.46915010358515,2011-12-17T00:00:00Z,9.1839074043746
urn:ioos:station:GOA_RUNOFF_DISCHARGE,urn:ioos:sensor:GOA_RUNOFF_DISCHARGE:q,58.069320239858385,-154.46915010358515,2011-12-18T00:00:00Z,10.300100251690322
urn:ioos:station:GOA_RUNOFF_DISCHARGE,urn:ioos:sensor:GOA_RUNOFF_DISCHARGE:q,58.069320239858385,-154.46915010358515,2011-12-19T00:00:00Z,10.804046076857329
urn:ioos:station:GOA_RUNOFF_DISCHARGE,urn:ioos:sensor:GOA_RUNOFF_DISCHARGE:q,58.069320239858385,-154.46915010358515,2011-12-20T00:00:00Z,7.252033508988834
urn:ioos:station:GOA_RUNOFF_DISCHARGE,urn:ioos:sensor:GOA_RUNOFF_DISCHARGE:q,58.069320239858385,-154.46915010358515,2011-12-21T00:00:00Z,11.265716725592538
urn:ioos:station:GOA_RUNOFF_DISCHARGE,urn:ioos:sensor:GOA_RUNOFF_DISCHARGE:q,58.069320239858385,-154.46915010358515,2011-12-22T00:00:00Z,7.702970127540119
urn:ioos:station:GOA_RUNOFF_DISCHARGE,urn:ioos:sensor:GOA_RUNOFF_DISCHARGE:q,58.069320239858385,-154.46915010358515,2011-12-23T00:00:00Z,5.018229625743522
urn:ioos:station:GOA_RUNOFF_DISCHARGE,urn:ioos:sensor:GOA_RUNOFF_DISCHARGE:q,58.069320239858385,-154.46915010358515,2011-12-24T00:00:00Z,3.2588582469548353
urn:ioos:station:GOA_RUNOFF_DISCHARGE,urn:ioos:sensor:GOA_RUNOFF_DISCHARGE:q,58.069320239858385,-154.46915010358515,2011-12-25T00:00:00Z,2.1157362606487884
urn:ioos:station:GOA_RUNOFF_DISCHARGE,urn:ioos:sensor:GOA_RUNOFF_DISCHARGE:q,58.069320239858385,-154.46915010358515,2011-12-26T00:00:00Z,1.373558823353484
urn:ioos:station:GOA_RUNOFF_DISCHARGE,urn:ioos:sensor:GOA_RUNOFF_DISCHARGE:q,58.069320239858385,-154.46915010358515,2011-12-27T00:00:00Z,0.8917275315458436
urn:ioos:station:GOA_RUNOFF_DISCHARGE,urn:ioos:sensor:GOA_RUNOFF_DISCHARGE:q,58.069320239858385,-154.46915010358515,2011-12-28T00:00:00Z,0.5789178136981169
urn:ioos:station:GOA_RUNOFF_DISCHARGE,urn:ioos:sensor:GOA_RUNOFF_DISCHARGE:q,58.069320239858385,-154.46915010358515,2011-12-29T00:00:00Z,0.37583886115979787
urn:ioos:station:GOA_RUNOFF_DISCHARGE,urn:ioos:sensor:GOA_RUNOFF_DISCHARGE:q,58.069320239858385,-154.46915010358515,2011-12-30T00:00:00Z,0.2439981176654908
urn:ioos:station:GOA_RUNOFF_DISCHARGE,urn:ioos:sensor:GOA_RUNOFF_DISCHARGE:q,58.069320239858385,-154.46915010358515,2011-12-31T00:00:00Z,0.1584058796440938
urn:ioos:station:GOA_RUNOFF_DISCHARGE,urn:ioos:sensor:GOA_RUNOFF_DISCHARGE:q,58.069320239858385,-154.46915010358515,2012-01-01T00:00:00Z,0.10283858900462979
urn:ioos:station:GOA_RUNOFF_DISCHARGE,urn:ioos:sensor:GOA_RUNOFF_DISCHARGE:q,58.069320239858385,-154.46915010358515,2012-01-02T00:00:00Z,0.06676377381100555
urn:ioos:station:GOA_RUNOFF_DISCHARGE,urn:ioos:sensor:GOA_RUNOFF_DISCHARGE:q,58.069320239858385,-154.46915010358515,2012-01-03T00:00:00Z,0.0433436690707826
urn:ioos:station:GOA_RUNOFF_DISCHARGE,urn:ioos:sensor:GOA_RUNOFF_DISCHARGE:q,58.069320239858385,-154.46915010358515,2012-01-04T00:00:00Z,0.02813911954164875
urn:ioos:station:GOA_RUNOFF_DISCHARGE,urn:ioos:sensor:GOA_RUNOFF_DISCHARGE:q,58.069320239858385,-154.46915010358515,2012-01-05T00:00:00Z,0.01826817980652411
urn:ioos:station:GOA_RUNOFF_DISCHARGE,urn:ioos:sensor:GOA_RUNOFF_DISCHARGE:q,58.069320239858385,-154.46915010358515,2012-01-06T00:00:00Z,0.011859873620577855
urn:ioos:station:GOA_RUNOFF_DISCHARGE,urn:ioos:sensor:GOA_RUNOFF_DISCHARGE:q,58.069320239858385,-154.46915010358515,2012-01-07T00:00:00Z,0.007699541409073762
urn:ioos:station:GOA_RUNOFF_DISCHARGE,urn:ioos:sensor:GOA_RUNOFF_DISCHARGE:q,58.069320239858385,-154.46915010358515,2012-01-08T00:00:00Z,0.00499861432914497
urn:ioos:station:GOA_RUNOFF_DISCHARGE,urn:ioos:sensor:GOA_RUNOFF_DISCHARGE:q,58.069320239858385,-154.46915010358515,2012-01-09T00:00:00Z,0.0032451473506447297
urn:ioos:station:GOA_RUNOFF_DISCHARGE,urn:ioos:sensor:GOA_RUNOFF_DISCHARGE:q,58.069320239858385,-154.46915010358515,2012-01-10T00:00:00Z,0.0021067802675837103
urn:ioos:station:GOA_RUNOFF_DISCHARGE,urn:ioos:sensor:GOA_RUNOFF_DISCHARGE:q,58.069320239858385,-154.46915010358515,2012-01-11T00:00:00Z,0.0013677413670798609
urn:ioos:station:GOA_RUNOFF_DISCHARGE,urn:ioos:sensor:GOA_RUNOFF_DISCHARGE:q,58.069320239858385,-154.46915010358515,2012-01-12T00:00:00Z,2.114261765473999
urn:ioos:station:GOA_RUNOFF_DISCHARGE,urn:ioos:sensor:GOA_RUNOFF_DISCHARGE:q,58.069320239858385,-154.46915010358515,2012-01-13T00:00:00Z,1.4302025658537454
urn:ioos:station:GOA_RUNOFF_DISCHARGE,urn:ioos:sensor:GOA_RUNOFF_DISCHARGE:q,58.069320239858385,-154.46915010358515,2012-01-14T00:00:00Z,0.9317343955397644
urn:ioos:station:GOA_RUNOFF_DISCHARGE,urn:ioos:sensor:GOA_RUNOFF_DISCHARGE:q,58.069320239858385,-154.46915010358515,2012-01-15T00:00:00Z,0.6050722770249198
urn:ioos:station:GOA_RUNOFF_DISCHARGE,urn:ioos:sensor:GOA_RUNOFF_DISCHARGE:q,58.069320239858385,-154.46915010358515,2012-01-16T00:00:00Z,0.39282877390967424
urn:ioos:station:GOA_RUNOFF_DISCHARGE,urn:ioos:sensor:GOA_RUNOFF_DISCHARGE:q,58.069320239858385,-154.46915010358515,2012-01-17T00:00:00Z,0.25502871108529823
urn:ioos:station:GOA_RUNOFF_DISCHARGE,urn:ioos:sensor:GOA_RUNOFF_DISCHARGE:q,58.069320239858385,-154.46915010358515,2012-01-18T00:00:00Z,0.16556705791252707
urn:ioos:station:GOA_RUNOFF_DISCHARGE,urn:ioos:sensor:GOA_RUNOFF_DISCHARGE:q,58.069320239858385,-154.46915010358515,2012-01-19T00:00:00Z,0.10748768722250461
urn:ioos:station:GOA_RUNOFF_DISCHARGE,urn:ioos:sensor:GOA_RUNOFF_DISCHARGE:q,58.069320239858385,-154.46915010358515,2012-01-20T00:00:00Z,0.06978201679045662
urn:ioos:station:GOA_RUNOFF_DISCHARGE,urn:ioos:sensor:GOA_RUNOFF_DISCHARGE:q,58.069320239858385,-154.46915010358515,2012-01-21T00:00:00Z,0.04530313821308997
urn:ioos:station:GOA_RUNOFF_DISCHARGE,urn:ioos:sensor:GOA_RUNOFF_DISCHARGE:q,58.069320239858385,-154.46915010358515,2012-01-22T00:00:00Z,0.029411223957027364
urn:ioos:station:GOA_RUNOFF_DISCHARGE,urn:ioos:sensor:GOA_RUNOFF_DISCHARGE:q,58.069320239858385,-154.46915010358515,2012-01-23T00:00:00Z,0.01909404157086005
urn:ioos:station:GOA_RUNOFF_DISCHARGE,urn:ioos:sensor:GOA_RUNOFF_DISCHARGE:q,58.069320239858385,-154.46915010358515,2012-01-24T00:00:00Z,0.012396031633325961
urn:ioos:station:GOA_RUNOFF_DISCHARGE,urn:ioos:sensor:GOA_RUNOFF_DISCHARGE:q,58.069320239858385,-154.46915010358515,2012-01-25T00:00:00Z,0.008047619639233923
urn:ioos:station:GOA_RUNOFF_DISCHARGE,urn:ioos:sensor:GOA_RUNOFF_DISCHARGE:q,58.069320239858385,-154.46915010358515,2012-01-26T00:00:00Z,0.005224590347148783
urn:ioos:station:GOA_RUNOFF_DISCHARGE,urn:ioos:sensor:GOA_RUNOFF_DISCHARGE:q,58.069320239858385,-154.46915010358515,2012-01-27T00:00:00Z,0.003391853106390136
urn:ioos:station:GOA_RUNOFF_DISCHARGE,urn:ioos:sensor:GOA_RUNOFF_DISCHARGE:q,58.069320239858385,-154.46915010358515,2012-01-28T00:00:00Z,0.0022020229325509914
urn:ioos:station:GOA_RUNOFF_DISCHARGE,urn:ioos:sensor:GOA_RUNOFF_DISCHARGE:q,58.069320239858385,-154.46915010358515,2012-01-29T00:00:00Z,0.0014295738520814566
urn:ioos:station:GOA_RUNOFF_DISCHARGE,urn:ioos:sensor:GOA_RUNOFF_DISCHARGE:q,58.069320239858385,-154.46915010358515,2012-01-30T00:00:00Z,9.280928372658874E-4
urn:ioos:station:GOA_RUNOFF_DISCHARGE,urn:ioos:sensor:GOA_RUNOFF_DISCHARGE:q,58.069320239858385,-154.46915010358515,2012-01-31T00:00:00Z,6.025265295894295E-4
urn:ioos:station:GOA_RUNOFF_DISCHARGE,urn:ioos:sensor:GOA_RUNOFF_DISCHARGE:q,58.069320239858385,-154.46915010358515,2012-02-01T00:00:00Z,3.9116587545474175E-4
urn:ioos:station:GOA_RUNOFF_DISCHARGE,urn:ioos:sensor:GOA_RUNOFF_DISCHARGE:q,58.069320239858385,-154.46915010358515,2012-02-02T00:00:00Z,1.8034215274633696
urn:ioos:station:GOA_RUNOFF_DISCHARGE,urn:ioos:sensor:GOA_RUNOFF_DISCHARGE:q,58.069320239858385,-154.46915010358515,2012-02-03T00:00:00Z,2.122701961087293
urn:ioos:station:GOA_RUNOFF_DISCHARGE,urn:ioos:sensor:GOA_RUNOFF_DISCHARGE:q,58.069320239858385,-154.46915010358515,2012-02-04T00:00:00Z,1.4054432028196848
urn:ioos:station:GOA_RUNOFF_DISCHARGE,urn:ioos:sensor:GOA_RUNOFF_DISCHARGE:q,58.069320239858385,-154.46915010358515,2012-02-05T00:00:00Z,0.913963031921022
urn:ioos:station:GOA_RUNOFF_DISCHARGE,urn:ioos:sensor:GOA_RUNOFF_DISCHARGE:q,58.069320239858385,-154.46915010358515,2012-02-06T00:00:00Z,3.7529617378956903
urn:ioos:station:GOA_RUNOFF_DISCHARGE,urn:ioos:sensor:GOA_RUNOFF_DISCHARGE:q,58.069320239858385,-154.46915010358515,2012-02-07T00:00:00Z,9.106382215887677
urn:ioos:station:GOA_RUNOFF_DISCHARGE,urn:ioos:sensor:GOA_RUNOFF_DISCHARGE:q,58.069320239858385,-154.46915010358515,2012-02-08T00:00:00Z,15.196090438591089
urn:ioos:station:GOA_RUNOFF_DISCHARGE,urn:ioos:sensor:GOA_RUNOFF_DISCHARGE:q,58.069320239858385,-154.46915010358515,2012-02-09T00:00:00Z,19.07291187608727
urn:ioos:station:GOA_RUNOFF_DISCHARGE,urn:ioos:sensor:GOA_RUNOFF_DISCHARGE:q,58.069320239858385,-154.46915010358515,2012-02-10T00:00:00Z,15.150465284899223
urn:ioos:station:GOA_RUNOFF_DISCHARGE,urn:ioos:sensor:GOA_RUNOFF_DISCHARGE:q,58.069320239858385,-154.46915010358515,2012-02-11T00:00:00Z,10.037768510585858
urn:ioos:station:GOA_RUNOFF_DISCHARGE,urn:ioos:sensor:GOA_RUNOFF_DISCHARGE:q,58.069320239858385,-154.46915010358515,2012-02-12T00:00:00Z,8.458612594781433
urn:ioos:station:GOA_RUNOFF_DISCHARGE,urn:ioos:sensor:GOA_RUNOFF_DISCHARGE:q,58.069320239858385,-154.46915010358515,2012-02-13T00:00:00Z,7.939402955538785
urn:ioos:station:GOA_RUNOFF_DISCHARGE,urn:ioos:sensor:GOA_RUNOFF_DISCHARGE:q,58.069320239858385,-154.46915010358515,2012-02-14T00:00:00Z,7.5183240749326785
urn:ioos:station:GOA_RUNOFF_DISCHARGE,urn:ioos:sensor:GOA_RUNOFF_DISCHARGE:q,58.069320239858385,-154.46915010358515,2012-02-15T00:00:00Z,4.947352821281687
urn:ioos:station:GOA_RUNOFF_DISCHARGE,urn:ioos:sensor:GOA_RUNOFF_DISCHARGE:q,58.069320239858385,-154.46915010358515,2012-02-16T00:00:00Z,9.335169981109992
urn:ioos:station:GOA_RUNOFF_DISCHARGE,urn:ioos:sensor:GOA_RUNOFF_DISCHARGE:q,58.069320239858385,-154.46915010358515,2012-02-17T00:00:00Z,8.808456834837607
urn:ioos:station:GOA_RUNOFF_DISCHARGE,urn:ioos:sensor:GOA_RUNOFF_DISCHARGE:q,58.069320239858385,-154.46915010358515,2012-02-18T00:00:00Z,7.666979184290811
urn:ioos:station:GOA_RUNOFF_DISCHARGE,urn:ioos:sensor:GOA_RUNOFF_DISCHARGE:q,58.069320239858385,-154.46915010358515,2012-02-19T00:00:00Z,6.670302011711951
urn:ioos:station:GOA_RUNOFF_DISCHARGE,urn:ioos:sensor:GOA_RUNOFF_DISCHARGE:q,58.069320239858385,-154.46915010358515,2012-02-20T00:00:00Z,4.725614426994949
urn:ioos:station:GOA_RUNOFF_DISCHARGE,urn:ioos:sensor:GOA_RUNOFF_DISCHARGE:q,58.069320239858385,-154.46915010358515,2012-02-21T00:00:00Z,4.546313287838736
urn:ioos:station:GOA_RUNOFF_DISCHARGE,urn:ioos:sensor:GOA_RUNOFF_DISCHARGE:q,58.069320239858385,-154.46915010358515,2012-02-22T00:00:00Z,3.172073260344008
urn:ioos:station:GOA_RUNOFF_DISCHARGE,urn:ioos:sensor:GOA_RUNOFF_DISCHARGE:q,58.069320239858385,-154.46915010358515,2012-02-23T00:00:00Z,2.0665252473049565
urn:ioos:station:GOA_RUNOFF_DISCHARGE,urn:ioos:sensor:GOA_RUNOFF_DISCHARGE:q,58.069320239858385,-154.46915010358515,2012-02-24T00:00:00Z,1.3420109676789596
urn:ioos:station:GOA_RUNOFF_DISCHARGE,urn:ioos:sensor:GOA_RUNOFF_DISCHARGE:q,58.069320239858385,-154.46915010358515,2012-02-25T00:00:00Z,0.8712688452169453
urn:ioos:station:GOA_RUNOFF_DISCHARGE,urn:ioos:sensor:GOA_RUNOFF_DISCHARGE:q,58.069320239858385,-154.46915010358515,2012-02-26T00:00:00Z,0.5656370956489548
urn:ioos:station:GOA_RUNOFF_DISCHARGE,urn:ioos:sensor:GOA_RUNOFF_DISCHARGE:q,58.069320239858385,-154.46915010358515,2012-02-27T00:00:00Z,5.583056525234915
urn:ioos:station:GOA_RUNOFF_DISCHARGE,urn:ioos:sensor:GOA_RUNOFF_DISCHARGE:q,58.069320239858385,-154.46915010358515,2012-02-28T00:00:00Z,3.766739742861404
urn:ioos:station:GOA_RUNOFF_DISCHARGE,urn:ioos:sensor:GOA_RUNOFF_DISCHARGE:q,58.069320239858385,-154.46915010358515,2012-02-29T00:00:00Z,2.4533834208387697
urn:ioos:station:GOA_RUNOFF_DISCHARGE,urn:ioos:sensor:GOA_RUNOFF_DISCHARGE:q,58.069320239858385,-154.46915010358515,2012-03-01T00:00:00Z,1.5932074285742395
urn:ioos:station:GOA_RUNOFF_DISCHARGE,urn:ioos:sensor:GOA_RUNOFF_DISCHARGE:q,58.069320239858385,-154.46915010358515,2012-03-02T00:00:00Z,1.0343504058930875
urn:ioos:station:GOA_RUNOFF_DISCHARGE,urn:ioos:sensor:GOA_RUNOFF_DISCHARGE:q,58.069320239858385,-154.46915010358515,2012-03-03T00:00:00Z,0.67151138776477
urn:ioos:station:GOA_RUNOFF_DISCHARGE,urn:ioos:sensor:GOA_RUNOFF_DISCHARGE:q,58.069320239858385,-154.46915010358515,2012-03-04T00:00:00Z,0.43595154168581296
urn:ioos:station:GOA_RUNOFF_DISCHARGE,urn:ioos:sensor:GOA_RUNOFF_DISCHARGE:q,58.069320239858385,-154.46915010358515,2012-03-05T00:00:00Z,0.2830238431242864
urn:ioos:station:GOA_RUNOFF_DISCHARGE,urn:ioos:sensor:GOA_RUNOFF_DISCHARGE:q,58.069320239858385,-154.46915010358515,2012-03-06T00:00:00Z,0.18374172714067474
urn:ioos:station:GOA_RUNOFF_DISCHARGE,urn:ioos:sensor:GOA_RUNOFF_DISCHARGE:q,58.069320239858385,-154.46915010358515,2012-03-07T00:00:00Z,0.1192868553320888
urn:ioos:station:GOA_RUNOFF_DISCHARGE,urn:ioos:sensor:GOA_RUNOFF_DISCHARGE:q,58.069320239858385,-154.46915010358515,2012-03-08T00:00:00Z,0.07744215110976735
urn:ioos:station:GOA_RUNOFF_DISCHARGE,urn:ioos:sensor:GOA_RUNOFF_DISCHARGE:q,58.069320239858385,-154.46915010358515,2012-03-09T00:00:00Z,0.05027616771416428
urn:ioos:station:GOA_RUNOFF_DISCHARGE,urn:ioos:sensor:GOA_RUNOFF_DISCHARGE:q,58.069320239858385,-154.46915010358515,2012-03-10T00:00:00Z,0.03263975936134586
urn:ioos:station:GOA_RUNOFF_DISCHARGE,urn:ioos:sensor:GOA_RUNOFF_DISCHARGE:q,58.069320239858385,-154.46915010358515,2012-03-11T00:00:00Z,0.02119003850096293
urn:ioos:station:GOA_RUNOFF_DISCHARGE,urn:ioos:sensor:GOA_RUNOFF_DISCHARGE:q,58.069320239858385,-154.46915010358515,2012-03-12T00:00:00Z,0.013756771809279247
urn:ioos:station:GOA_RUNOFF_DISCHARGE,urn:ioos:sensor:GOA_RUNOFF_DISCHARGE:q,58.069320239858385,-154.46915010358515,2012-03-13T00:00:00Z,0.008931023884459181
urn:ioos:station:GOA_RUNOFF_DISCHARGE,urn:ioos:sensor:GOA_RUNOFF_DISCHARGE:q,58.069320239858385,-154.46915010358515,2012-03-14T00:00:00Z,0.0057981050044744855
urn:ioos:station:GOA_RUNOFF_DISCHARGE,urn:ioos:sensor:GOA_RUNOFF_DISCHARGE:q,58.069320239858385,-154.46915010358515,2012-03-15T00:00:00Z,0.0037641838891464604
urn:ioos:station:GOA_RUNOFF_DISCHARGE,urn:ioos:sensor:GOA_RUNOFF_DISCHARGE:q,58.069320239858385,-154.46915010358515,2012-03-16T00:00:00Z,0.002443743440371514
urn:ioos:station:GOA_RUNOFF_DISCHARGE,urn:ioos:sensor:GOA_RUNOFF_DISCHARGE:q,58.069320239858385,-154.46915010358515,2012-03-17T00:00:00Z,0.0015865011284658455
urn:ioos:station:GOA_RUNOFF_DISCHARGE,urn:ioos:sensor:GOA_RUNOFF_DISCHARGE:q,58.069320239858385,-154.46915010358515,2012-03-18T00:00:00Z,0.0010299714417518363
urn:ioos:station:GOA_RUNOFF_DISCHARGE,urn:ioos:sensor:GOA_RUNOFF_DISCHARGE:q,58.069320239858385,-154.46915010358515,2012-03-19T00:00:00Z,6.686671335385875E-4
urn:ioos:station:GOA_RUNOFF_DISCHARGE,urn:ioos:sensor:GOA_RUNOFF_DISCHARGE:q,58.069320239858385,-154.46915010358515,2012-03-20T00:00:00Z,4.3410497267628526E-4
urn:ioos:station:GOA_RUNOFF_DISCHARGE,urn:ioos:sensor:GOA_RUNOFF_DISCHARGE:q,58.069320239858385,-154.46915010358515,2012-03-21T00:00:00Z,2.818250187420173E-4
urn:ioos:station:GOA_RUNOFF_DISCHARGE,urn:ioos:sensor:GOA_RUNOFF_DISCHARGE:q,58.069320239858385,-154.46915010358515,2012-03-22T00:00:00Z,1.8296346576755895E-4
urn:ioos:station:GOA_RUNOFF_DISCHARGE,urn:ioos:sensor:GOA_RUNOFF_DISCHARGE:q,58.069320239858385,-154.46915010358515,2012-03-23T00:00:00Z,1.1878157656132687E-4
urn:ioos:station:GOA_RUNOFF_DISCHARGE,urn:ioos:sensor:GOA_RUNOFF_DISCHARGE:q,58.069320239858385,-154.46915010358515,2012-03-24T00:00:00Z,7.711411508197672E-5
urn:ioos:station:GOA_RUNOFF_DISCHARGE,urn:ioos:sensor:GOA_RUNOFF_DISCHARGE:q,58.069320239858385,-154.46915010358515,2012-03-25T00:00:00Z,5.006320585633552E-5
urn:ioos:station:GOA_RUNOFF_DISCHARGE,urn:ioos:sensor:GOA_RUNOFF_DISCHARGE:q,58.069320239858385,-154.46915010358515,2012-03-26T00:00:00Z,3.250150136589188E-5
urn:ioos:station:GOA_RUNOFF_DISCHARGE,urn:ioos:sensor:GOA_RUNOFF_DISCHARGE:q,58.069320239858385,-154.46915010358515,2012-03-27T00:00:00Z,2.110028219008078E-5
urn:ioos:station:GOA_RUNOFF_DISCHARGE,urn:ioos:sensor:GOA_RUNOFF_DISCHARGE:q,58.069320239858385,-154.46915010358515,2012-03-28T00:00:00Z,3.778196549320337
urn:ioos:station:GOA_RUNOFF_DISCHARGE,urn:ioos:sensor:GOA_RUNOFF_DISCHARGE:q,58.069320239858385,-154.46915010358515,2012-03-29T00:00:00Z,8.600151502052244
urn:ioos:station:GOA_RUNOFF_DISCHARGE,urn:ioos:sensor:GOA_RUNOFF_DISCHARGE:q,58.069320239858385,-154.46915010358515,2012-03-30T00:00:00Z,9.833727215773841
urn:ioos:station:GOA_RUNOFF_DISCHARGE,urn:ioos:sensor:GOA_RUNOFF_DISCHARGE:q,58.069320239858385,-154.46915010358515,2012-03-31T00:00:00Z,7.14875412051998
urn:ioos:station:GOA_RUNOFF_DISCHARGE,urn:ioos:sensor:GOA_RUNOFF_DISCHARGE:q,58.069320239858385,-154.46915010358515,2012-04-01T00:00:00Z,5.078678665614482
urn:ioos:station:GOA_RUNOFF_DISCHARGE,urn:ioos:sensor:GOA_RUNOFF_DISCHARGE:q,58.069320239858385,-154.46915010358515,2012-04-02T00:00:00Z,3.596545795262113
urn:ioos:station:GOA_RUNOFF_DISCHARGE,urn:ioos:sensor:GOA_RUNOFF_DISCHARGE:q,58.069320239858385,-154.46915010358515,2012-04-03T00:00:00Z,2.320005807524353
urn:ioos:station:GOA_RUNOFF_DISCHARGE,urn:ioos:sensor:GOA_RUNOFF_DISCHARGE:q,58.069320239858385,-154.46915010358515,2012-04-04T00:00:00Z,1.651479193717972
urn:ioos:station:GOA_RUNOFF_DISCHARGE,urn:ioos:sensor:GOA_RUNOFF_DISCHARGE:q,58.069320239858385,-154.46915010358515,2012-04-05T00:00:00Z,1.607056211413261
urn:ioos:station:GOA_RUNOFF_DISCHARGE,urn:ioos:sensor:GOA_RUNOFF_DISCHARGE:q,58.069320239858385,-154.46915010358515,2012-04-06T00:00:00Z,4.692625097049353
urn:ioos:station:GOA_RUNOFF_DISCHARGE,urn:ioos:sensor:GOA_RUNOFF_DISCHARGE:q,58.069320239858385,-154.46915010358515,2012-04-07T00:00:00Z,3.19033053116547
urn:ioos:station:GOA_RUNOFF_DISCHARGE,urn:ioos:sensor:GOA_RUNOFF_DISCHARGE:q,58.069320239858385,-154.46915010358515,2012-04-08T00:00:00Z,2.214402063171471
urn:ioos:station:GOA_RUNOFF_DISCHARGE,urn:ioos:sensor:GOA_RUNOFF_DISCHARGE:q,58.069320239858385,-154.46915010358515,2012-04-09T00:00:00Z,1.5814105462742256
urn:ioos:station:GOA_RUNOFF_DISCHARGE,urn:ioos:sensor:GOA_RUNOFF_DISCHARGE:q,58.069320239858385,-154.46915010358515,2012-04-10T00:00:00Z,1.4887838855251616
urn:ioos:station:GOA_RUNOFF_DISCHARGE,urn:ioos:sensor:GOA_RUNOFF_DISCHARGE:q,58.069320239858385,-154.46915010358515,2012-04-11T00:00:00Z,1.0713062567851048
urn:ioos:station:GOA_RUNOFF_DISCHARGE,urn:ioos:sensor:GOA_RUNOFF_DISCHARGE:q,58.069320239858385,-154.46915010358515,2012-04-12T00:00:00Z,0.7600185263282723
urn:ioos:station:GOA_RUNOFF_DISCHARGE,urn:ioos:sensor:GOA_RUNOFF_DISCHARGE:q,58.069320239858385,-154.46915010358515,2012-04-13T00:00:00Z,0.5381127910473931
urn:ioos:station:GOA_RUNOFF_DISCHARGE,urn:ioos:sensor:GOA_RUNOFF_DISCHARGE:q,58.069320239858385,-154.46915010358515,2012-04-14T00:00:00Z,0.38089132254343405
urn:ioos:station:GOA_RUNOFF_DISCHARGE,urn:ioos:sensor:GOA_RUNOFF_DISCHARGE:q,58.069320239858385,-154.46915010358515,2012-04-15T00:00:00Z,0.8684336520056773
urn:ioos:station:GOA_RUNOFF_DISCHARGE,urn:ioos:sensor:GOA_RUNOFF_DISCHARGE:q,58.069320239858385,-154.46915010358515,2012-04-16T00:00:00Z,3.0310800531075515
urn:ioos:station:GOA_RUNOFF_DISCHARGE,urn:ioos:sensor:GOA_RUNOFF_DISCHARGE:q,58.069320239858385,-154.46915010358515,2012-04-17T00:00:00Z,3.8588528035781353
urn:ioos:station:GOA_RUNOFF_DISCHARGE,urn:ioos:sensor:GOA_RUNOFF_DISCHARGE:q,58.069320239858385,-154.46915010358515,2012-04-18T00:00:00Z,3.339965216814777
urn:ioos:station:GOA_RUNOFF_DISCHARGE,urn:ioos:sensor:GOA_RUNOFF_DISCHARGE:q,58.069320239858385,-154.46915010358515,2012-04-19T00:00:00Z,2.5130246983637976
urn:ioos:station:GOA_RUNOFF_DISCHARGE,urn:ioos:sensor:GOA_RUNOFF_DISCHARGE:q,58.069320239858385,-154.46915010358515,2012-04-20T00:00:00Z,1.7875105826092852
urn:ioos:station:GOA_RUNOFF_DISCHARGE,urn:ioos:sensor:GOA_RUNOFF_DISCHARGE:q,58.069320239858385,-154.46915010358515,2012-04-21T00:00:00Z,1.2660710456852768
urn:ioos:station:GOA_RUNOFF_DISCHARGE,urn:ioos:sensor:GOA_RUNOFF_DISCHARGE:q,58.069320239858385,-154.46915010358515,2012-04-22T00:00:00Z,0.896207323631134
urn:ioos:station:GOA_RUNOFF_DISCHARGE,urn:ioos:sensor:GOA_RUNOFF_DISCHARGE:q,58.069320239858385,-154.46915010358515,2012-04-23T00:00:00Z,0.6343403089903511
urn:ioos:station:GOA_RUNOFF_DISCHARGE,urn:ioos:sensor:GOA_RUNOFF_DISCHARGE:q,58.069320239858385,-154.46915010358515,2012-04-24T00:00:00Z,0.9578349203385816
urn:ioos:station:GOA_RUNOFF_DISCHARGE,urn:ioos:sensor:GOA_RUNOFF_DISCHARGE:q,58.069320239858385,-154.46915010358515,2012-04-25T00:00:00Z,0.7020227685789643
urn:ioos:station:GOA_RUNOFF_DISCHARGE,urn:ioos:sensor:GOA_RUNOFF_DISCHARGE:q,58.069320239858385,-154.46915010358515,2012-04-26T00:00:00Z,0.49929231155438697
urn:ioos:station:GOA_RUNOFF_DISCHARGE,urn:ioos:sensor:GOA_RUNOFF_DISCHARGE:q,58.069320239858385,-154.46915010358515,2012-04-27T00:00:00Z,0.35363694080722513
urn:ioos:station:GOA_RUNOFF_DISCHARGE,urn:ioos:sensor:GOA_RUNOFF_DISCHARGE:q,58.069320239858385,-154.46915010358515,2012-04-28T00:00:00Z,0.2503266199081448
urn:ioos:station:GOA_RUNOFF_DISCHARGE,urn:ioos:sensor:GOA_RUNOFF_DISCHARGE:q,58.069320239858385,-154.46915010358515,2012-04-29T00:00:00Z,0.2737082153349804
urn:ioos:station:GOA_RUNOFF_DISCHARGE,urn:ioos:sensor:GOA_RUNOFF_DISCHARGE:q,58.069320239858385,-154.46915010358515,2012-04-30T00:00:00Z,0.2076955971937001
urn:ioos:station:GOA_RUNOFF_DISCHARGE,urn:ioos:sensor:GOA_RUNOFF_DISCHARGE:q,58.069320239858385,-154.46915010358515,2012-05-01T00:00:00Z,0.1479066793929845
urn:ioos:station:GOA_RUNOFF_DISCHARGE,urn:ioos:sensor:GOA_RUNOFF_DISCHARGE:q,58.069320239858385,-154.46915010358515,2012-05-02T00:00:00Z,0.10477762152935964
urn:ioos:station:GOA_RUNOFF_DISCHARGE,urn:ioos:sensor:GOA_RUNOFF_DISCHARGE:q,58.069320239858385,-154.46915010358515,2012-05-03T00:00:00Z,0.07417012160050795
urn:ioos:station:GOA_RUNOFF_DISCHARGE,urn:ioos:sensor:GOA_RUNOFF_DISCHARGE:q,58.069320239858385,-154.46915010358515,2012-05-04T00:00:00Z,0.052498180174741074
urn:ioos:station:GOA_RUNOFF_DISCHARGE,urn:ioos:sensor:GOA_RUNOFF_DISCHARGE:q,58.069320239858385,-154.46915010358515,2012-05-05T00:00:00Z,0.03715806692677608
urn:ioos:station:GOA_RUNOFF_DISCHARGE,urn:ioos:sensor:GOA_RUNOFF_DISCHARGE:q,58.069320239858385,-154.46915010358515,2012-05-06T00:00:00Z,0.026300323466620368
urn:ioos:station:GOA_RUNOFF_DISCHARGE,urn:ioos:sensor:GOA_RUNOFF_DISCHARGE:q,58.069320239858385,-154.46915010358515,2012-05-07T00:00:00Z,0.6170036109727423
urn:ioos:station:GOA_RUNOFF_DISCHARGE,urn:ioos:sensor:GOA_RUNOFF_DISCHARGE:q,58.069320239858385,-154.46915010358515,2012-05-08T00:00:00Z,0.46501940908946304
urn:ioos:station:GOA_RUNOFF_DISCHARGE,urn:ioos:sensor:GOA_RUNOFF_DISCHARGE:q,58.069320239858385,-154.46915010358515,2012-05-09T00:00:00Z,0.3319653611642679
urn:ioos:station:GOA_RUNOFF_DISCHARGE,urn:ioos:sensor:GOA_RUNOFF_DISCHARGE:q,58.069320239858385,-154.46915010358515,2012-05-10T00:00:00Z,0.2364349329168324
urn:ioos:station:GOA_RUNOFF_DISCHARGE,urn:ioos:sensor:GOA_RUNOFF_DISCHARGE:q,58.069320239858385,-154.46915010358515,2012-05-11T00:00:00Z,3.115775908439323
urn:ioos:station:GOA_RUNOFF_DISCHARGE,urn:ioos:sensor:GOA_RUNOFF_DISCHARGE:q,58.069320239858385,-154.46915010358515,2012-05-12T00:00:00Z,2.3448133205614448
urn:ioos:station:GOA_RUNOFF_DISCHARGE,urn:ioos:sensor:GOA_RUNOFF_DISCHARGE:q,58.069320239858385,-154.46915010358515,2012-05-13T00:00:00Z,2.607809689576601
urn:ioos:station:GOA_RUNOFF_DISCHARGE,urn:ioos:sensor:GOA_RUNOFF_DISCHARGE:q,58.069320239858385,-154.46915010358515,2012-05-14T00:00:00Z,2.104990258742798
urn:ioos:station:GOA_RUNOFF_DISCHARGE,urn:ioos:sensor:GOA_RUNOFF_DISCHARGE:q,58.069320239858385,-154.46915010358515,2012-05-15T00:00:00Z,1.5116938148362393
urn:ioos:station:GOA_RUNOFF_DISCHARGE,urn:ioos:sensor:GOA_RUNOFF_DISCHARGE:q,58.069320239858385,-154.46915010358515,2012-05-16T00:00:00Z,1.0721463164691358
urn:ioos:station:GOA_RUNOFF_DISCHARGE,urn:ioos:sensor:GOA_RUNOFF_DISCHARGE:q,58.069320239858385,-154.46915010358515,2012-05-17T00:00:00Z,0.7590776936870778
urn:ioos:station:GOA_RUNOFF_DISCHARGE,urn:ioos:sensor:GOA_RUNOFF_DISCHARGE:q,58.069320239858385,-154.46915010358515,2012-05-18T00:00:00Z,0.5372935503195907
urn:ioos:station:GOA_RUNOFF_DISCHARGE,urn:ioos:sensor:GOA_RUNOFF_DISCHARGE:q,58.069320239858385,-154.46915010358515,2012-05-19T00:00:00Z,1.7252105303267182
urn:ioos:station:GOA_RUNOFF_DISCHARGE,urn:ioos:sensor:GOA_RUNOFF_DISCHARGE:q,58.069320239858385,-154.46915010358515,2012-05-20T00:00:00Z,2.9585324698520137
urn:ioos:station:GOA_RUNOFF_DISCHARGE,urn:ioos:sensor:GOA_RUNOFF_DISCHARGE:q,58.069320239858385,-154.46915010358515,2012-05-21T00:00:00Z,2.1795698773721583
urn:ioos:station:GOA_RUNOFF_DISCHARGE,urn:ioos:sensor:GOA_RUNOFF_DISCHARGE:q,58.069320239858385,-154.46915010358515,2012-05-22T00:00:00Z,1.551231150521914
urn:ioos:station:GOA_RUNOFF_DISCHARGE,urn:ioos:sensor:GOA_RUNOFF_DISCHARGE:q,58.069320239858385,-154.46915010358515,2012-05-23T00:00:00Z,1.0988073415081556
urn:ioos:station:GOA_RUNOFF_DISCHARGE,urn:ioos:sensor:GOA_RUNOFF_DISCHARGE:q,58.069320239858385,-154.46915010358515,2012-05-24T00:00:00Z,0.7778161356453882
urn:ioos:station:GOA_RUNOFF_DISCHARGE,urn:ioos:sensor:GOA_RUNOFF_DISCHARGE:q,58.069320239858385,-154.46915010358515,2012-05-25T00:00:00Z,0.5505433194938537
urn:ioos:station:GOA_RUNOFF_DISCHARGE,urn:ioos:sensor:GOA_RUNOFF_DISCHARGE:q,58.069320239858385,-154.46915010358515,2012-05-26T00:00:00Z,0.7346557095676985
urn:ioos:station:GOA_RUNOFF_DISCHARGE,urn:ioos:sensor:GOA_RUNOFF_DISCHARGE:q,58.069320239858385,-154.46915010358515,2012-05-27T00:00:00Z,0.5363056530237941
urn:ioos:station:GOA_RUNOFF_DISCHARGE,urn:ioos:sensor:GOA_RUNOFF_DISCHARGE:q,58.069320239858385,-154.46915010358515,2012-05-28T00:00:00Z,0.3812244258430921
urn:ioos:station:GOA_RUNOFF_DISCHARGE,urn:ioos:sensor:GOA_RUNOFF_DISCHARGE:q,58.069320239858385,-154.46915010358515,2012-05-29T00:00:00Z,0.26999168631003395
urn:ioos:station:GOA_RUNOFF_DISCHARGE,urn:ioos:sensor:GOA_RUNOFF_DISCHARGE:q,58.069320239858385,-154.46915010358515,2012-05-30T00:00:00Z,0.19111517325033953
urn:ioos:station:GOA_RUNOFF_DISCHARGE,urn:ioos:sensor:GOA_RUNOFF_DISCHARGE:q,58.069320239858385,-154.46915010358515,2012-05-31T00:00:00Z,1.394630895991488
urn:ioos:station:GOA_RUNOFF_DISCHARGE,urn:ioos:sensor:GOA_RUNOFF_DISCHARGE:q,58.069320239858385,-154.46915010358515,2012-06-01T00:00:00Z,1.3396329363817168
urn:ioos:station:GOA_RUNOFF_DISCHARGE,urn:ioos:sensor:GOA_RUNOFF_DISCHARGE:q,58.069320239858385,-154.46915010358515,2012-06-02T00:00:00Z,0.9679932554042984
urn:ioos:station:GOA_RUNOFF_DISCHARGE,urn:ioos:sensor:GOA_RUNOFF_DISCHARGE:q,58.069320239858385,-154.46915010358515,2012-06-03T00:00:00Z,0.6871191586243592
urn:ioos:station:GOA_RUNOFF_DISCHARGE,urn:ioos:sensor:GOA_RUNOFF_DISCHARGE:q,58.069320239858385,-154.46915010358515,2012-06-04T00:00:00Z,0.4865373954850464
urn:ioos:station:GOA_RUNOFF_DISCHARGE,urn:ioos:sensor:GOA_RUNOFF_DISCHARGE:q,58.069320239858385,-154.46915010358515,2012-06-05T00:00:00Z,0.3443887197332281
urn:ioos:station:GOA_RUNOFF_DISCHARGE,urn:ioos:sensor:GOA_RUNOFF_DISCHARGE:q,58.069320239858385,-154.46915010358515,2012-06-06T00:00:00Z,0.2437587818922274
urn:ioos:station:GOA_RUNOFF_DISCHARGE,urn:ioos:sensor:GOA_RUNOFF_DISCHARGE:q,58.069320239858385,-154.46915010358515,2012-06-07T00:00:00Z,0.17253159077923683
urn:ioos:station:GOA_RUNOFF_DISCHARGE,urn:ioos:sensor:GOA_RUNOFF_DISCHARGE:q,58.069320239858385,-154.46915010358515,2012-06-08T00:00:00Z,0.41628532415680214
urn:ioos:station:GOA_RUNOFF_DISCHARGE,urn:ioos:sensor:GOA_RUNOFF_DISCHARGE:q,58.069320239858385,-154.46915010358515,2012-06-09T00:00:00Z,0.30856061163761406
urn:ioos:station:GOA_RUNOFF_DISCHARGE,urn:ioos:sensor:GOA_RUNOFF_DISCHARGE:q,58.069320239858385,-154.46915010358515,2012-06-10T00:00:00Z,0.21978746404097255
urn:ioos:station:GOA_RUNOFF_DISCHARGE,urn:ioos:sensor:GOA_RUNOFF_DISCHARGE:q,58.069320239858385,-154.46915010358515,2012-06-11T00:00:00Z,0.15570334561125904
urn:ioos:station:GOA_RUNOFF_DISCHARGE,urn:ioos:sensor:GOA_RUNOFF_DISCHARGE:q,58.069320239858385,-154.46915010358515,2012-06-12T00:00:00Z,0.11022000255844368
urn:ioos:station:GOA_RUNOFF_DISCHARGE,urn:ioos:sensor:GOA_RUNOFF_DISCHARGE:q,58.069320239858385,-154.46915010358515,2012-06-13T00:00:00Z,0.07801461484969852
urn:ioos:station:GOA_RUNOFF_DISCHARGE,urn:ioos:sensor:GOA_RUNOFF_DISCHARGE:q,58.069320239858385,-154.46915010358515,2012-06-14T00:00:00Z,0.0552185320109516
urn:ioos:station:GOA_RUNOFF_DISCHARGE,urn:ioos:sensor:GOA_RUNOFF_DISCHARGE:q,58.069320239858385,-154.46915010358515,2012-06-15T00:00:00Z,0.03908344626160956
urn:ioos:station:GOA_RUNOFF_DISCHARGE,urn:ioos:sensor:GOA_RUNOFF_DISCHARGE:q,58.069320239858385,-154.46915010358515,2012-06-16T00:00:00Z,0.027663089420749336
urn:ioos:station:GOA_RUNOFF_DISCHARGE,urn:ioos:sensor:GOA_RUNOFF_DISCHARGE:q,58.069320239858385,-154.46915010358515,2012-06-17T00:00:00Z,0.019579815160610536
urn:ioos:station:GOA_RUNOFF_DISCHARGE,urn:ioos:sensor:GOA_RUNOFF_DISCHARGE:q,58.069320239858385,-154.46915010358515,2012-06-18T00:00:00Z,0.01385850369644679
urn:ioos:station:GOA_RUNOFF_DISCHARGE,urn:ioos:sensor:GOA_RUNOFF_DISCHARGE:q,58.069320239858385,-154.46915010358515,2012-06-19T00:00:00Z,0.009808988540138624
urn:ioos:station:GOA_RUNOFF_DISCHARGE,urn:ioos:sensor:GOA_RUNOFF_DISCHARGE:q,58.069320239858385,-154.46915010358515,2012-06-20T00:00:00Z,0.006942758577749388
urn:ioos:station:GOA_RUNOFF_DISCHARGE,urn:ioos:sensor:GOA_RUNOFF_DISCHARGE:q,58.069320239858385,-154.46915010358515,2012-06-21T00:00:00Z,0.0049140532502433025
urn:ioos:station:GOA_RUNOFF_DISCHARGE,urn:ioos:sensor:GOA_RUNOFF_DISCHARGE:q,58.069320239858385,-154.46915010358515,2012-06-22T00:00:00Z,0.0034781449871425646
urn:ioos:station:GOA_RUNOFF_DISCHARGE,urn:ioos:sensor:GOA_RUNOFF_DISCHARGE:q,58.069320239858385,-154.46915010358515,2012-06-23T00:00:00Z,0.002461815879233339
urn:ioos:station:GOA_RUNOFF_DISCHARGE,urn:ioos:sensor:GOA_RUNOFF_DISCHARGE:q,58.069320239858385,-154.46915010358515,2012-06-24T00:00:00Z,0.0017424621518277008
urn:ioos:station:GOA_RUNOFF_DISCHARGE,urn:ioos:sensor:GOA_RUNOFF_DISCHARGE:q,58.069320239858385,-154.46915010358515,2012-06-25T00:00:00Z,1.5436735734068054
urn:ioos:station:GOA_RUNOFF_DISCHARGE,urn:ioos:sensor:GOA_RUNOFF_DISCHARGE:q,58.069320239858385,-154.46915010358515,2012-06-26T00:00:00Z,1.1655709385389248
urn:ioos:station:GOA_RUNOFF_DISCHARGE,urn:ioos:sensor:GOA_RUNOFF_DISCHARGE:q,58.069320239858385,-154.46915010358515,2012-06-27T00:00:00Z,0.832272210384981
urn:ioos:station:GOA_RUNOFF_DISCHARGE,urn:ioos:sensor:GOA_RUNOFF_DISCHARGE:q,58.069320239858385,-154.46915010358515,2012-06-28T00:00:00Z,0.5898061606950353
urn:ioos:station:GOA_RUNOFF_DISCHARGE,urn:ioos:sensor:GOA_RUNOFF_DISCHARGE:q,58.069320239858385,-154.46915010358515,2012-06-29T00:00:00Z,0.4175348233133295
urn:ioos:station:GOA_RUNOFF_DISCHARGE,urn:ioos:sensor:GOA_RUNOFF_DISCHARGE:q,58.069320239858385,-154.46915010358515,2012-06-30T00:00:00Z,0.2955365620472326
urn:ioos:station:GOA_RUNOFF_DISCHARGE,urn:ioos:sensor:GOA_RUNOFF_DISCHARGE:q,58.069320239858385,-154.46915010358515,2012-07-01T00:00:00Z,0.20918018939781383
urn:ioos:station:GOA_RUNOFF_DISCHARGE,urn:ioos:sensor:GOA_RUNOFF_DISCHARGE:q,58.069320239858385,-154.46915010358515,2012-07-02T00:00:00Z,0.14805686859301298
urn:ioos:station:GOA_RUNOFF_DISCHARGE,urn:ioos:sensor:GOA_RUNOFF_DISCHARGE:q,58.069320239858385,-154.46915010358515,2012-07-03T00:00:00Z,0.10479401686850652
urn:ioos:station:GOA_RUNOFF_DISCHARGE,urn:ioos:sensor:GOA_RUNOFF_DISCHARGE:q,58.069320239858385,-154.46915010358515,2012-07-04T00:00:00Z,0.0741727363035414
urn:ioos:station:GOA_RUNOFF_DISCHARGE,urn:ioos:sensor:GOA_RUNOFF_DISCHARGE:q,58.069320239858385,-154.46915010358515,2012-07-05T00:00:00Z,0.40454997782377666
urn:ioos:station:GOA_RUNOFF_DISCHARGE,urn:ioos:sensor:GOA_RUNOFF_DISCHARGE:q,58.069320239858385,-154.46915010358515,2012-07-06T00:00:00Z,1.2096416101657195
urn:ioos:station:GOA_RUNOFF_DISCHARGE,urn:ioos:sensor:GOA_RUNOFF_DISCHARGE:q,58.069320239858385,-154.46915010358515,2012-07-07T00:00:00Z,0.900731253219203
urn:ioos:station:GOA_RUNOFF_DISCHARGE,urn:ioos:sensor:GOA_RUNOFF_DISCHARGE:q,58.069320239858385,-154.46915010358515,2012-07-08T00:00:00Z,0.7016234919144848
urn:ioos:station:GOA_RUNOFF_DISCHARGE,urn:ioos:sensor:GOA_RUNOFF_DISCHARGE:q,58.069320239858385,-154.46915010358515,2012-07-09T00:00:00Z,0.4998715916113456
urn:ioos:station:GOA_RUNOFF_DISCHARGE,urn:ioos:sensor:GOA_RUNOFF_DISCHARGE:q,58.069320239858385,-154.46915010358515,2012-07-10T00:00:00Z,0.3541330108179619
urn:ioos:station:GOA_RUNOFF_DISCHARGE,urn:ioos:sensor:GOA_RUNOFF_DISCHARGE:q,58.069320239858385,-154.46915010358515,2012-07-11T00:00:00Z,0.949868725984635
urn:ioos:station:GOA_RUNOFF_DISCHARGE,urn:ioos:sensor:GOA_RUNOFF_DISCHARGE:q,58.069320239858385,-154.46915010358515,2012-07-12T00:00:00Z,2.790360296150489
urn:ioos:station:GOA_RUNOFF_DISCHARGE,urn:ioos:sensor:GOA_RUNOFF_DISCHARGE:q,58.069320239858385,-154.46915010358515,2012-07-13T00:00:00Z,2.076938014353903
urn:ioos:station:GOA_RUNOFF_DISCHARGE,urn:ioos:sensor:GOA_RUNOFF_DISCHARGE:q,58.069320239858385,-154.46915010358515,2012-07-14T00:00:00Z,1.4802262091667668
urn:ioos:station:GOA_RUNOFF_DISCHARGE,urn:ioos:sensor:GOA_RUNOFF_DISCHARGE:q,58.069320239858385,-154.46915010358515,2012-07-15T00:00:00Z,1.0763406948069507
urn:ioos:station:GOA_RUNOFF_DISCHARGE,urn:ioos:sensor:GOA_RUNOFF_DISCHARGE:q,58.069320239858385,-154.46915010358515,2012-07-16T00:00:00Z,1.9172685260237055
urn:ioos:station:GOA_RUNOFF_DISCHARGE,urn:ioos:sensor:GOA_RUNOFF_DISCHARGE:q,58.069320239858385,-154.46915010358515,2012-07-17T00:00:00Z,1.4117666401030036
urn:ioos:station:GOA_RUNOFF_DISCHARGE,urn:ioos:sensor:GOA_RUNOFF_DISCHARGE:q,58.069320239858385,-154.46915010358515,2012-07-18T00:00:00Z,1.0047076984942336
urn:ioos:station:GOA_RUNOFF_DISCHARGE,urn:ioos:sensor:GOA_RUNOFF_DISCHARGE:q,58.069320239858385,-154.46915010358515,2012-07-19T00:00:00Z,0.7116734236946888
urn:ioos:station:GOA_RUNOFF_DISCHARGE,urn:ioos:sensor:GOA_RUNOFF_DISCHARGE:q,58.069320239858385,-154.46915010358515,2012-07-20T00:00:00Z,0.503773748106994
urn:ioos:station:GOA_RUNOFF_DISCHARGE,urn:ioos:sensor:GOA_RUNOFF_DISCHARGE:q,58.069320239858385,-154.46915010358515,2012-07-21T00:00:00Z,0.3565742554388562
urn:ioos:station:GOA_RUNOFF_DISCHARGE,urn:ioos:sensor:GOA_RUNOFF_DISCHARGE:q,58.069320239858385,-154.46915010358515,2012-07-22T00:00:00Z,0.2523822204986145
urn:ioos:station:GOA_RUNOFF_DISCHARGE,urn:ioos:sensor:GOA_RUNOFF_DISCHARGE:q,58.069320239858385,-154.46915010358515,2012-07-23T00:00:00Z,1.2852179075463472
urn:ioos:station:GOA_RUNOFF_DISCHARGE,urn:ioos:sensor:GOA_RUNOFF_DISCHARGE:q,58.069320239858385,-154.46915010358515,2012-07-24T00:00:00Z,0.96201877408557
urn:ioos:station:GOA_RUNOFF_DISCHARGE,urn:ioos:sensor:GOA_RUNOFF_DISCHARGE:q,58.069320239858385,-154.46915010358515,2012-07-25T00:00:00Z,0.6861399770053407
urn:ioos:station:GOA_RUNOFF_DISCHARGE,urn:ioos:sensor:GOA_RUNOFF_DISCHARGE:q,58.069320239858385,-154.46915010358515,2012-07-26T00:00:00Z,0.4861688045806953
urn:ioos:station:GOA_RUNOFF_DISCHARGE,urn:ioos:sensor:GOA_RUNOFF_DISCHARGE:q,58.069320239858385,-154.46915010358515,2012-07-27T00:00:00Z,0.3441602374442545
urn:ioos:station:GOA_RUNOFF_DISCHARGE,urn:ioos:sensor:GOA_RUNOFF_DISCHARGE:q,58.069320239858385,-154.46915010358515,2012-07-28T00:00:00Z,0.2436002881322499
urn:ioos:station:GOA_RUNOFF_DISCHARGE,urn:ioos:sensor:GOA_RUNOFF_DISCHARGE:q,58.069320239858385,-154.46915010358515,2012-07-29T00:00:00Z,0.17241973411235917
urn:ioos:station:GOA_RUNOFF_DISCHARGE,urn:ioos:sensor:GOA_RUNOFF_DISCHARGE:q,58.069320239858385,-154.46915010358515,2012-07-30T00:00:00Z,0.12203796692945704
urn:ioos:station:GOA_RUNOFF_DISCHARGE,urn:ioos:sensor:GOA_RUNOFF_DISCHARGE:q,58.069320239858385,-154.46915010358515,2012-07-31T00:00:00Z,2.511802267139302
urn:ioos:station:GOA_RUNOFF_DISCHARGE,urn:ioos:sensor:GOA_RUNOFF_DISCHARGE:q,58.069320239858385,-154.46915010358515,2012-08-01T00:00:00Z,2.0891635106153257
urn:ioos:station:GOA_RUNOFF_DISCHARGE,urn:ioos:sensor:GOA_RUNOFF_DISCHARGE:q,58.069320239858385,-154.46915010358515,2012-08-02T00:00:00Z,2.4437397382644677
urn:ioos:station:GOA_RUNOFF_DISCHARGE,urn:ioos:sensor:GOA_RUNOFF_DISCHARGE:q,58.069320239858385,-154.46915010358515,2012-08-03T00:00:00Z,1.7764106913367546
urn:ioos:station:GOA_RUNOFF_DISCHARGE,urn:ioos:sensor:GOA_RUNOFF_DISCHARGE:q,58.069320239858385,-154.46915010358515,2012-08-04T00:00:00Z,1.2620031597734578
urn:ioos:station:GOA_RUNOFF_DISCHARGE,urn:ioos:sensor:GOA_RUNOFF_DISCHARGE:q,58.069320239858385,-154.46915010358515,2012-08-05T00:00:00Z,0.8937062861786068
urn:ioos:station:GOA_RUNOFF_DISCHARGE,urn:ioos:sensor:GOA_RUNOFF_DISCHARGE:q,58.069320239858385,-154.46915010358515,2012-08-06T00:00:00Z,0.648451680370493
urn:ioos:station:GOA_RUNOFF_DISCHARGE,urn:ioos:sensor:GOA_RUNOFF_DISCHARGE:q,58.069320239858385,-154.46915010358515,2012-08-07T00:00:00Z,0.4597254083463592
urn:ioos:station:GOA_RUNOFF_DISCHARGE,urn:ioos:sensor:GOA_RUNOFF_DISCHARGE:q,58.069320239858385,-154.46915010358515,2012-08-08T00:00:00Z,0.32546688677976626
urn:ioos:station:GOA_RUNOFF_DISCHARGE,urn:ioos:sensor:GOA_RUNOFF_DISCHARGE:q,58.069320239858385,-154.46915010358515,2012-08-09T00:00:00Z,0.23037155169496665
urn:ioos:station:GOA_RUNOFF_DISCHARGE,urn:ioos:sensor:GOA_RUNOFF_DISCHARGE:q,58.069320239858385,-154.46915010358515,2012-08-10T00:00:00Z,0.16305669633031453
urn:ioos:station:GOA_RUNOFF_DISCHARGE,urn:ioos:sensor:GOA_RUNOFF_DISCHARGE:q,58.069320239858385,-154.46915010358515,2012-08-11T00:00:00Z,0.11541088697845779
urn:ioos:station:GOA_RUNOFF_DISCHARGE,urn:ioos:sensor:GOA_RUNOFF_DISCHARGE:q,58.069320239858385,-154.46915010358515,2012-08-12T00:00:00Z,0.08168731882065658
urn:ioos:station:GOA_RUNOFF_DISCHARGE,urn:ioos:sensor:GOA_RUNOFF_DISCHARGE:q,58.069320239858385,-154.46915010358515,2012-08-13T00:00:00Z,0.05781792505368689
urn:ioos:station:GOA_RUNOFF_DISCHARGE,urn:ioos:sensor:GOA_RUNOFF_DISCHARGE:q,58.069320239858385,-154.46915010358515,2012-08-14T00:00:00Z,0.040923272184294986
urn:ioos:station:GOA_RUNOFF_DISCHARGE,urn:ioos:sensor:GOA_RUNOFF_DISCHARGE:q,58.069320239858385,-154.46915010358515,2012-08-15T00:00:00Z,0.5628818893279681
urn:ioos:station:GOA_RUNOFF_DISCHARGE,urn:ioos:sensor:GOA_RUNOFF_DISCHARGE:q,58.069320239858385,-154.46915010358515,2012-08-16T00:00:00Z,0.42366247031792936
urn:ioos:station:GOA_RUNOFF_DISCHARGE,urn:ioos:sensor:GOA_RUNOFF_DISCHARGE:q,58.069320239858385,-154.46915010358515,2012-08-17T00:00:00Z,0.3023885311261186
urn:ioos:station:GOA_RUNOFF_DISCHARGE,urn:ioos:sensor:GOA_RUNOFF_DISCHARGE:q,58.069320239858385,-154.46915010358515,2012-08-18T00:00:00Z,0.21428111323327131
urn:ioos:station:GOA_RUNOFF_DISCHARGE,urn:ioos:sensor:GOA_RUNOFF_DISCHARGE:q,58.069320239858385,-154.46915010358515,2012-08-19T00:00:00Z,1.634828764800942
urn:ioos:station:GOA_RUNOFF_DISCHARGE,urn:ioos:sensor:GOA_RUNOFF_DISCHARGE:q,58.069320239858385,-154.46915010358515,2012-08-20T00:00:00Z,2.676862845562978
urn:ioos:station:GOA_RUNOFF_DISCHARGE,urn:ioos:sensor:GOA_RUNOFF_DISCHARGE:q,58.069320239858385,-154.46915010358515,2012-08-21T00:00:00Z,1.9702507633754351
urn:ioos:station:GOA_RUNOFF_DISCHARGE,urn:ioos:sensor:GOA_RUNOFF_DISCHARGE:q,58.069320239858385,-154.46915010358515,2012-08-22T00:00:00Z,1.4020819116244785
urn:ioos:station:GOA_RUNOFF_DISCHARGE,urn:ioos:sensor:GOA_RUNOFF_DISCHARGE:q,58.069320239858385,-154.46915010358515,2012-08-23T00:00:00Z,1.0355278444917997
urn:ioos:station:GOA_RUNOFF_DISCHARGE,urn:ioos:sensor:GOA_RUNOFF_DISCHARGE:q,58.069320239858385,-154.46915010358515,2012-08-24T00:00:00Z,1.3264939056365561
urn:ioos:station:GOA_RUNOFF_DISCHARGE,urn:ioos:sensor:GOA_RUNOFF_DISCHARGE:q,58.069320239858385,-154.46915010358515,2012-08-25T00:00:00Z,0.9670740639529909
urn:ioos:station:GOA_RUNOFF_DISCHARGE,urn:ioos:sensor:GOA_RUNOFF_DISCHARGE:q,58.069320239858385,-154.46915010358515,2012-08-26T00:00:00Z,0.6873055096606805
urn:ioos:station:GOA_RUNOFF_DISCHARGE,urn:ioos:sensor:GOA_RUNOFF_DISCHARGE:q,58.069320239858385,-154.46915010358515,2012-08-27T00:00:00Z,0.4867528864822185
urn:ioos:station:GOA_RUNOFF_DISCHARGE,urn:ioos:sensor:GOA_RUNOFF_DISCHARGE:q,58.069320239858385,-154.46915010358515,2012-08-28T00:00:00Z,0.3445495815261415
urn:ioos:station:GOA_RUNOFF_DISCHARGE,urn:ioos:sensor:GOA_RUNOFF_DISCHARGE:q,58.069320239858385,-154.46915010358515,2012-08-29T00:00:00Z,0.24387346704288967
urn:ioos:station:GOA_RUNOFF_DISCHARGE,urn:ioos:sensor:GOA_RUNOFF_DISCHARGE:q,58.069320239858385,-154.46915010358515,2012-08-30T00:00:00Z,0.1726128439093519
urn:ioos:station:GOA_RUNOFF_DISCHARGE,urn:ioos:sensor:GOA_RUNOFF_DISCHARGE:q,58.069320239858385,-154.46915010358515,2012-08-31T00:00:00Z,4.9802095413828695
urn:ioos:station:GOA_RUNOFF_DISCHARGE,urn:ioos:sensor:GOA_RUNOFF_DISCHARGE:q,58.069320239858385,-154.46915010358515,2012-09-01T00:00:00Z,1.1285522689954117
urn:ioos:station:GOA_RUNOFF_DISCHARGE,urn:ioos:sensor:GOA_RUNOFF_DISCHARGE:q,58.069320239858385,-154.46915010358515,2012-09-02T00:00:00Z,3.194759805214794
urn:ioos:station:GOA_RUNOFF_DISCHARGE,urn:ioos:sensor:GOA_RUNOFF_DISCHARGE:q,58.069320239858385,-154.46915010358515,2012-09-03T00:00:00Z,4.809176520779937
urn:ioos:station:GOA_RUNOFF_DISCHARGE,urn:ioos:sensor:GOA_RUNOFF_DISCHARGE:q,58.069320239858385,-154.46915010358515,2012-09-04T00:00:00Z,8.144224648760584
urn:ioos:station:GOA_RUNOFF_DISCHARGE,urn:ioos:sensor:GOA_RUNOFF_DISCHARGE:q,58.069320239858385,-154.46915010358515,2012-09-05T00:00:00Z,8.686174771402003
urn:ioos:station:GOA_RUNOFF_DISCHARGE,urn:ioos:sensor:GOA_RUNOFF_DISCHARGE:q,58.069320239858385,-154.46915010358515,2012-09-06T00:00:00Z,6.298383494856323
urn:ioos:station:GOA_RUNOFF_DISCHARGE,urn:ioos:sensor:GOA_RUNOFF_DISCHARGE:q,58.069320239858385,-154.46915010358515,2012-09-07T00:00:00Z,4.625366646913661
urn:ioos:station:GOA_RUNOFF_DISCHARGE,urn:ioos:sensor:GOA_RUNOFF_DISCHARGE:q,58.069320239858385,-154.46915010358515,2012-09-08T00:00:00Z,3.2825217369690884
urn:ioos:station:GOA_RUNOFF_DISCHARGE,urn:ioos:sensor:GOA_RUNOFF_DISCHARGE:q,58.069320239858385,-154.46915010358515,2012-09-09T00:00:00Z,2.3242235372980637
urn:ioos:station:GOA_RUNOFF_DISCHARGE,urn:ioos:sensor:GOA_RUNOFF_DISCHARGE:q,58.069320239858385,-154.46915010358515,2012-09-10T00:00:00Z,1.645162071189149
urn:ioos:station:GOA_RUNOFF_DISCHARGE,urn:ioos:sensor:GOA_RUNOFF_DISCHARGE:q,58.069320239858385,-154.46915010358515,2012-09-11T00:00:00Z,1.999863409911741
urn:ioos:station:GOA_RUNOFF_DISCHARGE,urn:ioos:sensor:GOA_RUNOFF_DISCHARGE:q,58.069320239858385,-154.46915010358515,2012-09-12T00:00:00Z,2.275475211278441
urn:ioos:station:GOA_RUNOFF_DISCHARGE,urn:ioos:sensor:GOA_RUNOFF_DISCHARGE:q,58.069320239858385,-154.46915010358515,2012-09-13T00:00:00Z,1.6533299430148083
urn:ioos:station:GOA_RUNOFF_DISCHARGE,urn:ioos:sensor:GOA_RUNOFF_DISCHARGE:q,58.069320239858385,-154.46915010358515,2012-09-14T00:00:00Z,3.1556201675049746
urn:ioos:station:GOA_RUNOFF_DISCHARGE,urn:ioos:sensor:GOA_RUNOFF_DISCHARGE:q,58.069320239858385,-154.46915010358515,2012-09-15T00:00:00Z,4.701455228752768
urn:ioos:station:GOA_RUNOFF_DISCHARGE,urn:ioos:sensor:GOA_RUNOFF_DISCHARGE:q,58.069320239858385,-154.46915010358515,2012-09-16T00:00:00Z,5.982291617580667
urn:ioos:station:GOA_RUNOFF_DISCHARGE,urn:ioos:sensor:GOA_RUNOFF_DISCHARGE:q,58.069320239858385,-154.46915010358515,2012-09-17T00:00:00Z,4.366212806009251
urn:ioos:station:GOA_RUNOFF_DISCHARGE,urn:ioos:sensor:GOA_RUNOFF_DISCHARGE:q,58.069320239858385,-154.46915010358515,2012-09-18T00:00:00Z,7.681918840968997
urn:ioos:station:GOA_RUNOFF_DISCHARGE,urn:ioos:sensor:GOA_RUNOFF_DISCHARGE:q,58.069320239858385,-154.46915010358515,2012-09-19T00:00:00Z,12.45260956424421
urn:ioos:station:GOA_RUNOFF_DISCHARGE,urn:ioos:sensor:GOA_RUNOFF_DISCHARGE:q,58.069320239858385,-154.46915010358515,2012-09-20T00:00:00Z,9.275282954389166
urn:ioos:station:GOA_RUNOFF_DISCHARGE,urn:ioos:sensor:GOA_RUNOFF_DISCHARGE:q,58.069320239858385,-154.46915010358515,2012-09-21T00:00:00Z,6.735159276450581
urn:ioos:station:GOA_RUNOFF_DISCHARGE,urn:ioos:sensor:GOA_RUNOFF_DISCHARGE:q,58.069320239858385,-154.46915010358515,2012-09-22T00:00:00Z,9.364991409216818
urn:ioos:station:GOA_RUNOFF_DISCHARGE,urn:ioos:sensor:GOA_RUNOFF_DISCHARGE:q,58.069320239858385,-154.46915010358515,2012-09-23T00:00:00Z,7.536039066211806
urn:ioos:station:GOA_RUNOFF_DISCHARGE,urn:ioos:sensor:GOA_RUNOFF_DISCHARGE:q,58.069320239858385,-154.46915010358515,2012-09-24T00:00:00Z,5.3883647506836025
urn:ioos:station:GOA_RUNOFF_DISCHARGE,urn:ioos:sensor:GOA_RUNOFF_DISCHARGE:q,58.069320239858385,-154.46915010358515,2012-09-25T00:00:00Z,8.199804486685673
urn:ioos:station:GOA_RUNOFF_DISCHARGE,urn:ioos:sensor:GOA_RUNOFF_DISCHARGE:q,58.069320239858385,-154.46915010358515,2012-09-26T00:00:00Z,8.155533321603635
urn:ioos:station:GOA_RUNOFF_DISCHARGE,urn:ioos:sensor:GOA_RUNOFF_DISCHARGE:q,58.069320239858385,-154.46915010358515,2012-09-27T00:00:00Z,7.163060723059953
urn:ioos:station:GOA_RUNOFF_DISCHARGE,urn:ioos:sensor:GOA_RUNOFF_DISCHARGE:q,58.069320239858385,-154.46915010358515,2012-09-28T00:00:00Z,5.142186677809158
urn:ioos:station:GOA_RUNOFF_DISCHARGE,urn:ioos:sensor:GOA_RUNOFF_DISCHARGE:q,58.069320239858385,-154.46915010358515,2012-09-29T00:00:00Z,3.6468267648208417
urn:ioos:station:GOA_RUNOFF_DISCHARGE,urn:ioos:sensor:GOA_RUNOFF_DISCHARGE:q,58.069320239858385,-154.46915010358515,2012-09-30T00:00:00Z,2.581927878930897
urn:ioos:station:GOA_RUNOFF_DISCHARGE,urn:ioos:sensor:GOA_RUNOFF_DISCHARGE:q,58.069320239858385,-154.46915010358515,2012-10-01T00:00:00Z,2.4863890639001465
urn:ioos:station:GOA_RUNOFF_DISCHARGE,urn:ioos:sensor:GOA_RUNOFF_DISCHARGE:q,58.069320239858385,-154.46915010358515,2012-10-02T00:00:00Z,2.9895760660685644
urn:ioos:station:GOA_RUNOFF_DISCHARGE,urn:ioos:sensor:GOA_RUNOFF_DISCHARGE:q,58.069320239858385,-154.46915010358515,2012-10-03T00:00:00Z,4.97986801841055
urn:ioos:station:GOA_RUNOFF_DISCHARGE,urn:ioos:sensor:GOA_RUNOFF_DISCHARGE:q,58.069320239858385,-154.46915010358515,2012-10-04T00:00:00Z,6.698591059394442
urn:ioos:station:GOA_RUNOFF_DISCHARGE,urn:ioos:sensor:GOA_RUNOFF_DISCHARGE:q,58.069320239858385,-154.46915010358515,2012-10-05T00:00:00Z,6.100108097128595
urn:ioos:station:GOA_RUNOFF_DISCHARGE,urn:ioos:sensor:GOA_RUNOFF_DISCHARGE:q,58.069320239858385,-154.46915010358515,2012-10-06T00:00:00Z,4.39018440341995
urn:ioos:station:GOA_RUNOFF_DISCHARGE,urn:ioos:sensor:GOA_RUNOFF_DISCHARGE:q,58.069320239858385,-154.46915010358515,2012-10-07T00:00:00Z,5.229316607884322
urn:ioos:station:GOA_RUNOFF_DISCHARGE,urn:ioos:sensor:GOA_RUNOFF_DISCHARGE:q,58.069320239858385,-154.46915010358515,2012-10-08T00:00:00Z,3.8020476401660726
urn:ioos:station:GOA_RUNOFF_DISCHARGE,urn:ioos:sensor:GOA_RUNOFF_DISCHARGE:q,58.069320239858385,-154.46915010358515,2012-10-09T00:00:00Z,2.7011343938122314
urn:ioos:station:GOA_RUNOFF_DISCHARGE,urn:ioos:sensor:GOA_RUNOFF_DISCHARGE:q,58.069320239858385,-154.46915010358515,2012-10-10T00:00:00Z,1.9128558282049337
urn:ioos:station:GOA_RUNOFF_DISCHARGE,urn:ioos:sensor:GOA_RUNOFF_DISCHARGE:q,58.069320239858385,-154.46915010358515,2012-10-11T00:00:00Z,1.3540112376966953
urn:ioos:station:GOA_RUNOFF_DISCHARGE,urn:ioos:sensor:GOA_RUNOFF_DISCHARGE:q,58.069320239858385,-154.46915010358515,2012-10-12T00:00:00Z,0.9583731873806633
urn:ioos:station:GOA_RUNOFF_DISCHARGE,urn:ioos:sensor:GOA_RUNOFF_DISCHARGE:q,58.069320239858385,-154.46915010358515,2012-10-13T00:00:00Z,0.70223069502648
urn:ioos:station:GOA_RUNOFF_DISCHARGE,urn:ioos:sensor:GOA_RUNOFF_DISCHARGE:q,58.069320239858385,-154.46915010358515,2012-10-14T00:00:00Z,3.8791034319021325
urn:ioos:station:GOA_RUNOFF_DISCHARGE,urn:ioos:sensor:GOA_RUNOFF_DISCHARGE:q,58.069320239858385,-154.46915010358515,2012-10-15T00:00:00Z,3.581675600883382
urn:ioos:station:GOA_RUNOFF_DISCHARGE,urn:ioos:sensor:GOA_RUNOFF_DISCHARGE:q,58.069320239858385,-154.46915010358515,2012-10-16T00:00:00Z,2.3582366468163056
urn:ioos:station:GOA_RUNOFF_DISCHARGE,urn:ioos:sensor:GOA_RUNOFF_DISCHARGE:q,58.069320239858385,-154.46915010358515,2012-10-17T00:00:00Z,1.5328406120691114
urn:ioos:station:GOA_RUNOFF_DISCHARGE,urn:ioos:sensor:GOA_RUNOFF_DISCHARGE:q,58.069320239858385,-154.46915010358515,2012-10-18T00:00:00Z,0.9952383294554952
urn:ioos:station:GOA_RUNOFF_DISCHARGE,urn:ioos:sensor:GOA_RUNOFF_DISCHARGE:q,58.069320239858385,-154.46915010358515,2012-10-19T00:00:00Z,0.6461239039944467
urn:ioos:station:GOA_RUNOFF_DISCHARGE,urn:ioos:sensor:GOA_RUNOFF_DISCHARGE:q,58.069320239858385,-154.46915010358515,2012-10-20T00:00:00Z,0.4194700324515481
urn:ioos:station:GOA_RUNOFF_DISCHARGE,urn:ioos:sensor:GOA_RUNOFF_DISCHARGE:q,58.069320239858385,-154.46915010358515,2012-10-21T00:00:00Z,0.4200496742913164
urn:ioos:station:GOA_RUNOFF_DISCHARGE,urn:ioos:sensor:GOA_RUNOFF_DISCHARGE:q,58.069320239858385,-154.46915010358515,2012-10-22T00:00:00Z,1.1979898356617253
urn:ioos:station:GOA_RUNOFF_DISCHARGE,urn:ioos:sensor:GOA_RUNOFF_DISCHARGE:q,58.069320239858385,-154.46915010358515,2012-10-23T00:00:00Z,0.9112640663822643
urn:ioos:station:GOA_RUNOFF_DISCHARGE,urn:ioos:sensor:GOA_RUNOFF_DISCHARGE:q,58.069320239858385,-154.46915010358515,2012-10-24T00:00:00Z,0.6496379333140224
urn:ioos:station:GOA_RUNOFF_DISCHARGE,urn:ioos:sensor:GOA_RUNOFF_DISCHARGE:q,58.069320239858385,-154.46915010358515,2012-10-25T00:00:00Z,0.463684923862012
urn:ioos:station:GOA_RUNOFF_DISCHARGE,urn:ioos:sensor:GOA_RUNOFF_DISCHARGE:q,58.069320239858385,-154.46915010358515,2012-10-26T00:00:00Z,0.3597682056399217
urn:ioos:station:GOA_RUNOFF_DISCHARGE,urn:ioos:sensor:GOA_RUNOFF_DISCHARGE:q,58.069320239858385,-154.46915010358515,2012-10-27T00:00:00Z,0.25614689952659203
urn:ioos:station:GOA_RUNOFF_DISCHARGE,urn:ioos:sensor:GOA_RUNOFF_DISCHARGE:q,58.069320239858385,-154.46915010358515,2012-10-28T00:00:00Z,0.1814498659308238
urn:ioos:station:GOA_RUNOFF_DISCHARGE,urn:ioos:sensor:GOA_RUNOFF_DISCHARGE:q,58.069320239858385,-154.46915010358515,2012-10-29T00:00:00Z,0.12844441692291964
urn:ioos:station:GOA_RUNOFF_DISCHARGE,urn:ioos:sensor:GOA_RUNOFF_DISCHARGE:q,58.069320239858385,-154.46915010358515,2012-10-30T00:00:00Z,0.08283847883164897
urn:ioos:station:GOA_RUNOFF_DISCHARGE,urn:ioos:sensor:GOA_RUNOFF_DISCHARGE:q,58.069320239858385,-154.46915010358515,2012-10-31T00:00:00Z,0.05374870712334126
urn:ioos:station:GOA_RUNOFF_DISCHARGE,urn:ioos:sensor:GOA_RUNOFF_DISCHARGE:q,58.069320239858385,-154.46915010358515,2012-11-01T00:00:00Z,0.48575009031253313
urn:ioos:station:GOA_RUNOFF_DISCHARGE,urn:ioos:sensor:GOA_RUNOFF_DISCHARGE:q,58.069320239858385,-154.46915010358515,2012-11-02T00:00:00Z,0.6887484968416834
urn:ioos:station:GOA_RUNOFF_DISCHARGE,urn:ioos:sensor:GOA_RUNOFF_DISCHARGE:q,58.069320239858385,-154.46915010358515,2012-11-03T00:00:00Z,0.8694594707177957
urn:ioos:station:GOA_RUNOFF_DISCHARGE,urn:ioos:sensor:GOA_RUNOFF_DISCHARGE:q,58.069320239858385,-154.46915010358515,2012-11-04T00:00:00Z,0.6358173695341546
urn:ioos:station:GOA_RUNOFF_DISCHARGE,urn:ioos:sensor:GOA_RUNOFF_DISCHARGE:q,58.069320239858385,-154.46915010358515,2012-11-05T00:00:00Z,0.4151464318719919
urn:ioos:station:GOA_RUNOFF_DISCHARGE,urn:ioos:sensor:GOA_RUNOFF_DISCHARGE:q,58.069320239858385,-154.46915010358515,2012-11-06T00:00:00Z,0.26964985088892457
urn:ioos:station:GOA_RUNOFF_DISCHARGE,urn:ioos:sensor:GOA_RUNOFF_DISCHARGE:q,58.069320239858385,-154.46915010358515,2012-11-07T00:00:00Z,0.17506670159456478
urn:ioos:station:GOA_RUNOFF_DISCHARGE,urn:ioos:sensor:GOA_RUNOFF_DISCHARGE:q,58.069320239858385,-154.46915010358515,2012-11-08T00:00:00Z,2.6123178980571233
urn:ioos:station:GOA_RUNOFF_DISCHARGE,urn:ioos:sensor:GOA_RUNOFF_DISCHARGE:q,58.069320239858385,-154.46915010358515,2012-11-09T00:00:00Z,6.019919660933033
urn:ioos:station:GOA_RUNOFF_DISCHARGE,urn:ioos:sensor:GOA_RUNOFF_DISCHARGE:q,58.069320239858385,-154.46915010358515,2012-11-10T00:00:00Z,5.126749207984879
urn:ioos:station:GOA_RUNOFF_DISCHARGE,urn:ioos:sensor:GOA_RUNOFF_DISCHARGE:q,58.069320239858385,-154.46915010358515,2012-11-11T00:00:00Z,3.7644532755043514
urn:ioos:station:GOA_RUNOFF_DISCHARGE,urn:ioos:sensor:GOA_RUNOFF_DISCHARGE:q,58.069320239858385,-154.46915010358515,2012-11-12T00:00:00Z,2.675341779073781
urn:ioos:station:GOA_RUNOFF_DISCHARGE,urn:ioos:sensor:GOA_RUNOFF_DISCHARGE:q,58.069320239858385,-154.46915010358515,2012-11-13T00:00:00Z,2.9634111439296276
urn:ioos:station:GOA_RUNOFF_DISCHARGE,urn:ioos:sensor:GOA_RUNOFF_DISCHARGE:q,58.069320239858385,-154.46915010358515,2012-11-14T00:00:00Z,3.388845889564043
urn:ioos:station:GOA_RUNOFF_DISCHARGE,urn:ioos:sensor:GOA_RUNOFF_DISCHARGE:q,58.069320239858385,-154.46915010358515,2012-11-15T00:00:00Z,2.736760923104172
urn:ioos:station:GOA_RUNOFF_DISCHARGE,urn:ioos:sensor:GOA_RUNOFF_DISCHARGE:q,58.069320239858385,-154.46915010358515,2012-11-16T00:00:00Z,1.7927230177734839
urn:ioos:station:GOA_RUNOFF_DISCHARGE,urn:ioos:sensor:GOA_RUNOFF_DISCHARGE:q,58.069320239858385,-154.46915010358515,2012-11-17T00:00:00Z,1.1647504151266155
urn:ioos:station:GOA_RUNOFF_DISCHARGE,urn:ioos:sensor:GOA_RUNOFF_DISCHARGE:q,58.069320239858385,-154.46915010358515,2012-11-18T00:00:00Z,0.7562172414578264
urn:ioos:station:GOA_RUNOFF_DISCHARGE,urn:ioos:sensor:GOA_RUNOFF_DISCHARGE:q,58.069320239858385,-154.46915010358515,2012-11-19T00:00:00Z,0.49094621236095076
urn:ioos:station:GOA_RUNOFF_DISCHARGE,urn:ioos:sensor:GOA_RUNOFF_DISCHARGE:q,58.069320239858385,-154.46915010358515,2012-11-20T00:00:00Z,0.3187270374825287
urn:ioos:station:GOA_RUNOFF_DISCHARGE,urn:ioos:sensor:GOA_RUNOFF_DISCHARGE:q,58.069320239858385,-154.46915010358515,2012-11-21T00:00:00Z,0.20692057619204213
urn:ioos:station:GOA_RUNOFF_DISCHARGE,urn:ioos:sensor:GOA_RUNOFF_DISCHARGE:q,58.069320239858385,-154.46915010358515,2012-11-22T00:00:00Z,0.13433478373840196
urn:ioos:station:GOA_RUNOFF_DISCHARGE,urn:ioos:sensor:GOA_RUNOFF_DISCHARGE:q,58.069320239858385,-154.46915010358515,2012-11-23T00:00:00Z,0.08721139698603114
urn:ioos:station:GOA_RUNOFF_DISCHARGE,urn:ioos:sensor:GOA_RUNOFF_DISCHARGE:q,58.069320239858385,-154.46915010358515,2012-11-24T00:00:00Z,0.05661845881526828
urn:ioos:station:GOA_RUNOFF_DISCHARGE,urn:ioos:sensor:GOA_RUNOFF_DISCHARGE:q,58.069320239858385,-154.46915010358515,2012-11-25T00:00:00Z,0.03675723624068235
urn:ioos:station:GOA_RUNOFF_DISCHARGE,urn:ioos:sensor:GOA_RUNOFF_DISCHARGE:q,58.069320239858385,-154.46915010358515,2012-11-26T00:00:00Z,0.023863142735582328
urn:ioos:station:GOA_RUNOFF_DISCHARGE,urn:ioos:sensor:GOA_RUNOFF_DISCHARGE:q,58.069320239858385,-154.46915010358515,2012-11-27T00:00:00Z,1.0623115467926405
urn:ioos:station:GOA_RUNOFF_DISCHARGE,urn:ioos:sensor:GOA_RUNOFF_DISCHARGE:q,58.069320239858385,-154.46915010358515,2012-11-28T00:00:00Z,0.7184771112131583
urn:ioos:station:GOA_RUNOFF_DISCHARGE,urn:ioos:sensor:GOA_RUNOFF_DISCHARGE:q,58.069320239858385,-154.46915010358515,2012-11-29T00:00:00Z,0.46805147792787877
urn:ioos:station:GOA_RUNOFF_DISCHARGE,urn:ioos:sensor:GOA_RUNOFF_DISCHARGE:q,58.069320239858385,-154.46915010358515,2012-11-30T00:00:00Z,0.30395373511809387
urn:ioos:station:GOA_RUNOFF_DISCHARGE,urn:ioos:sensor:GOA_RUNOFF_DISCHARGE:q,58.069320239858385,-154.46915010358515,2012-12-01T00:00:00Z,0.19733469664391998
urn:ioos:station:GOA_RUNOFF_DISCHARGE,urn:ioos:sensor:GOA_RUNOFF_DISCHARGE:q,58.069320239858385,-154.46915010358515,2012-12-02T00:00:00Z,0.12811181518579318
urn:ioos:station:GOA_RUNOFF_DISCHARGE,urn:ioos:sensor:GOA_RUNOFF_DISCHARGE:q,58.069320239858385,-154.46915010358515,2012-12-03T00:00:00Z,0.08317140946223875
urn:ioos:station:GOA_RUNOFF_DISCHARGE,urn:ioos:sensor:GOA_RUNOFF_DISCHARGE:q,58.069320239858385,-154.46915010358515,2012-12-04T00:00:00Z,0.053995660891448964
urn:ioos:station:GOA_RUNOFF_DISCHARGE,urn:ioos:sensor:GOA_RUNOFF_DISCHARGE:q,58.069320239858385,-154.46915010358515,2012-12-05T00:00:00Z,0.03505448900234351
urn:ioos:station:GOA_RUNOFF_DISCHARGE,urn:ioos:sensor:GOA_RUNOFF_DISCHARGE:q,58.069320239858385,-154.46915010358515,2012-12-06T00:00:00Z,0.022757700971576603
urn:ioos:station:GOA_RUNOFF_DISCHARGE,urn:ioos:sensor:GOA_RUNOFF_DISCHARGE:q,58.069320239858385,-154.46915010358515,2012-12-07T00:00:00Z,0.014774514131288708
urn:ioos:station:GOA_RUNOFF_DISCHARGE,urn:ioos:sensor:GOA_RUNOFF_DISCHARGE:q,58.069320239858385,-154.46915010358515,2012-12-08T00:00:00Z,10.105403741073136
urn:ioos:station:GOA_RUNOFF_DISCHARGE,urn:ioos:sensor:GOA_RUNOFF_DISCHARGE:q,58.069320239858385,-154.46915010358515,2012-12-09T00:00:00Z,12.350457885682413
urn:ioos:station:GOA_RUNOFF_DISCHARGE,urn:ioos:sensor:GOA_RUNOFF_DISCHARGE:q,58.069320239858385,-154.46915010358515,2012-12-10T00:00:00Z,9.040595103549528
urn:ioos:station:GOA_RUNOFF_DISCHARGE,urn:ioos:sensor:GOA_RUNOFF_DISCHARGE:q,58.069320239858385,-154.46915010358515,2012-12-11T00:00:00Z,6.524260158256033
urn:ioos:station:GOA_RUNOFF_DISCHARGE,urn:ioos:sensor:GOA_RUNOFF_DISCHARGE:q,58.069320239858385,-154.46915010358515,2012-12-12T00:00:00Z,5.5896959633578
urn:ioos:station:GOA_RUNOFF_DISCHARGE,urn:ioos:sensor:GOA_RUNOFF_DISCHARGE:q,58.069320239858385,-154.46915010358515,2012-12-13T00:00:00Z,4.253205801354254
urn:ioos:station:GOA_RUNOFF_DISCHARGE,urn:ioos:sensor:GOA_RUNOFF_DISCHARGE:q,58.069320239858385,-154.46915010358515,2012-12-14T00:00:00Z,2.758965441715105
urn:ioos:station:GOA_RUNOFF_DISCHARGE,urn:ioos:sensor:GOA_RUNOFF_DISCHARGE:q,58.069320239858385,-154.46915010358515,2012-12-15T00:00:00Z,1.7910197443056037
urn:ioos:station:GOA_RUNOFF_DISCHARGE,urn:ioos:sensor:GOA_RUNOFF_DISCHARGE:q,58.069320239858385,-154.46915010358515,2012-12-16T00:00:00Z,1.275591195874753
urn:ioos:station:GOA_RUNOFF_DISCHARGE,urn:ioos:sensor:GOA_RUNOFF_DISCHARGE:q,58.069320239858385,-154.46915010358515,2012-12-17T00:00:00Z,0.8234262917953261
urn:ioos:station:GOA_RUNOFF_DISCHARGE,urn:ioos:sensor:GOA_RUNOFF_DISCHARGE:q,58.069320239858385,-154.46915010358515,2012-12-18T00:00:00Z,0.5343122626319128
urn:ioos:station:GOA_RUNOFF_DISCHARGE,urn:ioos:sensor:GOA_RUNOFF_DISCHARGE:q,58.069320239858385,-154.46915010358515,2012-12-19T00:00:00Z,0.3468657808522787
urn:ioos:station:GOA_RUNOFF_DISCHARGE,urn:ioos:sensor:GOA_RUNOFF_DISCHARGE:q,58.069320239858385,-154.46915010358515,2012-12-20T00:00:00Z,0.22518764803871166
urn:ioos:station:GOA_RUNOFF_DISCHARGE,urn:ioos:sensor:GOA_RUNOFF_DISCHARGE:q,58.069320239858385,-154.46915010358515,2012-12-21T00:00:00Z,0.14619390090401418
urn:ioos:station:GOA_RUNOFF_DISCHARGE,urn:ioos:sensor:GOA_RUNOFF_DISCHARGE:q,58.069320239858385,-154.46915010358515,2012-12-22T00:00:00Z,0.09491043940205351
urn:ioos:station:GOA_RUNOFF_DISCHARGE,urn:ioos:sensor:GOA_RUNOFF_DISCHARGE:q,58.069320239858385,-154.46915010358515,2012-12-23T00:00:00Z,0.06161674733432614
urn:ioos:station:GOA_RUNOFF_DISCHARGE,urn:ioos:sensor:GOA_RUNOFF_DISCHARGE:q,58.069320239858385,-154.46915010358515,2012-12-24T00:00:00Z,0.04000217315090015
urn:ioos:station:GOA_RUNOFF_DISCHARGE,urn:ioos:sensor:GOA_RUNOFF_DISCHARGE:q,58.069320239858385,-154.46915010358515,2012-12-25T00:00:00Z,0.025969785535976286
urn:ioos:station:GOA_RUNOFF_DISCHARGE,urn:ioos:sensor:GOA_RUNOFF_DISCHARGE:q,58.069320239858385,-154.46915010358515,2012-12-26T00:00:00Z,4.02578491736553
urn:ioos:station:GOA_RUNOFF_DISCHARGE,urn:ioos:sensor:GOA_RUNOFF_DISCHARGE:q,58.069320239858385,-154.46915010358515,2012-12-27T00:00:00Z,7.962311306161239
urn:ioos:station:GOA_RUNOFF_DISCHARGE,urn:ioos:sensor:GOA_RUNOFF_DISCHARGE:q,58.069320239858385,-154.46915010358515,2012-12-28T00:00:00Z,6.162239492843167
urn:ioos:station:GOA_RUNOFF_DISCHARGE,urn:ioos:sensor:GOA_RUNOFF_DISCHARGE:q,58.069320239858385,-154.46915010358515,2012-12-29T00:00:00Z,9.05931308833442
urn:ioos:station:GOA_RUNOFF_DISCHARGE,urn:ioos:sensor:GOA_RUNOFF_DISCHARGE:q,58.069320239858385,-154.46915010358515,2012-12-30T00:00:00Z,10.911054854085545
urn:ioos:station:GOA_RUNOFF_DISCHARGE,urn:ioos:sensor:GOA_RUNOFF_DISCHARGE:q,58.069320239858385,-154.46915010358515,2012-12-31T00:00:00Z,10.37257258412145
urn:ioos:station:GOA_RUNOFF_DISCHARGE,urn:ioos:sensor:GOA_RUNOFF_DISCHARGE:q,58.069320239858385,-154.46915010358515,2013-01-01T00:00:00Z,12.164102113295211
urn:ioos:station:GOA_RUNOFF_DISCHARGE,urn:ioos:sensor:GOA_RUNOFF_DISCHARGE:q,58.069320239858385,-154.46915010358515,2013-01-02T00:00:00Z,10.304244835557789
urn:ioos:station:GOA_RUNOFF_DISCHARGE,urn:ioos:sensor:GOA_RUNOFF_DISCHARGE:q,58.069320239858385,-154.46915010358515,2013-01-03T00:00:00Z,8.485446091552623
urn:ioos:station:GOA_RUNOFF_DISCHARGE,urn:ioos:sensor:GOA_RUNOFF_DISCHARGE:q,58.069320239858385,-154.46915010358515,2013-01-04T00:00:00Z,6.547227446587115
urn:ioos:station:GOA_RUNOFF_DISCHARGE,urn:ioos:sensor:GOA_RUNOFF_DISCHARGE:q,58.069320239858385,-154.46915010358515,2013-01-05T00:00:00Z,5.991739542765597
urn:ioos:station:GOA_RUNOFF_DISCHARGE,urn:ioos:sensor:GOA_RUNOFF_DISCHARGE:q,58.069320239858385,-154.46915010358515,2013-01-06T00:00:00Z,4.8784162251387135
urn:ioos:station:GOA_RUNOFF_DISCHARGE,urn:ioos:sensor:GOA_RUNOFF_DISCHARGE:q,58.069320239858385,-154.46915010358515,2013-01-07T00:00:00Z,4.2012622095597125
urn:ioos:station:GOA_RUNOFF_DISCHARGE,urn:ioos:sensor:GOA_RUNOFF_DISCHARGE:q,58.069320239858385,-154.46915010358515,2013-01-08T00:00:00Z,2.7560230292347923
urn:ioos:station:GOA_RUNOFF_DISCHARGE,urn:ioos:sensor:GOA_RUNOFF_DISCHARGE:q,58.069320239858385,-154.46915010358515,2013-01-09T00:00:00Z,2.7909449371709
urn:ioos:station:GOA_RUNOFF_DISCHARGE,urn:ioos:sensor:GOA_RUNOFF_DISCHARGE:q,58.069320239858385,-154.46915010358515,2013-01-10T00:00:00Z,3.2953493713831707
urn:ioos:station:GOA_RUNOFF_DISCHARGE,urn:ioos:sensor:GOA_RUNOFF_DISCHARGE:q,58.069320239858385,-154.46915010358515,2013-01-11T00:00:00Z,3.221456745420009
urn:ioos:station:GOA_RUNOFF_DISCHARGE,urn:ioos:sensor:GOA_RUNOFF_DISCHARGE:q,58.069320239858385,-154.46915010358515,2013-01-12T00:00:00Z,5.172740091207965
urn:ioos:station:GOA_RUNOFF_DISCHARGE,urn:ioos:sensor:GOA_RUNOFF_DISCHARGE:q,58.069320239858385,-154.46915010358515,2013-01-13T00:00:00Z,8.456726061875788
urn:ioos:station:GOA_RUNOFF_DISCHARGE,urn:ioos:sensor:GOA_RUNOFF_DISCHARGE:q,58.069320239858385,-154.46915010358515,2013-01-14T00:00:00Z,8.540483386820608
urn:ioos:station:GOA_RUNOFF_DISCHARGE,urn:ioos:sensor:GOA_RUNOFF_DISCHARGE:q,58.069320239858385,-154.46915010358515,2013-01-15T00:00:00Z,5.633206726752626
urn:ioos:station:GOA_RUNOFF_DISCHARGE,urn:ioos:sensor:GOA_RUNOFF_DISCHARGE:q,58.069320239858385,-154.46915010358515,2013-01-16T00:00:00Z,4.097140590709969
urn:ioos:station:GOA_RUNOFF_DISCHARGE,urn:ioos:sensor:GOA_RUNOFF_DISCHARGE:q,58.069320239858385,-154.46915010358515,2013-01-17T00:00:00Z,2.6720391624724322
urn:ioos:station:GOA_RUNOFF_DISCHARGE,urn:ioos:sensor:GOA_RUNOFF_DISCHARGE:q,58.069320239858385,-154.46915010358515,2013-01-18T00:00:00Z,1.7353943875251892
urn:ioos:station:GOA_RUNOFF_DISCHARGE,urn:ioos:sensor:GOA_RUNOFF_DISCHARGE:q,58.069320239858385,-154.46915010358515,2013-01-19T00:00:00Z,3.9500770625995707
urn:ioos:station:GOA_RUNOFF_DISCHARGE,urn:ioos:sensor:GOA_RUNOFF_DISCHARGE:q,58.069320239858385,-154.46915010358515,2013-01-20T00:00:00Z,6.07902365809637
urn:ioos:station:GOA_RUNOFF_DISCHARGE,urn:ioos:sensor:GOA_RUNOFF_DISCHARGE:q,58.069320239858385,-154.46915010358515,2013-01-21T00:00:00Z,5.216520284127949
urn:ioos:station:GOA_RUNOFF_DISCHARGE,urn:ioos:sensor:GOA_RUNOFF_DISCHARGE:q,58.069320239858385,-154.46915010358515,2013-01-22T00:00:00Z,7.388358007734665
urn:ioos:station:GOA_RUNOFF_DISCHARGE,urn:ioos:sensor:GOA_RUNOFF_DISCHARGE:q,58.069320239858385,-154.46915010358515,2013-01-23T00:00:00Z,6.494576602289034
urn:ioos:station:GOA_RUNOFF_DISCHARGE,urn:ioos:sensor:GOA_RUNOFF_DISCHARGE:q,58.069320239858385,-154.46915010358515,2013-01-24T00:00:00Z,5.015161181288062
urn:ioos:station:GOA_RUNOFF_DISCHARGE,urn:ioos:sensor:GOA_RUNOFF_DISCHARGE:q,58.069320239858385,-154.46915010358515,2013-01-25T00:00:00Z,3.261775663531935
urn:ioos:station:GOA_RUNOFF_DISCHARGE,urn:ioos:sensor:GOA_RUNOFF_DISCHARGE:q,58.069320239858385,-154.46915010358515,2013-01-26T00:00:00Z,2.3233007937973524
urn:ioos:station:GOA_RUNOFF_DISCHARGE,urn:ioos:sensor:GOA_RUNOFF_DISCHARGE:q,58.069320239858385,-154.46915010358515,2013-01-27T00:00:00Z,1.6458831372181482
urn:ioos:station:GOA_RUNOFF_DISCHARGE,urn:ioos:sensor:GOA_RUNOFF_DISCHARGE:q,58.069320239858385,-154.46915010358515,2013-01-28T00:00:00Z,1.0616125824043772
urn:ioos:station:GOA_RUNOFF_DISCHARGE,urn:ioos:sensor:GOA_RUNOFF_DISCHARGE:q,58.069320239858385,-154.46915010358515,2013-01-29T00:00:00Z,0.688820919182308
urn:ioos:station:GOA_RUNOFF_DISCHARGE,urn:ioos:sensor:GOA_RUNOFF_DISCHARGE:q,58.069320239858385,-154.46915010358515,2013-01-30T00:00:00Z,0.4471672363467811
urn:ioos:station:GOA_RUNOFF_DISCHARGE,urn:ioos:sensor:GOA_RUNOFF_DISCHARGE:q,58.069320239858385,-154.46915010358515,2013-01-31T00:00:00Z,0.29030393282438566
urn:ioos:station:GOA_RUNOFF_DISCHARGE,urn:ioos:sensor:GOA_RUNOFF_DISCHARGE:q,58.069320239858385,-154.46915010358515,2013-02-01T00:00:00Z,6.841573940526644
urn:ioos:station:GOA_RUNOFF_DISCHARGE,urn:ioos:sensor:GOA_RUNOFF_DISCHARGE:q,58.069320239858385,-154.46915010358515,2013-02-02T00:00:00Z,10.408963461822164
urn:ioos:station:GOA_RUNOFF_DISCHARGE,urn:ioos:sensor:GOA_RUNOFF_DISCHARGE:q,58.069320239858385,-154.46915010358515,2013-02-03T00:00:00Z,9.770207100299716
urn:ioos:station:GOA_RUNOFF_DISCHARGE,urn:ioos:sensor:GOA_RUNOFF_DISCHARGE:q,58.069320239858385,-154.46915010358515,2013-02-04T00:00:00Z,8.577238941593459
urn:ioos:station:GOA_RUNOFF_DISCHARGE,urn:ioos:sensor:GOA_RUNOFF_DISCHARGE:q,58.069320239858385,-154.46915010358515,2013-02-05T00:00:00Z,7.4229249738451495
urn:ioos:station:GOA_RUNOFF_DISCHARGE,urn:ioos:sensor:GOA_RUNOFF_DISCHARGE:q,58.069320239858385,-154.46915010358515,2013-02-06T00:00:00Z,4.854560661341877
urn:ioos:station:GOA_RUNOFF_DISCHARGE,urn:ioos:sensor:GOA_RUNOFF_DISCHARGE:q,58.069320239858385,-154.46915010358515,2013-02-07T00:00:00Z,3.153590763278859
urn:ioos:station:GOA_RUNOFF_DISCHARGE,urn:ioos:sensor:GOA_RUNOFF_DISCHARGE:q,58.069320239858385,-154.46915010358515,2013-02-08T00:00:00Z,2.047450873563203
urn:ioos:station:GOA_RUNOFF_DISCHARGE,urn:ioos:sensor:GOA_RUNOFF_DISCHARGE:q,58.069320239858385,-154.46915010358515,2013-02-09T00:00:00Z,6.843347334080906
urn:ioos:station:GOA_RUNOFF_DISCHARGE,urn:ioos:sensor:GOA_RUNOFF_DISCHARGE:q,58.069320239858385,-154.46915010358515,2013-02-10T00:00:00Z,6.254649610135976
urn:ioos:station:GOA_RUNOFF_DISCHARGE,urn:ioos:sensor:GOA_RUNOFF_DISCHARGE:q,58.069320239858385,-154.46915010358515,2013-02-11T00:00:00Z,4.116266929618928
urn:ioos:station:GOA_RUNOFF_DISCHARGE,urn:ioos:sensor:GOA_RUNOFF_DISCHARGE:q,58.069320239858385,-154.46915010358515,2013-02-12T00:00:00Z,3.735785605666878
urn:ioos:station:GOA_RUNOFF_DISCHARGE,urn:ioos:sensor:GOA_RUNOFF_DISCHARGE:q,58.069320239858385,-154.46915010358515,2013-02-13T00:00:00Z,3.523409624264604
urn:ioos:station:GOA_RUNOFF_DISCHARGE,urn:ioos:sensor:GOA_RUNOFF_DISCHARGE:q,58.069320239858385,-154.46915010358515,2013-02-14T00:00:00Z,4.0536619273171635
urn:ioos:station:GOA_RUNOFF_DISCHARGE,urn:ioos:sensor:GOA_RUNOFF_DISCHARGE:q,58.069320239858385,-154.46915010358515,2013-02-15T00:00:00Z,2.6880131233140903
urn:ioos:station:GOA_RUNOFF_DISCHARGE,urn:ioos:sensor:GOA_RUNOFF_DISCHARGE:q,58.069320239858385,-154.46915010358515,2013-02-16T00:00:00Z,1.7482459653834017
urn:ioos:station:GOA_RUNOFF_DISCHARGE,urn:ioos:sensor:GOA_RUNOFF_DISCHARGE:q,58.069320239858385,-154.46915010358515,2013-02-17T00:00:00Z,1.1351551341651733
urn:ioos:station:GOA_RUNOFF_DISCHARGE,urn:ioos:sensor:GOA_RUNOFF_DISCHARGE:q,58.069320239858385,-154.46915010358515,2013-02-18T00:00:00Z,0.7369632918850966
urn:ioos:station:GOA_RUNOFF_DISCHARGE,urn:ioos:sensor:GOA_RUNOFF_DISCHARGE:q,58.069320239858385,-154.46915010358515,2013-02-19T00:00:00Z,3.688985907638777
urn:ioos:station:GOA_RUNOFF_DISCHARGE,urn:ioos:sensor:GOA_RUNOFF_DISCHARGE:q,58.069320239858385,-154.46915010358515,2013-02-20T00:00:00Z,2.482433922667556
urn:ioos:station:GOA_RUNOFF_DISCHARGE,urn:ioos:sensor:GOA_RUNOFF_DISCHARGE:q,58.069320239858385,-154.46915010358515,2013-02-21T00:00:00Z,1.6165316320917245
urn:ioos:station:GOA_RUNOFF_DISCHARGE,urn:ioos:sensor:GOA_RUNOFF_DISCHARGE:q,58.069320239858385,-154.46915010358515,2013-02-22T00:00:00Z,1.0497432119850456
urn:ioos:station:GOA_RUNOFF_DISCHARGE,urn:ioos:sensor:GOA_RUNOFF_DISCHARGE:q,58.069320239858385,-154.46915010358515,2013-02-23T00:00:00Z,0.6815186949521268
urn:ioos:station:GOA_RUNOFF_DISCHARGE,urn:ioos:sensor:GOA_RUNOFF_DISCHARGE:q,58.069320239858385,-154.46915010358515,2013-02-24T00:00:00Z,0.44244919383665626
urn:ioos:station:GOA_RUNOFF_DISCHARGE,urn:ioos:sensor:GOA_RUNOFF_DISCHARGE:q,58.069320239858385,-154.46915010358515,2013-02-25T00:00:00Z,1.913175907323444
urn:ioos:station:GOA_RUNOFF_DISCHARGE,urn:ioos:sensor:GOA_RUNOFF_DISCHARGE:q,58.069320239858385,-154.46915010358515,2013-02-26T00:00:00Z,9.478469652426071
urn:ioos:station:GOA_RUNOFF_DISCHARGE,urn:ioos:sensor:GOA_RUNOFF_DISCHARGE:q,58.069320239858385,-154.46915010358515,2013-02-27T00:00:00Z,7.559644670976515
urn:ioos:station:GOA_RUNOFF_DISCHARGE,urn:ioos:sensor:GOA_RUNOFF_DISCHARGE:q,58.069320239858385,-154.46915010358515,2013-02-28T00:00:00Z,4.955775125090576
urn:ioos:station:GOA_RUNOFF_DISCHARGE,urn:ioos:sensor:GOA_RUNOFF_DISCHARGE:q,58.069320239858385,-154.46915010358515,2013-03-01T00:00:00Z,3.220029347789168
urn:ioos:station:GOA_RUNOFF_DISCHARGE,urn:ioos:sensor:GOA_RUNOFF_DISCHARGE:q,58.069320239858385,-154.46915010358515,2013-03-02T00:00:00Z,2.7299570382496245
urn:ioos:station:GOA_RUNOFF_DISCHARGE,urn:ioos:sensor:GOA_RUNOFF_DISCHARGE:q,58.069320239858385,-154.46915010358515,2013-03-03T00:00:00Z,5.993060905143861
urn:ioos:station:GOA_RUNOFF_DISCHARGE,urn:ioos:sensor:GOA_RUNOFF_DISCHARGE:q,58.069320239858385,-154.46915010358515,2013-03-04T00:00:00Z,6.858032821890632
urn:ioos:station:GOA_RUNOFF_DISCHARGE,urn:ioos:sensor:GOA_RUNOFF_DISCHARGE:q,58.069320239858385,-154.46915010358515,2013-03-05T00:00:00Z,5.888263344448287
urn:ioos:station:GOA_RUNOFF_DISCHARGE,urn:ioos:sensor:GOA_RUNOFF_DISCHARGE:q,58.069320239858385,-154.46915010358515,2013-03-06T00:00:00Z,5.375449499050889
urn:ioos:station:GOA_RUNOFF_DISCHARGE,urn:ioos:sensor:GOA_RUNOFF_DISCHARGE:q,58.069320239858385,-154.46915010358515,2013-03-07T00:00:00Z,7.634485036343601
urn:ioos:station:GOA_RUNOFF_DISCHARGE,urn:ioos:sensor:GOA_RUNOFF_DISCHARGE:q,58.069320239858385,-154.46915010358515,2013-03-08T00:00:00Z,7.499988659024329
urn:ioos:station:GOA_RUNOFF_DISCHARGE,urn:ioos:sensor:GOA_RUNOFF_DISCHARGE:q,58.069320239858385,-154.46915010358515,2013-03-09T00:00:00Z,5.985311648918325
urn:ioos:station:GOA_RUNOFF_DISCHARGE,urn:ioos:sensor:GOA_RUNOFF_DISCHARGE:q,58.069320239858385,-154.46915010358515,2013-03-10T00:00:00Z,4.702281935362188
urn:ioos:station:GOA_RUNOFF_DISCHARGE,urn:ioos:sensor:GOA_RUNOFF_DISCHARGE:q,58.069320239858385,-154.46915010358515,2013-03-11T00:00:00Z,3.373006117255423
urn:ioos:station:GOA_RUNOFF_DISCHARGE,urn:ioos:sensor:GOA_RUNOFF_DISCHARGE:q,58.069320239858385,-154.46915010358515,2013-03-12T00:00:00Z,2.391867713687546
urn:ioos:station:GOA_RUNOFF_DISCHARGE,urn:ioos:sensor:GOA_RUNOFF_DISCHARGE:q,58.069320239858385,-154.46915010358515,2013-03-13T00:00:00Z,1.6933996914389173
urn:ioos:station:GOA_RUNOFF_DISCHARGE,urn:ioos:sensor:GOA_RUNOFF_DISCHARGE:q,58.069320239858385,-154.46915010358515,2013-03-14T00:00:00Z,1.7718561746565962
urn:ioos:station:GOA_RUNOFF_DISCHARGE,urn:ioos:sensor:GOA_RUNOFF_DISCHARGE:q,58.069320239858385,-154.46915010358515,2013-03-15T00:00:00Z,1.1684271809318456
urn:ioos:station:GOA_RUNOFF_DISCHARGE,urn:ioos:sensor:GOA_RUNOFF_DISCHARGE:q,58.069320239858385,-154.46915010358515,2013-03-16T00:00:00Z,1.498318375469639
urn:ioos:station:GOA_RUNOFF_DISCHARGE,urn:ioos:sensor:GOA_RUNOFF_DISCHARGE:q,58.069320239858385,-154.46915010358515,2013-03-17T00:00:00Z,1.0879807607036502
urn:ioos:station:GOA_RUNOFF_DISCHARGE,urn:ioos:sensor:GOA_RUNOFF_DISCHARGE:q,58.069320239858385,-154.46915010358515,2013-03-18T00:00:00Z,0.7728118242647832
urn:ioos:station:GOA_RUNOFF_DISCHARGE,urn:ioos:sensor:GOA_RUNOFF_DISCHARGE:q,58.069320239858385,-154.46915010358515,2013-03-19T00:00:00Z,0.5472667512548004
urn:ioos:station:GOA_RUNOFF_DISCHARGE,urn:ioos:sensor:GOA_RUNOFF_DISCHARGE:q,58.069320239858385,-154.46915010358515,2013-03-20T00:00:00Z,0.38738032479619183
urn:ioos:station:GOA_RUNOFF_DISCHARGE,urn:ioos:sensor:GOA_RUNOFF_DISCHARGE:q,58.069320239858385,-154.46915010358515,2013-03-21T00:00:00Z,0.27418879446359445
urn:ioos:station:GOA_RUNOFF_DISCHARGE,urn:ioos:sensor:GOA_RUNOFF_DISCHARGE:q,58.069320239858385,-154.46915010358515,2013-03-22T00:00:00Z,0.551181076808592
urn:ioos:station:GOA_RUNOFF_DISCHARGE,urn:ioos:sensor:GOA_RUNOFF_DISCHARGE:q,58.069320239858385,-154.46915010358515,2013-03-23T00:00:00Z,0.37183175476000163
urn:ioos:station:GOA_RUNOFF_DISCHARGE,urn:ioos:sensor:GOA_RUNOFF_DISCHARGE:q,58.069320239858385,-154.46915010358515,2013-03-24T00:00:00Z,0.24218254352455748
urn:ioos:station:GOA_RUNOFF_DISCHARGE,urn:ioos:sensor:GOA_RUNOFF_DISCHARGE:q,58.069320239858385,-154.46915010358515,2013-03-25T00:00:00Z,0.15727127941897995
urn:ioos:station:GOA_RUNOFF_DISCHARGE,urn:ioos:sensor:GOA_RUNOFF_DISCHARGE:q,58.069320239858385,-154.46915010358515,2013-03-26T00:00:00Z,0.10210447412747319
urn:ioos:station:GOA_RUNOFF_DISCHARGE,urn:ioos:sensor:GOA_RUNOFF_DISCHARGE:q,58.069320239858385,-154.46915010358515,2013-03-27T00:00:00Z,0.06628732229535625
urn:ioos:station:GOA_RUNOFF_DISCHARGE,urn:ioos:sensor:GOA_RUNOFF_DISCHARGE:q,58.069320239858385,-154.46915010358515,2013-03-28T00:00:00Z,3.2345724905079662
urn:ioos:station:GOA_RUNOFF_DISCHARGE,urn:ioos:sensor:GOA_RUNOFF_DISCHARGE:q,58.069320239858385,-154.46915010358515,2013-03-29T00:00:00Z,2.9099159643324923
urn:ioos:station:GOA_RUNOFF_DISCHARGE,urn:ioos:sensor:GOA_RUNOFF_DISCHARGE:q,58.069320239858385,-154.46915010358515,2013-03-30T00:00:00Z,2.0969036893812736
urn:ioos:station:GOA_RUNOFF_DISCHARGE,urn:ioos:sensor:GOA_RUNOFF_DISCHARGE:q,58.069320239858385,-154.46915010358515,2013-03-31T00:00:00Z,1.4879017932565175
urn:ioos:station:GOA_RUNOFF_DISCHARGE,urn:ioos:sensor:GOA_RUNOFF_DISCHARGE:q,58.069320239858385,-154.46915010358515,2013-04-01T00:00:00Z,1.0268825509147745
urn:ioos:station:GOA_RUNOFF_DISCHARGE,urn:ioos:sensor:GOA_RUNOFF_DISCHARGE:q,58.069320239858385,-154.46915010358515,2013-04-02T00:00:00Z,0.7329006682686906
urn:ioos:station:GOA_RUNOFF_DISCHARGE,urn:ioos:sensor:GOA_RUNOFF_DISCHARGE:q,58.069320239858385,-154.46915010358515,2013-04-03T00:00:00Z,0.5193507674277621
urn:ioos:station:GOA_RUNOFF_DISCHARGE,urn:ioos:sensor:GOA_RUNOFF_DISCHARGE:q,58.069320239858385,-154.46915010358515,2013-04-04T00:00:00Z,0.3676547419970504
urn:ioos:station:GOA_RUNOFF_DISCHARGE,urn:ioos:sensor:GOA_RUNOFF_DISCHARGE:q,58.069320239858385,-154.46915010358515,2013-04-05T00:00:00Z,0.26023045721193877
urn:ioos:station:GOA_RUNOFF_DISCHARGE,urn:ioos:sensor:GOA_RUNOFF_DISCHARGE:q,58.069320239858385,-154.46915010358515,2013-04-06T00:00:00Z,0.17266865713007853
urn:ioos:station:GOA_RUNOFF_DISCHARGE,urn:ioos:sensor:GOA_RUNOFF_DISCHARGE:q,58.069320239858385,-154.46915010358515,2013-04-07T00:00:00Z,0.12304952810994008
urn:ioos:station:GOA_RUNOFF_DISCHARGE,urn:ioos:sensor:GOA_RUNOFF_DISCHARGE:q,58.069320239858385,-154.46915010358515,2013-04-08T00:00:00Z,0.08717733184556702
urn:ioos:station:GOA_RUNOFF_DISCHARGE,urn:ioos:sensor:GOA_RUNOFF_DISCHARGE:q,58.069320239858385,-154.46915010358515,2013-04-09T00:00:00Z,0.056230915425092974
urn:ioos:station:GOA_RUNOFF_DISCHARGE,urn:ioos:sensor:GOA_RUNOFF_DISCHARGE:q,58.069320239858385,-154.46915010358515,2013-04-10T00:00:00Z,0.036485122122630095
urn:ioos:station:GOA_RUNOFF_DISCHARGE,urn:ioos:sensor:GOA_RUNOFF_DISCHARGE:q,58.069320239858385,-154.46915010358515,2013-04-11T00:00:00Z,0.023685330595802637
urn:ioos:station:GOA_RUNOFF_DISCHARGE,urn:ioos:sensor:GOA_RUNOFF_DISCHARGE:q,58.069320239858385,-154.46915010358515,2013-04-12T00:00:00Z,0.016869079347034042
urn:ioos:station:GOA_RUNOFF_DISCHARGE,urn:ioos:sensor:GOA_RUNOFF_DISCHARGE:q,58.069320239858385,-154.46915010358515,2013-04-13T00:00:00Z,0.011950316239616681
urn:ioos:station:GOA_RUNOFF_DISCHARGE,urn:ioos:sensor:GOA_RUNOFF_DISCHARGE:q,58.069320239858385,-154.46915010358515,2013-04-14T00:00:00Z,0.008459424575186033
urn:ioos:station:GOA_RUNOFF_DISCHARGE,urn:ioos:sensor:GOA_RUNOFF_DISCHARGE:q,58.069320239858385,-154.46915010358515,2013-04-15T00:00:00Z,0.0059876478490782006
urn:ioos:station:GOA_RUNOFF_DISCHARGE,urn:ioos:sensor:GOA_RUNOFF_DISCHARGE:q,58.069320239858385,-154.46915010358515,2013-04-16T00:00:00Z,0.004238040743707729
urn:ioos:station:GOA_RUNOFF_DISCHARGE,urn:ioos:sensor:GOA_RUNOFF_DISCHARGE:q,58.069320239858385,-154.46915010358515,2013-04-17T00:00:00Z,0.002999667693317582
urn:ioos:station:GOA_RUNOFF_DISCHARGE,urn:ioos:sensor:GOA_RUNOFF_DISCHARGE:q,58.069320239858385,-154.46915010358515,2013-04-18T00:00:00Z,0.002123151582090879
urn:ioos:station:GOA_RUNOFF_DISCHARGE,urn:ioos:sensor:GOA_RUNOFF_DISCHARGE:q,58.069320239858385,-154.46915010358515,2013-04-19T00:00:00Z,0.0015027572727361407
urn:ioos:station:GOA_RUNOFF_DISCHARGE,urn:ioos:sensor:GOA_RUNOFF_DISCHARGE:q,58.069320239858385,-154.46915010358515,2013-04-20T00:00:00Z,0.001063644993436202
urn:ioos:station:GOA_RUNOFF_DISCHARGE,urn:ioos:sensor:GOA_RUNOFF_DISCHARGE:q,58.069320239858385,-154.46915010358515,2013-04-21T00:00:00Z,0.2023641025957769
urn:ioos:station:GOA_RUNOFF_DISCHARGE,urn:ioos:sensor:GOA_RUNOFF_DISCHARGE:q,58.069320239858385,-154.46915010358515,2013-04-22T00:00:00Z,0.15276971458641725
urn:ioos:station:GOA_RUNOFF_DISCHARGE,urn:ioos:sensor:GOA_RUNOFF_DISCHARGE:q,58.069320239858385,-154.46915010358515,2013-04-23T00:00:00Z,0.8048282215671638
urn:ioos:station:GOA_RUNOFF_DISCHARGE,urn:ioos:sensor:GOA_RUNOFF_DISCHARGE:q,58.069320239858385,-154.46915010358515,2013-04-24T00:00:00Z,0.6026614879387298
urn:ioos:station:GOA_RUNOFF_DISCHARGE,urn:ioos:sensor:GOA_RUNOFF_DISCHARGE:q,58.069320239858385,-154.46915010358515,2013-04-25T00:00:00Z,0.4298571786997018
urn:ioos:station:GOA_RUNOFF_DISCHARGE,urn:ioos:sensor:GOA_RUNOFF_DISCHARGE:q,58.069320239858385,-154.46915010358515,2013-04-26T00:00:00Z,0.30458014560834734
urn:ioos:station:GOA_RUNOFF_DISCHARGE,urn:ioos:sensor:GOA_RUNOFF_DISCHARGE:q,58.069320239858385,-154.46915010358515,2013-04-27T00:00:00Z,0.21561337842984496
urn:ioos:station:GOA_RUNOFF_DISCHARGE,urn:ioos:sensor:GOA_RUNOFF_DISCHARGE:q,58.069320239858385,-154.46915010358515,2013-04-28T00:00:00Z,0.15261345730199039
urn:ioos:station:GOA_RUNOFF_DISCHARGE,urn:ioos:sensor:GOA_RUNOFF_DISCHARGE:q,58.069320239858385,-154.46915010358515,2013-04-29T00:00:00Z,0.10801945861868559
urn:ioos:station:GOA_RUNOFF_DISCHARGE,urn:ioos:sensor:GOA_RUNOFF_DISCHARGE:q,58.069320239858385,-154.46915010358515,2013-04-30T00:00:00Z,0.0764557256122191
urn:ioos:station:GOA_RUNOFF_DISCHARGE,urn:ioos:sensor:GOA_RUNOFF_DISCHARGE:q,58.069320239858385,-154.46915010358515,2013-05-01T00:00:00Z,0.07848664274826607
urn:ioos:station:GOA_RUNOFF_DISCHARGE,urn:ioos:sensor:GOA_RUNOFF_DISCHARGE:q,58.069320239858385,-154.46915010358515,2013-05-02T00:00:00Z,0.598811395278326
urn:ioos:station:GOA_RUNOFF_DISCHARGE,urn:ioos:sensor:GOA_RUNOFF_DISCHARGE:q,58.069320239858385,-154.46915010358515,2013-05-03T00:00:00Z,0.7179969267567002
urn:ioos:station:GOA_RUNOFF_DISCHARGE,urn:ioos:sensor:GOA_RUNOFF_DISCHARGE:q,58.069320239858385,-154.46915010358515,2013-05-04T00:00:00Z,0.5234642379735984
urn:ioos:station:GOA_RUNOFF_DISCHARGE,urn:ioos:sensor:GOA_RUNOFF_DISCHARGE:q,58.069320239858385,-154.46915010358515,2013-05-05T00:00:00Z,0.3720304393011977
urn:ioos:station:GOA_RUNOFF_DISCHARGE,urn:ioos:sensor:GOA_RUNOFF_DISCHARGE:q,58.069320239858385,-154.46915010358515,2013-05-06T00:00:00Z,0.26347374143250335
urn:ioos:station:GOA_RUNOFF_DISCHARGE,urn:ioos:sensor:GOA_RUNOFF_DISCHARGE:q,58.069320239858385,-154.46915010358515,2013-05-07T00:00:00Z,0.186500748625836
urn:ioos:station:GOA_RUNOFF_DISCHARGE,urn:ioos:sensor:GOA_RUNOFF_DISCHARGE:q,58.069320239858385,-154.46915010358515,2013-05-08T00:00:00Z,0.1320059220139267
urn:ioos:station:GOA_RUNOFF_DISCHARGE,urn:ioos:sensor:GOA_RUNOFF_DISCHARGE:q,58.069320239858385,-154.46915010358515,2013-05-09T00:00:00Z,0.09343335419124023
urn:ioos:station:GOA_RUNOFF_DISCHARGE,urn:ioos:sensor:GOA_RUNOFF_DISCHARGE:q,58.069320239858385,-154.46915010358515,2013-05-10T00:00:00Z,0.06613173102019262
urn:ioos:station:GOA_RUNOFF_DISCHARGE,urn:ioos:sensor:GOA_RUNOFF_DISCHARGE:q,58.069320239858385,-154.46915010358515,2013-05-11T00:00:00Z,0.04680774769561548
urn:ioos:station:GOA_RUNOFF_DISCHARGE,urn:ioos:sensor:GOA_RUNOFF_DISCHARGE:q,58.069320239858385,-154.46915010358515,2013-05-12T00:00:00Z,0.033130320406571906
urn:ioos:station:GOA_RUNOFF_DISCHARGE,urn:ioos:sensor:GOA_RUNOFF_DISCHARGE:q,58.069320239858385,-154.46915010358515,2013-05-13T00:00:00Z,0.023449493426755404
urn:ioos:station:GOA_RUNOFF_DISCHARGE,urn:ioos:sensor:GOA_RUNOFF_DISCHARGE:q,58.069320239858385,-154.46915010358515,2013-05-14T00:00:00Z,0.016597445207879834
urn:ioos:station:GOA_RUNOFF_DISCHARGE,urn:ioos:sensor:GOA_RUNOFF_DISCHARGE:q,58.069320239858385,-154.46915010358515,2013-05-15T00:00:00Z,0.011747598642326522
urn:ioos:station:GOA_RUNOFF_DISCHARGE,urn:ioos:sensor:GOA_RUNOFF_DISCHARGE:q,58.069320239858385,-154.46915010358515,2013-05-16T00:00:00Z,0.008314897481687152
urn:ioos:station:GOA_RUNOFF_DISCHARGE,urn:ioos:sensor:GOA_RUNOFF_DISCHARGE:q,58.069320239858385,-154.46915010358515,2013-05-17T00:00:00Z,0.005885248410959311
urn:ioos:station:GOA_RUNOFF_DISCHARGE,urn:ioos:sensor:GOA_RUNOFF_DISCHARGE:q,58.069320239858385,-154.46915010358515,2013-05-18T00:00:00Z,0.004165552624390361
urn:ioos:station:GOA_RUNOFF_DISCHARGE,urn:ioos:sensor:GOA_RUNOFF_DISCHARGE:q,58.069320239858385,-154.46915010358515,2013-05-19T00:00:00Z,0.002948359542194446
urn:ioos:station:GOA_RUNOFF_DISCHARGE,urn:ioos:sensor:GOA_RUNOFF_DISCHARGE:q,58.069320239858385,-154.46915010358515,2013-05-20T00:00:00Z,0.0020868359624091194
urn:ioos:station:GOA_RUNOFF_DISCHARGE,urn:ioos:sensor:GOA_RUNOFF_DISCHARGE:q,58.069320239858385,-154.46915010358515,2013-05-21T00:00:00Z,0.0014770532207850282
urn:ioos:station:GOA_RUNOFF_DISCHARGE,urn:ioos:sensor:GOA_RUNOFF_DISCHARGE:q,58.069320239858385,-154.46915010358515,2013-05-22T00:00:00Z,0.8906381048379177
urn:ioos:station:GOA_RUNOFF_DISCHARGE,urn:ioos:sensor:GOA_RUNOFF_DISCHARGE:q,58.069320239858385,-154.46915010358515,2013-05-23T00:00:00Z,0.6724721513498422
urn:ioos:station:GOA_RUNOFF_DISCHARGE,urn:ioos:sensor:GOA_RUNOFF_DISCHARGE:q,58.069320239858385,-154.46915010358515,2013-05-24T00:00:00Z,0.48017511588370865
urn:ioos:station:GOA_RUNOFF_DISCHARGE,urn:ioos:sensor:GOA_RUNOFF_DISCHARGE:q,58.069320239858385,-154.46915010358515,2013-05-25T00:00:00Z,0.3402854448847549
urn:ioos:station:GOA_RUNOFF_DISCHARGE,urn:ioos:sensor:GOA_RUNOFF_DISCHARGE:q,58.069320239858385,-154.46915010358515,2013-05-26T00:00:00Z,0.24089441583076238
urn:ioos:station:GOA_RUNOFF_DISCHARGE,urn:ioos:sensor:GOA_RUNOFF_DISCHARGE:q,58.069320239858385,-154.46915010358515,2013-05-27T00:00:00Z,0.9509678879390753
urn:ioos:station:GOA_RUNOFF_DISCHARGE,urn:ioos:sensor:GOA_RUNOFF_DISCHARGE:q,58.069320239858385,-154.46915010358515,2013-05-28T00:00:00Z,0.7100111303523392
urn:ioos:station:GOA_RUNOFF_DISCHARGE,urn:ioos:sensor:GOA_RUNOFF_DISCHARGE:q,58.069320239858385,-154.46915010358515,2013-05-29T00:00:00Z,0.5062295298189674
urn:ioos:station:GOA_RUNOFF_DISCHARGE,urn:ioos:sensor:GOA_RUNOFF_DISCHARGE:q,58.069320239858385,-154.46915010358515,2013-05-30T00:00:00Z,0.3586752268825919
urn:ioos:station:GOA_RUNOFF_DISCHARGE,urn:ioos:sensor:GOA_RUNOFF_DISCHARGE:q,58.069320239858385,-154.46915010358515,2013-05-31T00:00:00Z,0.2539054905740155
urn:ioos:station:GOA_RUNOFF_DISCHARGE,urn:ioos:sensor:GOA_RUNOFF_DISCHARGE:q,58.069320239858385,-154.46915010358515,2013-06-01T00:00:00Z,0.17971684404918564
urn:ioos:station:GOA_RUNOFF_DISCHARGE,urn:ioos:sensor:GOA_RUNOFF_DISCHARGE:q,58.069320239858385,-154.46915010358515,2013-06-02T00:00:00Z,0.47474880130030817
urn:ioos:station:GOA_RUNOFF_DISCHARGE,urn:ioos:sensor:GOA_RUNOFF_DISCHARGE:q,58.069320239858385,-154.46915010358515,2013-06-03T00:00:00Z,0.5952798688265013
urn:ioos:station:GOA_RUNOFF_DISCHARGE,urn:ioos:sensor:GOA_RUNOFF_DISCHARGE:q,58.069320239858385,-154.46915010358515,2013-06-04T00:00:00Z,0.43446458144876327
urn:ioos:station:GOA_RUNOFF_DISCHARGE,urn:ioos:sensor:GOA_RUNOFF_DISCHARGE:q,58.069320239858385,-154.46915010358515,2013-06-05T00:00:00Z,0.30882306862134934
urn:ioos:station:GOA_RUNOFF_DISCHARGE,urn:ioos:sensor:GOA_RUNOFF_DISCHARGE:q,58.069320239858385,-154.46915010358515,2013-06-06T00:00:00Z,0.21871449845088625
urn:ioos:station:GOA_RUNOFF_DISCHARGE,urn:ioos:sensor:GOA_RUNOFF_DISCHARGE:q,58.069320239858385,-154.46915010358515,2013-06-07T00:00:00Z,0.15481824396742538
urn:ioos:station:GOA_RUNOFF_DISCHARGE,urn:ioos:sensor:GOA_RUNOFF_DISCHARGE:q,58.069320239858385,-154.46915010358515,2013-06-08T00:00:00Z,0.10958097078153503
urn:ioos:station:GOA_RUNOFF_DISCHARGE,urn:ioos:sensor:GOA_RUNOFF_DISCHARGE:q,58.069320239858385,-154.46915010358515,2013-06-09T00:00:00Z,0.07756105431909681
urn:ioos:station:GOA_RUNOFF_DISCHARGE,urn:ioos:sensor:GOA_RUNOFF_DISCHARGE:q,58.069320239858385,-154.46915010358515,2013-06-10T00:00:00Z,0.05489737576634894
urn:ioos:station:GOA_RUNOFF_DISCHARGE,urn:ioos:sensor:GOA_RUNOFF_DISCHARGE:q,58.069320239858385,-154.46915010358515,2013-06-11T00:00:00Z,0.03885612332209422
urn:ioos:station:GOA_RUNOFF_DISCHARGE,urn:ioos:sensor:GOA_RUNOFF_DISCHARGE:q,58.069320239858385,-154.46915010358515,2013-06-12T00:00:00Z,0.027502192682905408
urn:ioos:station:GOA_RUNOFF_DISCHARGE,urn:ioos:sensor:GOA_RUNOFF_DISCHARGE:q,58.069320239858385,-154.46915010358515,2013-06-13T00:00:00Z,0.01946592963218097
urn:ioos:station:GOA_RUNOFF_DISCHARGE,urn:ioos:sensor:GOA_RUNOFF_DISCHARGE:q,58.069320239858385,-154.46915010358515,2013-06-14T00:00:00Z,0.01377789807533767
urn:ioos:station:GOA_RUNOFF_DISCHARGE,urn:ioos:sensor:GOA_RUNOFF_DISCHARGE:q,58.069320239858385,-154.46915010358515,2013-06-15T00:00:00Z,0.009751934774379968
urn:ioos:station:GOA_RUNOFF_DISCHARGE,urn:ioos:sensor:GOA_RUNOFF_DISCHARGE:q,58.069320239858385,-154.46915010358515,2013-06-16T00:00:00Z,0.006902376113309178
urn:ioos:station:GOA_RUNOFF_DISCHARGE,urn:ioos:sensor:GOA_RUNOFF_DISCHARGE:q,58.069320239858385,-154.46915010358515,2013-06-17T00:00:00Z,0.004885470866592038
urn:ioos:station:GOA_RUNOFF_DISCHARGE,urn:ioos:sensor:GOA_RUNOFF_DISCHARGE:q,58.069320239858385,-154.46915010358515,2013-06-18T00:00:00Z,0.0034579144418756718
urn:ioos:station:GOA_RUNOFF_DISCHARGE,urn:ioos:sensor:GOA_RUNOFF_DISCHARGE:q,58.069320239858385,-154.46915010358515,2013-06-19T00:00:00Z,0.002447496423125702
urn:ioos:station:GOA_RUNOFF_DISCHARGE,urn:ioos:sensor:GOA_RUNOFF_DISCHARGE:q,58.069320239858385,-154.46915010358515,2013-06-20T00:00:00Z,0.0017323273511448693
urn:ioos:station:GOA_RUNOFF_DISCHARGE,urn:ioos:sensor:GOA_RUNOFF_DISCHARGE:q,58.069320239858385,-154.46915010358515,2013-06-21T00:00:00Z,0.0012261335884900387
urn:ioos:station:GOA_RUNOFF_DISCHARGE,urn:ioos:sensor:GOA_RUNOFF_DISCHARGE:q,58.069320239858385,-154.46915010358515,2013-06-22T00:00:00Z,0.32997798952276547
urn:ioos:station:GOA_RUNOFF_DISCHARGE,urn:ioos:sensor:GOA_RUNOFF_DISCHARGE:q,58.069320239858385,-154.46915010358515,2013-06-23T00:00:00Z,0.7987944736463439
urn:ioos:station:GOA_RUNOFF_DISCHARGE,urn:ioos:sensor:GOA_RUNOFF_DISCHARGE:q,58.069320239858385,-154.46915010358515,2013-06-24T00:00:00Z,0.5929401207283899
urn:ioos:station:GOA_RUNOFF_DISCHARGE,urn:ioos:sensor:GOA_RUNOFF_DISCHARGE:q,58.069320239858385,-154.46915010358515,2013-06-25T00:00:00Z,0.4224321785396604
urn:ioos:station:GOA_RUNOFF_DISCHARGE,urn:ioos:sensor:GOA_RUNOFF_DISCHARGE:q,58.069320239858385,-154.46915010358515,2013-06-26T00:00:00Z,0.2992704237576964
urn:ioos:station:GOA_RUNOFF_DISCHARGE,urn:ioos:sensor:GOA_RUNOFF_DISCHARGE:q,58.069320239858385,-154.46915010358515,2013-06-27T00:00:00Z,0.2118497189716037
urn:ioos:station:GOA_RUNOFF_DISCHARGE,urn:ioos:sensor:GOA_RUNOFF_DISCHARGE:q,58.069320239858385,-154.46915010358515,2013-06-28T00:00:00Z,0.14994902557688208
urn:ioos:station:GOA_RUNOFF_DISCHARGE,urn:ioos:sensor:GOA_RUNOFF_DISCHARGE:q,58.069320239858385,-154.46915010358515,2013-06-29T00:00:00Z,0.10613352594360995
urn:ioos:station:GOA_RUNOFF_DISCHARGE,urn:ioos:sensor:GOA_RUNOFF_DISCHARGE:q,58.069320239858385,-154.46915010358515,2013-06-30T00:00:00Z,0.7750040307552459
urn:ioos:station:GOA_RUNOFF_DISCHARGE,urn:ioos:sensor:GOA_RUNOFF_DISCHARGE:q,58.069320239858385,-154.46915010358515,2013-07-01T00:00:00Z,4.583496667228683
urn:ioos:station:GOA_RUNOFF_DISCHARGE,urn:ioos:sensor:GOA_RUNOFF_DISCHARGE:q,58.069320239858385,-154.46915010358515,2013-07-02T00:00:00Z,3.436793557336542
urn:ioos:station:GOA_RUNOFF_DISCHARGE,urn:ioos:sensor:GOA_RUNOFF_DISCHARGE:q,58.069320239858385,-154.46915010358515,2013-07-03T00:00:00Z,2.5253716220918805
urn:ioos:station:GOA_RUNOFF_DISCHARGE,urn:ioos:sensor:GOA_RUNOFF_DISCHARGE:q,58.069320239858385,-154.46915010358515,2013-07-04T00:00:00Z,2.1038589967863373
urn:ioos:station:GOA_RUNOFF_DISCHARGE,urn:ioos:sensor:GOA_RUNOFF_DISCHARGE:q,58.069320239858385,-154.46915010358515,2013-07-05T00:00:00Z,1.5043538336364681
urn:ioos:station:GOA_RUNOFF_DISCHARGE,urn:ioos:sensor:GOA_RUNOFF_DISCHARGE:q,58.069320239858385,-154.46915010358515,2013-07-06T00:00:00Z,1.5942148950311041
urn:ioos:station:GOA_RUNOFF_DISCHARGE,urn:ioos:sensor:GOA_RUNOFF_DISCHARGE:q,58.069320239858385,-154.46915010358515,2013-07-07T00:00:00Z,1.6131054831055498
urn:ioos:station:GOA_RUNOFF_DISCHARGE,urn:ioos:sensor:GOA_RUNOFF_DISCHARGE:q,58.069320239858385,-154.46915010358515,2013-07-08T00:00:00Z,1.1659994209429476
urn:ioos:station:GOA_RUNOFF_DISCHARGE,urn:ioos:sensor:GOA_RUNOFF_DISCHARGE:q,58.069320239858385,-154.46915010358515,2013-07-09T00:00:00Z,0.827710918499478
urn:ioos:station:GOA_RUNOFF_DISCHARGE,urn:ioos:sensor:GOA_RUNOFF_DISCHARGE:q,58.069320239858385,-154.46915010358515,2013-07-10T00:00:00Z,0.5860919668136785
urn:ioos:station:GOA_RUNOFF_DISCHARGE,urn:ioos:sensor:GOA_RUNOFF_DISCHARGE:q,58.069320239858385,-154.46915010358515,2013-07-11T00:00:00Z,0.41485743318576607
urn:ioos:station:GOA_RUNOFF_DISCHARGE,urn:ioos:sensor:GOA_RUNOFF_DISCHARGE:q,58.069320239858385,-154.46915010358515,2013-07-12T00:00:00Z,0.2936366760669753
urn:ioos:station:GOA_RUNOFF_DISCHARGE,urn:ioos:sensor:GOA_RUNOFF_DISCHARGE:q,58.069320239858385,-154.46915010358515,2013-07-13T00:00:00Z,0.2078349657987851
urn:ioos:station:GOA_RUNOFF_DISCHARGE,urn:ioos:sensor:GOA_RUNOFF_DISCHARGE:q,58.069320239858385,-154.46915010358515,2013-07-14T00:00:00Z,0.1471046891273337
urn:ioos:station:GOA_RUNOFF_DISCHARGE,urn:ioos:sensor:GOA_RUNOFF_DISCHARGE:q,58.069320239858385,-154.46915010358515,2013-07-15T00:00:00Z,0.10412004838345591
urn:ioos:station:GOA_RUNOFF_DISCHARGE,urn:ioos:sensor:GOA_RUNOFF_DISCHARGE:q,58.069320239858385,-154.46915010358515,2013-07-16T00:00:00Z,0.0736957010019947
urn:ioos:station:GOA_RUNOFF_DISCHARGE,urn:ioos:sensor:GOA_RUNOFF_DISCHARGE:q,58.069320239858385,-154.46915010358515,2013-07-17T00:00:00Z,0.052161491936332766
urn:ioos:station:GOA_RUNOFF_DISCHARGE,urn:ioos:sensor:GOA_RUNOFF_DISCHARGE:q,58.069320239858385,-154.46915010358515,2013-07-18T00:00:00Z,0.03691967261105148
urn:ioos:station:GOA_RUNOFF_DISCHARGE,urn:ioos:sensor:GOA_RUNOFF_DISCHARGE:q,58.069320239858385,-154.46915010358515,2013-07-19T00:00:00Z,0.026131578508507787
urn:ioos:station:GOA_RUNOFF_DISCHARGE,urn:ioos:sensor:GOA_RUNOFF_DISCHARGE:q,58.069320239858385,-154.46915010358515,2013-07-20T00:00:00Z,0.018495815194829617
urn:ioos:station:GOA_RUNOFF_DISCHARGE,urn:ioos:sensor:GOA_RUNOFF_DISCHARGE:q,58.069320239858385,-154.46915010358515,2013-07-21T00:00:00Z,0.013091255886236166
urn:ioos:station:GOA_RUNOFF_DISCHARGE,urn:ioos:sensor:GOA_RUNOFF_DISCHARGE:q,58.069320239858385,-154.46915010358515,2013-07-22T00:00:00Z,0.009265931986997225
urn:ioos:station:GOA_RUNOFF_DISCHARGE,urn:ioos:sensor:GOA_RUNOFF_DISCHARGE:q,58.069320239858385,-154.46915010358515,2013-07-23T00:00:00Z,0.006558385412222933
urn:ioos:station:GOA_RUNOFF_DISCHARGE,urn:ioos:sensor:GOA_RUNOFF_DISCHARGE:q,58.069320239858385,-154.46915010358515,2013-07-24T00:00:00Z,0.004641996174651096
urn:ioos:station:GOA_RUNOFF_DISCHARGE,urn:ioos:sensor:GOA_RUNOFF_DISCHARGE:q,58.069320239858385,-154.46915010358515,2013-07-25T00:00:00Z,0.0032855842880648023
urn:ioos:station:GOA_RUNOFF_DISCHARGE,urn:ioos:sensor:GOA_RUNOFF_DISCHARGE:q,58.069320239858385,-154.46915010358515,2013-07-26T00:00:00Z,0.00232552191413441
urn:ioos:station:GOA_RUNOFF_DISCHARGE,urn:ioos:sensor:GOA_RUNOFF_DISCHARGE:q,58.069320239858385,-154.46915010358515,2013-07-27T00:00:00Z,0.0016459941017615066
urn:ioos:station:GOA_RUNOFF_DISCHARGE,urn:ioos:sensor:GOA_RUNOFF_DISCHARGE:q,58.069320239858385,-154.46915010358515,2013-07-28T00:00:00Z,0.0011650273670619547
urn:ioos:station:GOA_RUNOFF_DISCHARGE,urn:ioos:sensor:GOA_RUNOFF_DISCHARGE:q,58.069320239858385,-154.46915010358515,2013-07-29T00:00:00Z,8.246011773585292E-4
urn:ioos:station:GOA_RUNOFF_DISCHARGE,urn:ioos:sensor:GOA_RUNOFF_DISCHARGE:q,58.069320239858385,-154.46915010358515,2013-07-30T00:00:00Z,5.836490083495026E-4
urn:ioos:station:GOA_RUNOFF_DISCHARGE,urn:ioos:sensor:GOA_RUNOFF_DISCHARGE:q,58.069320239858385,-154.46915010358515,2013-07-31T00:00:00Z,4.1310422572476426E-4
urn:ioos:station:GOA_RUNOFF_DISCHARGE,urn:ioos:sensor:GOA_RUNOFF_DISCHARGE:q,58.069320239858385,-154.46915010358515,2013-08-01T00:00:00Z,2.980756195841205
urn:ioos:station:GOA_RUNOFF_DISCHARGE,urn:ioos:sensor:GOA_RUNOFF_DISCHARGE:q,58.069320239858385,-154.46915010358515,2013-08-02T00:00:00Z,3.4345102473567373
urn:ioos:station:GOA_RUNOFF_DISCHARGE,urn:ioos:sensor:GOA_RUNOFF_DISCHARGE:q,58.069320239858385,-154.46915010358515,2013-08-03T00:00:00Z,4.88188881388191
urn:ioos:station:GOA_RUNOFF_DISCHARGE,urn:ioos:sensor:GOA_RUNOFF_DISCHARGE:q,58.069320239858385,-154.46915010358515,2013-08-04T00:00:00Z,3.575005378332331
urn:ioos:station:GOA_RUNOFF_DISCHARGE,urn:ioos:sensor:GOA_RUNOFF_DISCHARGE:q,58.069320239858385,-154.46915010358515,2013-08-05T00:00:00Z,3.2162491778790674
urn:ioos:station:GOA_RUNOFF_DISCHARGE,urn:ioos:sensor:GOA_RUNOFF_DISCHARGE:q,58.069320239858385,-154.46915010358515,2013-08-06T00:00:00Z,8.138754492678522
urn:ioos:station:GOA_RUNOFF_DISCHARGE,urn:ioos:sensor:GOA_RUNOFF_DISCHARGE:q,58.069320239858385,-154.46915010358515,2013-08-07T00:00:00Z,7.891441342683442
urn:ioos:station:GOA_RUNOFF_DISCHARGE,urn:ioos:sensor:GOA_RUNOFF_DISCHARGE:q,58.069320239858385,-154.46915010358515,2013-08-08T00:00:00Z,7.014811336678181
urn:ioos:station:GOA_RUNOFF_DISCHARGE,urn:ioos:sensor:GOA_RUNOFF_DISCHARGE:q,58.069320239858385,-154.46915010358515,2013-08-09T00:00:00Z,7.717624041577365
urn:ioos:station:GOA_RUNOFF_DISCHARGE,urn:ioos:sensor:GOA_RUNOFF_DISCHARGE:q,58.069320239858385,-154.46915010358515,2013-08-10T00:00:00Z,5.596583781824188
urn:ioos:station:GOA_RUNOFF_DISCHARGE,urn:ioos:sensor:GOA_RUNOFF_DISCHARGE:q,58.069320239858385,-154.46915010358515,2013-08-11T00:00:00Z,3.974626460046643
urn:ioos:station:GOA_RUNOFF_DISCHARGE,urn:ioos:sensor:GOA_RUNOFF_DISCHARGE:q,58.069320239858385,-154.46915010358515,2013-08-12T00:00:00Z,2.9026608376462595
urn:ioos:station:GOA_RUNOFF_DISCHARGE,urn:ioos:sensor:GOA_RUNOFF_DISCHARGE:q,58.069320239858385,-154.46915010358515,2013-08-13T00:00:00Z,2.0587916464082747
urn:ioos:station:GOA_RUNOFF_DISCHARGE,urn:ioos:sensor:GOA_RUNOFF_DISCHARGE:q,58.069320239858385,-154.46915010358515,2013-08-14T00:00:00Z,1.4576330700395663
urn:ioos:station:GOA_RUNOFF_DISCHARGE,urn:ioos:sensor:GOA_RUNOFF_DISCHARGE:q,58.069320239858385,-154.46915010358515,2013-08-15T00:00:00Z,1.0317490559342453
urn:ioos:station:GOA_RUNOFF_DISCHARGE,urn:ioos:sensor:GOA_RUNOFF_DISCHARGE:q,58.069320239858385,-154.46915010358515,2013-08-16T00:00:00Z,0.8582653843573682
urn:ioos:station:GOA_RUNOFF_DISCHARGE,urn:ioos:sensor:GOA_RUNOFF_DISCHARGE:q,58.069320239858385,-154.46915010358515,2013-08-17T00:00:00Z,1.9880513985124137
urn:ioos:station:GOA_RUNOFF_DISCHARGE,urn:ioos:sensor:GOA_RUNOFF_DISCHARGE:q,58.069320239858385,-154.46915010358515,2013-08-18T00:00:00Z,1.4727607222213899
urn:ioos:station:GOA_RUNOFF_DISCHARGE,urn:ioos:sensor:GOA_RUNOFF_DISCHARGE:q,58.069320239858385,-154.46915010358515,2013-08-19T00:00:00Z,1.0489669576329004
urn:ioos:station:GOA_RUNOFF_DISCHARGE,urn:ioos:sensor:GOA_RUNOFF_DISCHARGE:q,58.069320239858385,-154.46915010358515,2013-08-20T00:00:00Z,0.7431085346899845
urn:ioos:station:GOA_RUNOFF_DISCHARGE,urn:ioos:sensor:GOA_RUNOFF_DISCHARGE:q,58.069320239858385,-154.46915010358515,2013-08-21T00:00:00Z,0.526034310164078
urn:ioos:station:GOA_RUNOFF_DISCHARGE,urn:ioos:sensor:GOA_RUNOFF_DISCHARGE:q,58.069320239858385,-154.46915010358515,2013-08-22T00:00:00Z,1.0812364713446576
urn:ioos:station:GOA_RUNOFF_DISCHARGE,urn:ioos:sensor:GOA_RUNOFF_DISCHARGE:q,58.069320239858385,-154.46915010358515,2013-08-23T00:00:00Z,0.7988299283616905
urn:ioos:station:GOA_RUNOFF_DISCHARGE,urn:ioos:sensor:GOA_RUNOFF_DISCHARGE:q,58.069320239858385,-154.46915010358515,2013-08-24T00:00:00Z,0.5687571763781569
urn:ioos:station:GOA_RUNOFF_DISCHARGE,urn:ioos:sensor:GOA_RUNOFF_DISCHARGE:q,58.069320239858385,-154.46915010358515,2013-08-25T00:00:00Z,0.40289817618290724
urn:ioos:station:GOA_RUNOFF_DISCHARGE,urn:ioos:sensor:GOA_RUNOFF_DISCHARGE:q,58.069320239858385,-154.46915010358515,2013-08-26T00:00:00Z,0.28520292676556236
urn:ioos:station:GOA_RUNOFF_DISCHARGE,urn:ioos:sensor:GOA_RUNOFF_DISCHARGE:q,58.069320239858385,-154.46915010358515,2013-08-27T00:00:00Z,0.20186870681663993
urn:ioos:station:GOA_RUNOFF_DISCHARGE,urn:ioos:sensor:GOA_RUNOFF_DISCHARGE:q,58.069320239858385,-154.46915010358515,2013-08-28T00:00:00Z,0.1428821081750385
urn:ioos:station:GOA_RUNOFF_DISCHARGE,urn:ioos:sensor:GOA_RUNOFF_DISCHARGE:q,58.069320239858385,-154.46915010358515,2013-08-29T00:00:00Z,2.9608220945863137
urn:ioos:station:GOA_RUNOFF_DISCHARGE,urn:ioos:sensor:GOA_RUNOFF_DISCHARGE:q,58.069320239858385,-154.46915010358515,2013-08-30T00:00:00Z,2.230935669130327
urn:ioos:station:GOA_RUNOFF_DISCHARGE,urn:ioos:sensor:GOA_RUNOFF_DISCHARGE:q,58.069320239858385,-154.46915010358515,2013-08-31T00:00:00Z,1.5925550355003832
urn:ioos:station:GOA_RUNOFF_DISCHARGE,urn:ioos:sensor:GOA_RUNOFF_DISCHARGE:q,58.069320239858385,-154.46915010358515,2013-09-01T00:00:00Z,0.6673910104562039
urn:ioos:station:GOA_RUNOFF_DISCHARGE,urn:ioos:sensor:GOA_RUNOFF_DISCHARGE:q,58.069320239858385,-154.46915010358515,2013-09-02T00:00:00Z,3.782182211866324
urn:ioos:station:GOA_RUNOFF_DISCHARGE,urn:ioos:sensor:GOA_RUNOFF_DISCHARGE:q,58.069320239858385,-154.46915010358515,2013-09-03T00:00:00Z,4.452992267209895
urn:ioos:station:GOA_RUNOFF_DISCHARGE,urn:ioos:sensor:GOA_RUNOFF_DISCHARGE:q,58.069320239858385,-154.46915010358515,2013-09-04T00:00:00Z,3.2440501476619805
urn:ioos:station:GOA_RUNOFF_DISCHARGE,urn:ioos:sensor:GOA_RUNOFF_DISCHARGE:q,58.069320239858385,-154.46915010358515,2013-09-05T00:00:00Z,2.3293724302451477
urn:ioos:station:GOA_RUNOFF_DISCHARGE,urn:ioos:sensor:GOA_RUNOFF_DISCHARGE:q,58.069320239858385,-154.46915010358515,2013-09-06T00:00:00Z,2.472818919603256
urn:ioos:station:GOA_RUNOFF_DISCHARGE,urn:ioos:sensor:GOA_RUNOFF_DISCHARGE:q,58.069320239858385,-154.46915010358515,2013-09-07T00:00:00Z,1.789342913872175
urn:ioos:station:GOA_RUNOFF_DISCHARGE,urn:ioos:sensor:GOA_RUNOFF_DISCHARGE:q,58.069320239858385,-154.46915010358515,2013-09-08T00:00:00Z,1.2703927057933995
urn:ioos:station:GOA_RUNOFF_DISCHARGE,urn:ioos:sensor:GOA_RUNOFF_DISCHARGE:q,58.069320239858385,-154.46915010358515,2013-09-09T00:00:00Z,4.391132142823875
urn:ioos:station:GOA_RUNOFF_DISCHARGE,urn:ioos:sensor:GOA_RUNOFF_DISCHARGE:q,58.069320239858385,-154.46915010358515,2013-09-10T00:00:00Z,3.9323715434521866
urn:ioos:station:GOA_RUNOFF_DISCHARGE,urn:ioos:sensor:GOA_RUNOFF_DISCHARGE:q,58.069320239858385,-154.46915010358515,2013-09-11T00:00:00Z,2.830993110183815
urn:ioos:station:GOA_RUNOFF_DISCHARGE,urn:ioos:sensor:GOA_RUNOFF_DISCHARGE:q,58.069320239858385,-154.46915010358515,2013-09-12T00:00:00Z,2.6632195553598437
urn:ioos:station:GOA_RUNOFF_DISCHARGE,urn:ioos:sensor:GOA_RUNOFF_DISCHARGE:q,58.069320239858385,-154.46915010358515,2013-09-13T00:00:00Z,2.6564193541120855
urn:ioos:station:GOA_RUNOFF_DISCHARGE,urn:ioos:sensor:GOA_RUNOFF_DISCHARGE:q,58.069320239858385,-154.46915010358515,2013-09-14T00:00:00Z,1.918345981009566
urn:ioos:station:GOA_RUNOFF_DISCHARGE,urn:ioos:sensor:GOA_RUNOFF_DISCHARGE:q,58.069320239858385,-154.46915010358515,2013-09-15T00:00:00Z,1.361605782437082
urn:ioos:station:GOA_RUNOFF_DISCHARGE,urn:ioos:sensor:GOA_RUNOFF_DISCHARGE:q,58.069320239858385,-154.46915010358515,2013-09-16T00:00:00Z,0.9641189561849938
urn:ioos:station:GOA_RUNOFF_DISCHARGE,urn:ioos:sensor:GOA_RUNOFF_DISCHARGE:q,58.069320239858385,-154.46915010358515,2013-09-17T00:00:00Z,0.6824370312804298
urn:ioos:station:GOA_RUNOFF_DISCHARGE,urn:ioos:sensor:GOA_RUNOFF_DISCHARGE:q,58.069320239858385,-154.46915010358515,2013-09-18T00:00:00Z,0.48302974669865917
urn:ioos:station:GOA_RUNOFF_DISCHARGE,urn:ioos:sensor:GOA_RUNOFF_DISCHARGE:q,58.069320239858385,-154.46915010358515,2013-09-19T00:00:00Z,0.3418866956003109
urn:ioos:station:GOA_RUNOFF_DISCHARGE,urn:ioos:sensor:GOA_RUNOFF_DISCHARGE:q,58.069320239858385,-154.46915010358515,2013-09-20T00:00:00Z,0.24198593101218033
urn:ioos:station:GOA_RUNOFF_DISCHARGE,urn:ioos:sensor:GOA_RUNOFF_DISCHARGE:q,58.069320239858385,-154.46915010358515,2013-09-21T00:00:00Z,3.2575318853959283
urn:ioos:station:GOA_RUNOFF_DISCHARGE,urn:ioos:sensor:GOA_RUNOFF_DISCHARGE:q,58.069320239858385,-154.46915010358515,2013-09-22T00:00:00Z,2.451662913353411
urn:ioos:station:GOA_RUNOFF_DISCHARGE,urn:ioos:sensor:GOA_RUNOFF_DISCHARGE:q,58.069320239858385,-154.46915010358515,2013-09-23T00:00:00Z,1.7498553068781555
urn:ioos:station:GOA_RUNOFF_DISCHARGE,urn:ioos:sensor:GOA_RUNOFF_DISCHARGE:q,58.069320239858385,-154.46915010358515,2013-09-24T00:00:00Z,1.2399957141257505
urn:ioos:station:GOA_RUNOFF_DISCHARGE,urn:ioos:sensor:GOA_RUNOFF_DISCHARGE:q,58.069320239858385,-154.46915010358515,2013-09-25T00:00:00Z,9.02130563348276
urn:ioos:station:GOA_RUNOFF_DISCHARGE,urn:ioos:sensor:GOA_RUNOFF_DISCHARGE:q,58.069320239858385,-154.46915010358515,2013-09-26T00:00:00Z,6.792267811193217
urn:ioos:station:GOA_RUNOFF_DISCHARGE,urn:ioos:sensor:GOA_RUNOFF_DISCHARGE:q,58.069320239858385,-154.46915010358515,2013-09-27T00:00:00Z,7.36707886377215
urn:ioos:station:GOA_RUNOFF_DISCHARGE,urn:ioos:sensor:GOA_RUNOFF_DISCHARGE:q,58.069320239858385,-154.46915010358515,2013-09-28T00:00:00Z,5.734542223295829
urn:ioos:station:GOA_RUNOFF_DISCHARGE,urn:ioos:sensor:GOA_RUNOFF_DISCHARGE:q,58.069320239858385,-154.46915010358515,2013-09-29T00:00:00Z,4.089961767307228
urn:ioos:station:GOA_RUNOFF_DISCHARGE,urn:ioos:sensor:GOA_RUNOFF_DISCHARGE:q,58.069320239858385,-154.46915010358515,2013-09-30T00:00:00Z,2.8979602922683836
urn:ioos:station:GOA_RUNOFF_DISCHARGE,urn:ioos:sensor:GOA_RUNOFF_DISCHARGE:q,58.069320239858385,-154.46915010358515,2013-10-01T00:00:00Z,2.051473372177083
urn:ioos:station:GOA_RUNOFF_DISCHARGE,urn:ioos:sensor:GOA_RUNOFF_DISCHARGE:q,58.069320239858385,-154.46915010358515,2013-10-02T00:00:00Z,1.4520546422293767
urn:ioos:station:GOA_RUNOFF_DISCHARGE,urn:ioos:sensor:GOA_RUNOFF_DISCHARGE:q,58.069320239858385,-154.46915010358515,2013-10-03T00:00:00Z,1.8665753871767345
urn:ioos:station:GOA_RUNOFF_DISCHARGE,urn:ioos:sensor:GOA_RUNOFF_DISCHARGE:q,58.069320239858385,-154.46915010358515,2013-10-04T00:00:00Z,1.8581697911557824
urn:ioos:station:GOA_RUNOFF_DISCHARGE,urn:ioos:sensor:GOA_RUNOFF_DISCHARGE:q,58.069320239858385,-154.46915010358515,2013-10-05T00:00:00Z,1.3539929512201343
urn:ioos:station:GOA_RUNOFF_DISCHARGE,urn:ioos:sensor:GOA_RUNOFF_DISCHARGE:q,58.069320239858385,-154.46915010358515,2013-10-06T00:00:00Z,1.6799629463307526
urn:ioos:station:GOA_RUNOFF_DISCHARGE,urn:ioos:sensor:GOA_RUNOFF_DISCHARGE:q,58.069320239858385,-154.46915010358515,2013-10-07T00:00:00Z,1.3096074627702425
urn:ioos:station:GOA_RUNOFF_DISCHARGE,urn:ioos:sensor:GOA_RUNOFF_DISCHARGE:q,58.069320239858385,-154.46915010358515,2013-10-08T00:00:00Z,9.290298388121302
urn:ioos:station:GOA_RUNOFF_DISCHARGE,urn:ioos:sensor:GOA_RUNOFF_DISCHARGE:q,58.069320239858385,-154.46915010358515,2013-10-09T00:00:00Z,6.971659461830538
urn:ioos:station:GOA_RUNOFF_DISCHARGE,urn:ioos:sensor:GOA_RUNOFF_DISCHARGE:q,58.069320239858385,-154.46915010358515,2013-10-10T00:00:00Z,7.231710524102905
urn:ioos:station:GOA_RUNOFF_DISCHARGE,urn:ioos:sensor:GOA_RUNOFF_DISCHARGE:q,58.069320239858385,-154.46915010358515,2013-10-11T00:00:00Z,6.060139911005961
urn:ioos:station:GOA_RUNOFF_DISCHARGE,urn:ioos:sensor:GOA_RUNOFF_DISCHARGE:q,58.069320239858385,-154.46915010358515,2013-10-12T00:00:00Z,8.311717197009488
urn:ioos:station:GOA_RUNOFF_DISCHARGE,urn:ioos:sensor:GOA_RUNOFF_DISCHARGE:q,58.069320239858385,-154.46915010358515,2013-10-13T00:00:00Z,7.469622583342233
urn:ioos:station:GOA_RUNOFF_DISCHARGE,urn:ioos:sensor:GOA_RUNOFF_DISCHARGE:q,58.069320239858385,-154.46915010358515,2013-10-14T00:00:00Z,5.808448531227065
urn:ioos:station:GOA_RUNOFF_DISCHARGE,urn:ioos:sensor:GOA_RUNOFF_DISCHARGE:q,58.069320239858385,-154.46915010358515,2013-10-15T00:00:00Z,7.864864119698877
urn:ioos:station:GOA_RUNOFF_DISCHARGE,urn:ioos:sensor:GOA_RUNOFF_DISCHARGE:q,58.069320239858385,-154.46915010358515,2013-10-16T00:00:00Z,7.494063840618564
urn:ioos:station:GOA_RUNOFF_DISCHARGE,urn:ioos:sensor:GOA_RUNOFF_DISCHARGE:q,58.069320239858385,-154.46915010358515,2013-10-17T00:00:00Z,11.481560296557365
urn:ioos:station:GOA_RUNOFF_DISCHARGE,urn:ioos:sensor:GOA_RUNOFF_DISCHARGE:q,58.069320239858385,-154.46915010358515,2013-10-18T00:00:00Z,15.957744552112487
urn:ioos:station:GOA_RUNOFF_DISCHARGE,urn:ioos:sensor:GOA_RUNOFF_DISCHARGE:q,58.069320239858385,-154.46915010358515,2013-10-19T00:00:00Z,17.647041363375088
urn:ioos:station:GOA_RUNOFF_DISCHARGE,urn:ioos:sensor:GOA_RUNOFF_DISCHARGE:q,58.069320239858385,-154.46915010358515,2013-10-20T00:00:00Z,14.16806840338327
urn:ioos:station:GOA_RUNOFF_DISCHARGE,urn:ioos:sensor:GOA_RUNOFF_DISCHARGE:q,58.069320239858385,-154.46915010358515,2013-10-21T00:00:00Z,11.529800811069611
urn:ioos:station:GOA_RUNOFF_DISCHARGE,urn:ioos:sensor:GOA_RUNOFF_DISCHARGE:q,58.069320239858385,-154.46915010358515,2013-10-22T00:00:00Z,8.25304207692233
urn:ioos:station:GOA_RUNOFF_DISCHARGE,urn:ioos:sensor:GOA_RUNOFF_DISCHARGE:q,58.069320239858385,-154.46915010358515,2013-10-23T00:00:00Z,5.849832274815861
urn:ioos:station:GOA_RUNOFF_DISCHARGE,urn:ioos:sensor:GOA_RUNOFF_DISCHARGE:q,58.069320239858385,-154.46915010358515,2013-10-24T00:00:00Z,8.631490576156247
urn:ioos:station:GOA_RUNOFF_DISCHARGE,urn:ioos:sensor:GOA_RUNOFF_DISCHARGE:q,58.069320239858385,-154.46915010358515,2013-10-25T00:00:00Z,7.281628658392891
urn:ioos:station:GOA_RUNOFF_DISCHARGE,urn:ioos:sensor:GOA_RUNOFF_DISCHARGE:q,58.069320239858385,-154.46915010358515,2013-10-26T00:00:00Z,5.2205269958555895
urn:ioos:station:GOA_RUNOFF_DISCHARGE,urn:ioos:sensor:GOA_RUNOFF_DISCHARGE:q,58.069320239858385,-154.46915010358515,2013-10-27T00:00:00Z,11.391405599078672
urn:ioos:station:GOA_RUNOFF_DISCHARGE,urn:ioos:sensor:GOA_RUNOFF_DISCHARGE:q,58.069320239858385,-154.46915010358515,2013-10-28T00:00:00Z,13.077176672414401
urn:ioos:station:GOA_RUNOFF_DISCHARGE,urn:ioos:sensor:GOA_RUNOFF_DISCHARGE:q,58.069320239858385,-154.46915010358515,2013-10-29T00:00:00Z,9.950117613264782
urn:ioos:station:GOA_RUNOFF_DISCHARGE,urn:ioos:sensor:GOA_RUNOFF_DISCHARGE:q,58.069320239858385,-154.46915010358515,2013-10-30T00:00:00Z,10.818715251551273
urn:ioos:station:GOA_RUNOFF_DISCHARGE,urn:ioos:sensor:GOA_RUNOFF_DISCHARGE:q,58.069320239858385,-154.46915010358515,2013-10-31T00:00:00Z,9.054000274885214
urn:ioos:station:GOA_RUNOFF_DISCHARGE,urn:ioos:sensor:GOA_RUNOFF_DISCHARGE:q,58.069320239858385,-154.46915010358515,2013-11-01T00:00:00Z,6.493098423507455
urn:ioos:station:GOA_RUNOFF_DISCHARGE,urn:ioos:sensor:GOA_RUNOFF_DISCHARGE:q,58.069320239858385,-154.46915010358515,2013-11-02T00:00:00Z,5.877271988018655
urn:ioos:station:GOA_RUNOFF_DISCHARGE,urn:ioos:sensor:GOA_RUNOFF_DISCHARGE:q,58.069320239858385,-154.46915010358515,2013-11-03T00:00:00Z,5.380253974763177
urn:ioos:station:GOA_RUNOFF_DISCHARGE,urn:ioos:sensor:GOA_RUNOFF_DISCHARGE:q,58.069320239858385,-154.46915010358515,2013-11-04T00:00:00Z,5.072301289803177
urn:ioos:station:GOA_RUNOFF_DISCHARGE,urn:ioos:sensor:GOA_RUNOFF_DISCHARGE:q,58.069320239858385,-154.46915010358515,2013-11-05T00:00:00Z,3.905007870418114
urn:ioos:station:GOA_RUNOFF_DISCHARGE,urn:ioos:sensor:GOA_RUNOFF_DISCHARGE:q,58.069320239858385,-154.46915010358515,2013-11-06T00:00:00Z,2.7821526939944605
urn:ioos:station:GOA_RUNOFF_DISCHARGE,urn:ioos:sensor:GOA_RUNOFF_DISCHARGE:q,58.069320239858385,-154.46915010358515,2013-11-07T00:00:00Z,3.4058110037467846
urn:ioos:station:GOA_RUNOFF_DISCHARGE,urn:ioos:sensor:GOA_RUNOFF_DISCHARGE:q,58.069320239858385,-154.46915010358515,2013-11-08T00:00:00Z,2.5018546870048857
urn:ioos:station:GOA_RUNOFF_DISCHARGE,urn:ioos:sensor:GOA_RUNOFF_DISCHARGE:q,58.069320239858385,-154.46915010358515,2013-11-09T00:00:00Z,1.850378962796482
urn:ioos:station:GOA_RUNOFF_DISCHARGE,urn:ioos:sensor:GOA_RUNOFF_DISCHARGE:q,58.069320239858385,-154.46915010358515,2013-11-10T00:00:00Z,3.0587868278025674
urn:ioos:station:GOA_RUNOFF_DISCHARGE,urn:ioos:sensor:GOA_RUNOFF_DISCHARGE:q,58.069320239858385,-154.46915010358515,2013-11-11T00:00:00Z,2.066704033791621
urn:ioos:station:GOA_RUNOFF_DISCHARGE,urn:ioos:sensor:GOA_RUNOFF_DISCHARGE:q,58.069320239858385,-154.46915010358515,2013-11-12T00:00:00Z,1.4762285748987145
urn:ioos:station:GOA_RUNOFF_DISCHARGE,urn:ioos:sensor:GOA_RUNOFF_DISCHARGE:q,58.069320239858385,-154.46915010358515,2013-11-13T00:00:00Z,1.497126334001155
urn:ioos:station:GOA_RUNOFF_DISCHARGE,urn:ioos:sensor:GOA_RUNOFF_DISCHARGE:q,58.069320239858385,-154.46915010358515,2013-11-14T00:00:00Z,1.1205138496369182
urn:ioos:station:GOA_RUNOFF_DISCHARGE,urn:ioos:sensor:GOA_RUNOFF_DISCHARGE:q,58.069320239858385,-154.46915010358515,2013-11-15T00:00:00Z,0.8493630276494063
urn:ioos:station:GOA_RUNOFF_DISCHARGE,urn:ioos:sensor:GOA_RUNOFF_DISCHARGE:q,58.069320239858385,-154.46915010358515,2013-11-16T00:00:00Z,0.637970108809018
urn:ioos:station:GOA_RUNOFF_DISCHARGE,urn:ioos:sensor:GOA_RUNOFF_DISCHARGE:q,58.069320239858385,-154.46915010358515,2013-11-17T00:00:00Z,0.4567849363374802
urn:ioos:station:GOA_RUNOFF_DISCHARGE,urn:ioos:sensor:GOA_RUNOFF_DISCHARGE:q,58.069320239858385,-154.46915010358515,2013-11-18T00:00:00Z,0.32383287827526286
urn:ioos:station:GOA_RUNOFF_DISCHARGE,urn:ioos:sensor:GOA_RUNOFF_DISCHARGE:q,58.069320239858385,-154.46915010358515,2013-11-19T00:00:00Z,0.22925966156349556
urn:ioos:station:GOA_RUNOFF_DISCHARGE,urn:ioos:sensor:GOA_RUNOFF_DISCHARGE:q,58.069320239858385,-154.46915010358515,2013-11-20T00:00:00Z,0.14786035474867484
urn:ioos:station:GOA_RUNOFF_DISCHARGE,urn:ioos:sensor:GOA_RUNOFF_DISCHARGE:q,58.069320239858385,-154.46915010358515,2013-11-21T00:00:00Z,0.09593747501998613
urn:ioos:station:GOA_RUNOFF_DISCHARGE,urn:ioos:sensor:GOA_RUNOFF_DISCHARGE:q,58.069320239858385,-154.46915010358515,2013-11-22T00:00:00Z,0.06228042967631117
urn:ioos:station:GOA_RUNOFF_DISCHARGE,urn:ioos:sensor:GOA_RUNOFF_DISCHARGE:q,58.069320239858385,-154.46915010358515,2013-11-23T00:00:00Z,0.040432871474632315
urn:ioos:station:GOA_RUNOFF_DISCHARGE,urn:ioos:sensor:GOA_RUNOFF_DISCHARGE:q,58.069320239858385,-154.46915010358515,2013-11-24T00:00:00Z,0.02624938609148753
urn:ioos:station:GOA_RUNOFF_DISCHARGE,urn:ioos:sensor:GOA_RUNOFF_DISCHARGE:q,58.069320239858385,-154.46915010358515,2013-11-25T00:00:00Z,0.017041347576372518
urn:ioos:station:GOA_RUNOFF_DISCHARGE,urn:ioos:sensor:GOA_RUNOFF_DISCHARGE:q,58.069320239858385,-154.46915010358515,2013-11-26T00:00:00Z,0.011063402598358514
urn:ioos:station:GOA_RUNOFF_DISCHARGE,urn:ioos:sensor:GOA_RUNOFF_DISCHARGE:q,58.069320239858385,-154.46915010358515,2013-11-27T00:00:00Z,0.0071824648700550475
urn:ioos:station:GOA_RUNOFF_DISCHARGE,urn:ioos:sensor:GOA_RUNOFF_DISCHARGE:q,58.069320239858385,-154.46915010358515,2013-11-28T00:00:00Z,0.004662923562943414
urn:ioos:station:GOA_RUNOFF_DISCHARGE,urn:ioos:sensor:GOA_RUNOFF_DISCHARGE:q,58.069320239858385,-154.46915010358515,2013-11-29T00:00:00Z,0.0030272138056113462
urn:ioos:station:GOA_RUNOFF_DISCHARGE,urn:ioos:sensor:GOA_RUNOFF_DISCHARGE:q,58.069320239858385,-154.46915010358515,2013-11-30T00:00:00Z,0.0019652954386206087
urn:ioos:station:GOA_RUNOFF_DISCHARGE,urn:ioos:sensor:GOA_RUNOFF_DISCHARGE:q,58.069320239858385,-154.46915010358515,2013-12-01T00:00:00Z,0.0012758881034209799
urn:ioos:station:GOA_RUNOFF_DISCHARGE,urn:ioos:sensor:GOA_RUNOFF_DISCHARGE:q,58.069320239858385,-154.46915010358515,2013-12-02T00:00:00Z,8.283186370491977E-4
urn:ioos:station:GOA_RUNOFF_DISCHARGE,urn:ioos:sensor:GOA_RUNOFF_DISCHARGE:q,58.069320239858385,-154.46915010358515,2013-12-03T00:00:00Z,5.377522146086784E-4
urn:ioos:station:GOA_RUNOFF_DISCHARGE,urn:ioos:sensor:GOA_RUNOFF_DISCHARGE:q,58.069320239858385,-154.46915010358515,2013-12-04T00:00:00Z,1.1117593634300684
urn:ioos:station:GOA_RUNOFF_DISCHARGE,urn:ioos:sensor:GOA_RUNOFF_DISCHARGE:q,58.069320239858385,-154.46915010358515,2013-12-05T00:00:00Z,8.684861302466858
urn:ioos:station:GOA_RUNOFF_DISCHARGE,urn:ioos:sensor:GOA_RUNOFF_DISCHARGE:q,58.069320239858385,-154.46915010358515,2013-12-06T00:00:00Z,9.114116737686057
urn:ioos:station:GOA_RUNOFF_DISCHARGE,urn:ioos:sensor:GOA_RUNOFF_DISCHARGE:q,58.069320239858385,-154.46915010358515,2013-12-07T00:00:00Z,6.955856788704581
urn:ioos:station:GOA_RUNOFF_DISCHARGE,urn:ioos:sensor:GOA_RUNOFF_DISCHARGE:q,58.069320239858385,-154.46915010358515,2013-12-08T00:00:00Z,4.960440149974413
urn:ioos:station:GOA_RUNOFF_DISCHARGE,urn:ioos:sensor:GOA_RUNOFF_DISCHARGE:q,58.069320239858385,-154.46915010358515,2013-12-09T00:00:00Z,3.854992909892524
urn:ioos:station:GOA_RUNOFF_DISCHARGE,urn:ioos:sensor:GOA_RUNOFF_DISCHARGE:q,58.069320239858385,-154.46915010358515,2013-12-10T00:00:00Z,2.7709476883710504
urn:ioos:station:GOA_RUNOFF_DISCHARGE,urn:ioos:sensor:GOA_RUNOFF_DISCHARGE:q,58.069320239858385,-154.46915010358515,2013-12-11T00:00:00Z,1.9567925744134615
urn:ioos:station:GOA_RUNOFF_DISCHARGE,urn:ioos:sensor:GOA_RUNOFF_DISCHARGE:q,58.069320239858385,-154.46915010358515,2013-12-12T00:00:00Z,1.2744084949806276
urn:ioos:station:GOA_RUNOFF_DISCHARGE,urn:ioos:sensor:GOA_RUNOFF_DISCHARGE:q,58.069320239858385,-154.46915010358515,2013-12-13T00:00:00Z,0.827584689188253
urn:ioos:station:GOA_RUNOFF_DISCHARGE,urn:ioos:sensor:GOA_RUNOFF_DISCHARGE:q,58.069320239858385,-154.46915010358515,2013-12-14T00:00:00Z,0.5372885182496018
urn:ioos:station:GOA_RUNOFF_DISCHARGE,urn:ioos:sensor:GOA_RUNOFF_DISCHARGE:q,58.069320239858385,-154.46915010358515,2013-12-15T00:00:00Z,0.3488134550527575
urn:ioos:station:GOA_RUNOFF_DISCHARGE,urn:ioos:sensor:GOA_RUNOFF_DISCHARGE:q,58.069320239858385,-154.46915010358515,2013-12-16T00:00:00Z,0.2264530163048445
urn:ioos:station:GOA_RUNOFF_DISCHARGE,urn:ioos:sensor:GOA_RUNOFF_DISCHARGE:q,58.069320239858385,-154.46915010358515,2013-12-17T00:00:00Z,0.14701541099671347
urn:ioos:station:GOA_RUNOFF_DISCHARGE,urn:ioos:sensor:GOA_RUNOFF_DISCHARGE:q,58.069320239858385,-154.46915010358515,2013-12-18T00:00:00Z,0.09544378948685847
urn:ioos:station:GOA_RUNOFF_DISCHARGE,urn:ioos:sensor:GOA_RUNOFF_DISCHARGE:q,58.069320239858385,-154.46915010358515,2013-12-19T00:00:00Z,8.693089953804542
urn:ioos:station:GOA_RUNOFF_DISCHARGE,urn:ioos:sensor:GOA_RUNOFF_DISCHARGE:q,58.069320239858385,-154.46915010358515,2013-12-20T00:00:00Z,7.47255473434649
urn:ioos:station:GOA_RUNOFF_DISCHARGE,urn:ioos:sensor:GOA_RUNOFF_DISCHARGE:q,58.069320239858385,-154.46915010358515,2013-12-21T00:00:00Z,7.757042844058857
urn:ioos:station:GOA_RUNOFF_DISCHARGE,urn:ioos:sensor:GOA_RUNOFF_DISCHARGE:q,58.069320239858385,-154.46915010358515,2013-12-22T00:00:00Z,5.375530012170712
urn:ioos:station:GOA_RUNOFF_DISCHARGE,urn:ioos:sensor:GOA_RUNOFF_DISCHARGE:q,58.069320239858385,-154.46915010358515,2013-12-23T00:00:00Z,3.5014350679632296
urn:ioos:station:GOA_RUNOFF_DISCHARGE,urn:ioos:sensor:GOA_RUNOFF_DISCHARGE:q,58.069320239858385,-154.46915010358515,2013-12-24T00:00:00Z,2.273814957075564
urn:ioos:station:GOA_RUNOFF_DISCHARGE,urn:ioos:sensor:GOA_RUNOFF_DISCHARGE:q,58.069320239858385,-154.46915010358515,2013-12-25T00:00:00Z,1.4762185765374294
urn:ioos:station:GOA_RUNOFF_DISCHARGE,urn:ioos:sensor:GOA_RUNOFF_DISCHARGE:q,58.069320239858385,-154.46915010358515,2013-12-26T00:00:00Z,0.9583770025448379
urn:ioos:station:GOA_RUNOFF_DISCHARGE,urn:ioos:sensor:GOA_RUNOFF_DISCHARGE:q,58.069320239858385,-154.46915010358515,2013-12-27T00:00:00Z,0.6221874324056313
urn:ioos:station:GOA_RUNOFF_DISCHARGE,urn:ioos:sensor:GOA_RUNOFF_DISCHARGE:q,58.069320239858385,-154.46915010358515,2013-12-28T00:00:00Z,0.4039299149773654
urn:ioos:station:GOA_RUNOFF_DISCHARGE,urn:ioos:sensor:GOA_RUNOFF_DISCHARGE:q,58.069320239858385,-154.46915010358515,2013-12-29T00:00:00Z,0.2622350793155927
urn:ioos:station:GOA_RUNOFF_DISCHARGE,urn:ioos:sensor:GOA_RUNOFF_DISCHARGE:q,58.069320239858385,-154.46915010358515,2013-12-30T00:00:00Z,0.7757653533441563
urn:ioos:station:GOA_RUNOFF_DISCHARGE,urn:ioos:sensor:GOA_RUNOFF_DISCHARGE:q,58.069320239858385,-154.46915010358515,2013-12-31T00:00:00Z,9.350942132922551
urn:ioos:station:GOA_RUNOFF_DISCHARGE,urn:ioos:sensor:GOA_RUNOFF_DISCHARGE:q,58.069320239858385,-154.46915010358515,2014-01-01T00:00:00Z,12.60916916754257
urn:ioos:station:GOA_RUNOFF_DISCHARGE,urn:ioos:sensor:GOA_RUNOFF_DISCHARGE:q,58.069320239858385,-154.46915010358515,2014-01-02T00:00:00Z,9.27119099347583
urn:ioos:station:GOA_RUNOFF_DISCHARGE,urn:ioos:sensor:GOA_RUNOFF_DISCHARGE:q,58.069320239858385,-154.46915010358515,2014-01-03T00:00:00Z,7.335373533907385
urn:ioos:station:GOA_RUNOFF_DISCHARGE,urn:ioos:sensor:GOA_RUNOFF_DISCHARGE:q,58.069320239858385,-154.46915010358515,2014-01-04T00:00:00Z,11.628247833660488
urn:ioos:station:GOA_RUNOFF_DISCHARGE,urn:ioos:sensor:GOA_RUNOFF_DISCHARGE:q,58.069320239858385,-154.46915010358515,2014-01-05T00:00:00Z,10.756417041072101
urn:ioos:station:GOA_RUNOFF_DISCHARGE,urn:ioos:sensor:GOA_RUNOFF_DISCHARGE:q,58.069320239858385,-154.46915010358515,2014-01-06T00:00:00Z,10.508848143519938
urn:ioos:station:GOA_RUNOFF_DISCHARGE,urn:ioos:sensor:GOA_RUNOFF_DISCHARGE:q,58.069320239858385,-154.46915010358515,2014-01-07T00:00:00Z,8.300848978292526
urn:ioos:station:GOA_RUNOFF_DISCHARGE,urn:ioos:sensor:GOA_RUNOFF_DISCHARGE:q,58.069320239858385,-154.46915010358515,2014-01-08T00:00:00Z,6.397705110944881
urn:ioos:station:GOA_RUNOFF_DISCHARGE,urn:ioos:sensor:GOA_RUNOFF_DISCHARGE:q,58.069320239858385,-154.46915010358515,2014-01-09T00:00:00Z,4.637499921447967
urn:ioos:station:GOA_RUNOFF_DISCHARGE,urn:ioos:sensor:GOA_RUNOFF_DISCHARGE:q,58.069320239858385,-154.46915010358515,2014-01-10T00:00:00Z,3.053573734851442
urn:ioos:station:GOA_RUNOFF_DISCHARGE,urn:ioos:sensor:GOA_RUNOFF_DISCHARGE:q,58.069320239858385,-154.46915010358515,2014-01-11T00:00:00Z,1.9831878535341128
urn:ioos:station:GOA_RUNOFF_DISCHARGE,urn:ioos:sensor:GOA_RUNOFF_DISCHARGE:q,58.069320239858385,-154.46915010358515,2014-01-12T00:00:00Z,1.2875477888405589
urn:ioos:station:GOA_RUNOFF_DISCHARGE,urn:ioos:sensor:GOA_RUNOFF_DISCHARGE:q,58.069320239858385,-154.46915010358515,2014-01-13T00:00:00Z,0.8362672135053268
urn:ioos:station:GOA_RUNOFF_DISCHARGE,urn:ioos:sensor:GOA_RUNOFF_DISCHARGE:q,58.069320239858385,-154.46915010358515,2014-01-14T00:00:00Z,2.848423411281087
urn:ioos:station:GOA_RUNOFF_DISCHARGE,urn:ioos:sensor:GOA_RUNOFF_DISCHARGE:q,58.069320239858385,-154.46915010358515,2014-01-15T00:00:00Z,5.228523053736006
urn:ioos:station:GOA_RUNOFF_DISCHARGE,urn:ioos:sensor:GOA_RUNOFF_DISCHARGE:q,58.069320239858385,-154.46915010358515,2014-01-16T00:00:00Z,5.331057301174346
urn:ioos:station:GOA_RUNOFF_DISCHARGE,urn:ioos:sensor:GOA_RUNOFF_DISCHARGE:q,58.069320239858385,-154.46915010358515,2014-01-17T00:00:00Z,8.919649663148888
urn:ioos:station:GOA_RUNOFF_DISCHARGE,urn:ioos:sensor:GOA_RUNOFF_DISCHARGE:q,58.069320239858385,-154.46915010358515,2014-01-18T00:00:00Z,9.580254022768024
urn:ioos:station:GOA_RUNOFF_DISCHARGE,urn:ioos:sensor:GOA_RUNOFF_DISCHARGE:q,58.069320239858385,-154.46915010358515,2014-01-19T00:00:00Z,8.750070088539093
urn:ioos:station:GOA_RUNOFF_DISCHARGE,urn:ioos:sensor:GOA_RUNOFF_DISCHARGE:q,58.069320239858385,-154.46915010358515,2014-01-20T00:00:00Z,10.276017882961174
urn:ioos:station:GOA_RUNOFF_DISCHARGE,urn:ioos:sensor:GOA_RUNOFF_DISCHARGE:q,58.069320239858385,-154.46915010358515,2014-01-21T00:00:00Z,11.500989743682128
urn:ioos:station:GOA_RUNOFF_DISCHARGE,urn:ioos:sensor:GOA_RUNOFF_DISCHARGE:q,58.069320239858385,-154.46915010358515,2014-01-22T00:00:00Z,10.038013733552114
urn:ioos:station:GOA_RUNOFF_DISCHARGE,urn:ioos:sensor:GOA_RUNOFF_DISCHARGE:q,58.069320239858385,-154.46915010358515,2014-01-23T00:00:00Z,9.4506342146082
urn:ioos:station:GOA_RUNOFF_DISCHARGE,urn:ioos:sensor:GOA_RUNOFF_DISCHARGE:q,58.069320239858385,-154.46915010358515,2014-01-24T00:00:00Z,7.912473684991076
urn:ioos:station:GOA_RUNOFF_DISCHARGE,urn:ioos:sensor:GOA_RUNOFF_DISCHARGE:q,58.069320239858385,-154.46915010358515,2014-01-25T00:00:00Z,6.682677878064807
urn:ioos:station:GOA_RUNOFF_DISCHARGE,urn:ioos:sensor:GOA_RUNOFF_DISCHARGE:q,58.069320239858385,-154.46915010358515,2014-01-26T00:00:00Z,6.7291634170567365
urn:ioos:station:GOA_RUNOFF_DISCHARGE,urn:ioos:sensor:GOA_RUNOFF_DISCHARGE:q,58.069320239858385,-154.46915010358515,2014-01-27T00:00:00Z,8.037747889598645
urn:ioos:station:GOA_RUNOFF_DISCHARGE,urn:ioos:sensor:GOA_RUNOFF_DISCHARGE:q,58.069320239858385,-154.46915010358515,2014-01-28T00:00:00Z,5.950439995903413
urn:ioos:station:GOA_RUNOFF_DISCHARGE,urn:ioos:sensor:GOA_RUNOFF_DISCHARGE:q,58.069320239858385,-154.46915010358515,2014-01-29T00:00:00Z,5.931547829140344
urn:ioos:station:GOA_RUNOFF_DISCHARGE,urn:ioos:sensor:GOA_RUNOFF_DISCHARGE:q,58.069320239858385,-154.46915010358515,2014-01-30T00:00:00Z,4.543576894223851
urn:ioos:station:GOA_RUNOFF_DISCHARGE,urn:ioos:sensor:GOA_RUNOFF_DISCHARGE:q,58.069320239858385,-154.46915010358515,2014-01-31T00:00:00Z,3.2365887389955486
urn:ioos:station:GOA_RUNOFF_DISCHARGE,urn:ioos:sensor:GOA_RUNOFF_DISCHARGE:q,58.069320239858385,-154.46915010358515,2014-02-01T00:00:00Z,2.354915875295781
urn:ioos:station:GOA_RUNOFF_DISCHARGE,urn:ioos:sensor:GOA_RUNOFF_DISCHARGE:q,58.069320239858385,-154.46915010358515,2014-02-02T00:00:00Z,1.770233151193768
urn:ioos:station:GOA_RUNOFF_DISCHARGE,urn:ioos:sensor:GOA_RUNOFF_DISCHARGE:q,58.069320239858385,-154.46915010358515,2014-02-03T00:00:00Z,2.6360337479107385
urn:ioos:station:GOA_RUNOFF_DISCHARGE,urn:ioos:sensor:GOA_RUNOFF_DISCHARGE:q,58.069320239858385,-154.46915010358515,2014-02-04T00:00:00Z,2.7368543288477567
urn:ioos:station:GOA_RUNOFF_DISCHARGE,urn:ioos:sensor:GOA_RUNOFF_DISCHARGE:q,58.069320239858385,-154.46915010358515,2014-02-05T00:00:00Z,2.1123210309255964
urn:ioos:station:GOA_RUNOFF_DISCHARGE,urn:ioos:sensor:GOA_RUNOFF_DISCHARGE:q,58.069320239858385,-154.46915010358515,2014-02-06T00:00:00Z,1.3727565864177356
urn:ioos:station:GOA_RUNOFF_DISCHARGE,urn:ioos:sensor:GOA_RUNOFF_DISCHARGE:q,58.069320239858385,-154.46915010358515,2014-02-07T00:00:00Z,0.8912811573374155
urn:ioos:station:GOA_RUNOFF_DISCHARGE,urn:ioos:sensor:GOA_RUNOFF_DISCHARGE:q,58.069320239858385,-154.46915010358515,2014-02-08T00:00:00Z,2.8230549375529437
urn:ioos:station:GOA_RUNOFF_DISCHARGE,urn:ioos:sensor:GOA_RUNOFF_DISCHARGE:q,58.069320239858385,-154.46915010358515,2014-02-09T00:00:00Z,2.110418184904169
urn:ioos:station:GOA_RUNOFF_DISCHARGE,urn:ioos:sensor:GOA_RUNOFF_DISCHARGE:q,58.069320239858385,-154.46915010358515,2014-02-10T00:00:00Z,1.3714941617480996
urn:ioos:station:GOA_RUNOFF_DISCHARGE,urn:ioos:sensor:GOA_RUNOFF_DISCHARGE:q,58.069320239858385,-154.46915010358515,2014-02-11T00:00:00Z,0.8904649753188222
urn:ioos:station:GOA_RUNOFF_DISCHARGE,urn:ioos:sensor:GOA_RUNOFF_DISCHARGE:q,58.069320239858385,-154.46915010358515,2014-02-12T00:00:00Z,0.5781026183599135
urn:ioos:station:GOA_RUNOFF_DISCHARGE,urn:ioos:sensor:GOA_RUNOFF_DISCHARGE:q,58.069320239858385,-154.46915010358515,2014-02-13T00:00:00Z,0.37530990180272833
urn:ioos:station:GOA_RUNOFF_DISCHARGE,urn:ioos:sensor:GOA_RUNOFF_DISCHARGE:q,58.069320239858385,-154.46915010358515,2014-02-14T00:00:00Z,0.24365475288977695
urn:ioos:station:GOA_RUNOFF_DISCHARGE,urn:ioos:sensor:GOA_RUNOFF_DISCHARGE:q,58.069320239858385,-154.46915010358515,2014-02-15T00:00:00Z,0.1581829392099773
urn:ioos:station:GOA_RUNOFF_DISCHARGE,urn:ioos:sensor:GOA_RUNOFF_DISCHARGE:q,58.069320239858385,-154.46915010358515,2014-02-16T00:00:00Z,0.10269385121375596
urn:ioos:station:GOA_RUNOFF_DISCHARGE,urn:ioos:sensor:GOA_RUNOFF_DISCHARGE:q,58.069320239858385,-154.46915010358515,2014-02-17T00:00:00Z,0.06666980483736461
urn:ioos:station:GOA_RUNOFF_DISCHARGE,urn:ioos:sensor:GOA_RUNOFF_DISCHARGE:q,58.069320239858385,-154.46915010358515,2014-02-18T00:00:00Z,0.04328266344450365
urn:ioos:station:GOA_RUNOFF_DISCHARGE,urn:ioos:sensor:GOA_RUNOFF_DISCHARGE:q,58.069320239858385,-154.46915010358515,2014-02-19T00:00:00Z,0.028099512546327542
urn:ioos:station:GOA_RUNOFF_DISCHARGE,urn:ioos:sensor:GOA_RUNOFF_DISCHARGE:q,58.069320239858385,-154.46915010358515,2014-02-20T00:00:00Z,0.018242468560028487
urn:ioos:station:GOA_RUNOFF_DISCHARGE,urn:ioos:sensor:GOA_RUNOFF_DISCHARGE:q,58.069320239858385,-154.46915010358515,2014-02-21T00:00:00Z,1.6920351782382643
urn:ioos:station:GOA_RUNOFF_DISCHARGE,urn:ioos:sensor:GOA_RUNOFF_DISCHARGE:q,58.069320239858385,-154.46915010358515,2014-02-22T00:00:00Z,3.368051929238629
urn:ioos:station:GOA_RUNOFF_DISCHARGE,urn:ioos:sensor:GOA_RUNOFF_DISCHARGE:q,58.069320239858385,-154.46915010358515,2014-02-23T00:00:00Z,6.093647577049761
urn:ioos:station:GOA_RUNOFF_DISCHARGE,urn:ioos:sensor:GOA_RUNOFF_DISCHARGE:q,58.069320239858385,-154.46915010358515,2014-02-24T00:00:00Z,6.392059194196016
urn:ioos:station:GOA_RUNOFF_DISCHARGE,urn:ioos:sensor:GOA_RUNOFF_DISCHARGE:q,58.069320239858385,-154.46915010358515,2014-02-25T00:00:00Z,5.910091345822403
urn:ioos:station:GOA_RUNOFF_DISCHARGE,urn:ioos:sensor:GOA_RUNOFF_DISCHARGE:q,58.069320239858385,-154.46915010358515,2014-02-26T00:00:00Z,8.985776719770735
urn:ioos:station:GOA_RUNOFF_DISCHARGE,urn:ioos:sensor:GOA_RUNOFF_DISCHARGE:q,58.069320239858385,-154.46915010358515,2014-02-27T00:00:00Z,11.104969387604323
urn:ioos:station:GOA_RUNOFF_DISCHARGE,urn:ioos:sensor:GOA_RUNOFF_DISCHARGE:q,58.069320239858385,-154.46915010358515,2014-02-28T00:00:00Z,8.096642447404536
urn:ioos:station:GOA_RUNOFF_DISCHARGE,urn:ioos:sensor:GOA_RUNOFF_DISCHARGE:q,58.069320239858385,-154.46915010358515,2014-03-01T00:00:00Z,5.75439265405365
urn:ioos:station:GOA_RUNOFF_DISCHARGE,urn:ioos:sensor:GOA_RUNOFF_DISCHARGE:q,58.069320239858385,-154.46915010358515,2014-03-02T00:00:00Z,4.075293645072366
urn:ioos:station:GOA_RUNOFF_DISCHARGE,urn:ioos:sensor:GOA_RUNOFF_DISCHARGE:q,58.069320239858385,-154.46915010358515,2014-03-03T00:00:00Z,2.8847100955326184
urn:ioos:station:GOA_RUNOFF_DISCHARGE,urn:ioos:sensor:GOA_RUNOFF_DISCHARGE:q,58.069320239858385,-154.46915010358515,2014-03-04T00:00:00Z,1.8684011405703578
urn:ioos:station:GOA_RUNOFF_DISCHARGE,urn:ioos:sensor:GOA_RUNOFF_DISCHARGE:q,58.069320239858385,-154.46915010358515,2014-03-05T00:00:00Z,1.2689141323396647
urn:ioos:station:GOA_RUNOFF_DISCHARGE,urn:ioos:sensor:GOA_RUNOFF_DISCHARGE:q,58.069320239858385,-154.46915010358515,2014-03-06T00:00:00Z,0.8866722416784227
urn:ioos:station:GOA_RUNOFF_DISCHARGE,urn:ioos:sensor:GOA_RUNOFF_DISCHARGE:q,58.069320239858385,-154.46915010358515,2014-03-07T00:00:00Z,0.5773935898316722
urn:ioos:station:GOA_RUNOFF_DISCHARGE,urn:ioos:sensor:GOA_RUNOFF_DISCHARGE:q,58.069320239858385,-154.46915010358515,2014-03-08T00:00:00Z,0.41133264904993955
urn:ioos:station:GOA_RUNOFF_DISCHARGE,urn:ioos:sensor:GOA_RUNOFF_DISCHARGE:q,58.069320239858385,-154.46915010358515,2014-03-09T00:00:00Z,0.2914046405781036
urn:ioos:station:GOA_RUNOFF_DISCHARGE,urn:ioos:sensor:GOA_RUNOFF_DISCHARGE:q,58.069320239858385,-154.46915010358515,2014-03-10T00:00:00Z,1.4614356047051729
urn:ioos:station:GOA_RUNOFF_DISCHARGE,urn:ioos:sensor:GOA_RUNOFF_DISCHARGE:q,58.069320239858385,-154.46915010358515,2014-03-11T00:00:00Z,1.0937759293061724
urn:ioos:station:GOA_RUNOFF_DISCHARGE,urn:ioos:sensor:GOA_RUNOFF_DISCHARGE:q,58.069320239858385,-154.46915010358515,2014-03-12T00:00:00Z,1.13266751556595
urn:ioos:station:GOA_RUNOFF_DISCHARGE,urn:ioos:sensor:GOA_RUNOFF_DISCHARGE:q,58.069320239858385,-154.46915010358515,2014-03-13T00:00:00Z,3.9233909100999527
urn:ioos:station:GOA_RUNOFF_DISCHARGE,urn:ioos:sensor:GOA_RUNOFF_DISCHARGE:q,58.069320239858385,-154.46915010358515,2014-03-14T00:00:00Z,2.6741769699840607
urn:ioos:station:GOA_RUNOFF_DISCHARGE,urn:ioos:sensor:GOA_RUNOFF_DISCHARGE:q,58.069320239858385,-154.46915010358515,2014-03-15T00:00:00Z,1.7432341552318327
urn:ioos:station:GOA_RUNOFF_DISCHARGE,urn:ioos:sensor:GOA_RUNOFF_DISCHARGE:q,58.069320239858385,-154.46915010358515,2014-03-16T00:00:00Z,1.1321244466793037
urn:ioos:station:GOA_RUNOFF_DISCHARGE,urn:ioos:sensor:GOA_RUNOFF_DISCHARGE:q,58.069320239858385,-154.46915010358515,2014-03-17T00:00:00Z,2.366819187520528
urn:ioos:station:GOA_RUNOFF_DISCHARGE,urn:ioos:sensor:GOA_RUNOFF_DISCHARGE:q,58.069320239858385,-154.46915010358515,2014-03-18T00:00:00Z,2.7522744330971713
urn:ioos:station:GOA_RUNOFF_DISCHARGE,urn:ioos:sensor:GOA_RUNOFF_DISCHARGE:q,58.069320239858385,-154.46915010358515,2014-03-19T00:00:00Z,1.8212234781742014
urn:ioos:station:GOA_RUNOFF_DISCHARGE,urn:ioos:sensor:GOA_RUNOFF_DISCHARGE:q,58.069320239858385,-154.46915010358515,2014-03-20T00:00:00Z,4.042617947933399
urn:ioos:station:GOA_RUNOFF_DISCHARGE,urn:ioos:sensor:GOA_RUNOFF_DISCHARGE:q,58.069320239858385,-154.46915010358515,2014-03-21T00:00:00Z,4.729922668249768
urn:ioos:station:GOA_RUNOFF_DISCHARGE,urn:ioos:sensor:GOA_RUNOFF_DISCHARGE:q,58.069320239858385,-154.46915010358515,2014-03-22T00:00:00Z,4.933907656500861
urn:ioos:station:GOA_RUNOFF_DISCHARGE,urn:ioos:sensor:GOA_RUNOFF_DISCHARGE:q,58.069320239858385,-154.46915010358515,2014-03-23T00:00:00Z,3.5721458470047764
urn:ioos:station:GOA_RUNOFF_DISCHARGE,urn:ioos:sensor:GOA_RUNOFF_DISCHARGE:q,58.069320239858385,-154.46915010358515,2014-03-24T00:00:00Z,2.536332457208116
urn:ioos:station:GOA_RUNOFF_DISCHARGE,urn:ioos:sensor:GOA_RUNOFF_DISCHARGE:q,58.069320239858385,-154.46915010358515,2014-03-25T00:00:00Z,1.7960020856028585
urn:ioos:station:GOA_RUNOFF_DISCHARGE,urn:ioos:sensor:GOA_RUNOFF_DISCHARGE:q,58.069320239858385,-154.46915010358515,2014-03-26T00:00:00Z,1.2712819021608515
urn:ioos:station:GOA_RUNOFF_DISCHARGE,urn:ioos:sensor:GOA_RUNOFF_DISCHARGE:q,58.069320239858385,-154.46915010358515,2014-03-27T00:00:00Z,0.8998156138172994
urn:ioos:station:GOA_RUNOFF_DISCHARGE,urn:ioos:sensor:GOA_RUNOFF_DISCHARGE:q,58.069320239858385,-154.46915010358515,2014-03-28T00:00:00Z,0.5803144269007906
urn:ioos:station:GOA_RUNOFF_DISCHARGE,urn:ioos:sensor:GOA_RUNOFF_DISCHARGE:q,58.069320239858385,-154.46915010358515,2014-03-29T00:00:00Z,0.4130876574596011
urn:ioos:station:GOA_RUNOFF_DISCHARGE,urn:ioos:sensor:GOA_RUNOFF_DISCHARGE:q,58.069320239858385,-154.46915010358515,2014-03-30T00:00:00Z,0.2926156591994216
urn:ioos:station:GOA_RUNOFF_DISCHARGE,urn:ioos:sensor:GOA_RUNOFF_DISCHARGE:q,58.069320239858385,-154.46915010358515,2014-03-31T00:00:00Z,0.2071354258469608
urn:ioos:station:GOA_RUNOFF_DISCHARGE,urn:ioos:sensor:GOA_RUNOFF_DISCHARGE:q,58.069320239858385,-154.46915010358515,2014-04-01T00:00:00Z,0.14661187516188387
urn:ioos:station:GOA_RUNOFF_DISCHARGE,urn:ioos:sensor:GOA_RUNOFF_DISCHARGE:q,58.069320239858385,-154.46915010358515,2014-04-02T00:00:00Z,0.10377147064634833
urn:ioos:station:GOA_RUNOFF_DISCHARGE,urn:ioos:sensor:GOA_RUNOFF_DISCHARGE:q,58.069320239858385,-154.46915010358515,2014-04-03T00:00:00Z,0.36751071954945935
urn:ioos:station:GOA_RUNOFF_DISCHARGE,urn:ioos:sensor:GOA_RUNOFF_DISCHARGE:q,58.069320239858385,-154.46915010358515,2014-04-04T00:00:00Z,2.79920858277308
urn:ioos:station:GOA_RUNOFF_DISCHARGE,urn:ioos:sensor:GOA_RUNOFF_DISCHARGE:q,58.069320239858385,-154.46915010358515,2014-04-05T00:00:00Z,3.1775760426576323
urn:ioos:station:GOA_RUNOFF_DISCHARGE,urn:ioos:sensor:GOA_RUNOFF_DISCHARGE:q,58.069320239858385,-154.46915010358515,2014-04-06T00:00:00Z,2.389235250407073
urn:ioos:station:GOA_RUNOFF_DISCHARGE,urn:ioos:sensor:GOA_RUNOFF_DISCHARGE:q,58.069320239858385,-154.46915010358515,2014-04-07T00:00:00Z,1.718009999955398
urn:ioos:station:GOA_RUNOFF_DISCHARGE,urn:ioos:sensor:GOA_RUNOFF_DISCHARGE:q,58.069320239858385,-154.46915010358515,2014-04-08T00:00:00Z,1.2282782924864764
urn:ioos:station:GOA_RUNOFF_DISCHARGE,urn:ioos:sensor:GOA_RUNOFF_DISCHARGE:q,58.069320239858385,-154.46915010358515,2014-04-09T00:00:00Z,0.8705960607483627
urn:ioos:station:GOA_RUNOFF_DISCHARGE,urn:ioos:sensor:GOA_RUNOFF_DISCHARGE:q,58.069320239858385,-154.46915010358515,2014-04-10T00:00:00Z,0.6163264851104436
urn:ioos:station:GOA_RUNOFF_DISCHARGE,urn:ioos:sensor:GOA_RUNOFF_DISCHARGE:q,58.069320239858385,-154.46915010358515,2014-04-11T00:00:00Z,0.4362453751059497
urn:ioos:station:GOA_RUNOFF_DISCHARGE,urn:ioos:sensor:GOA_RUNOFF_DISCHARGE:q,58.069320239858385,-154.46915010358515,2014-04-12T00:00:00Z,3.290195216140674
urn:ioos:station:GOA_RUNOFF_DISCHARGE,urn:ioos:sensor:GOA_RUNOFF_DISCHARGE:q,58.069320239858385,-154.46915010358515,2014-04-13T00:00:00Z,3.536990293152321
urn:ioos:station:GOA_RUNOFF_DISCHARGE,urn:ioos:sensor:GOA_RUNOFF_DISCHARGE:q,58.069320239858385,-154.46915010358515,2014-04-14T00:00:00Z,2.5680325247774682
urn:ioos:station:GOA_RUNOFF_DISCHARGE,urn:ioos:sensor:GOA_RUNOFF_DISCHARGE:q,58.069320239858385,-154.46915010358515,2014-04-15T00:00:00Z,1.8240893242562515
urn:ioos:station:GOA_RUNOFF_DISCHARGE,urn:ioos:sensor:GOA_RUNOFF_DISCHARGE:q,58.069320239858385,-154.46915010358515,2014-04-16T00:00:00Z,1.2917263145134414
urn:ioos:station:GOA_RUNOFF_DISCHARGE,urn:ioos:sensor:GOA_RUNOFF_DISCHARGE:q,58.069320239858385,-154.46915010358515,2014-04-17T00:00:00Z,1.27088380951284
urn:ioos:station:GOA_RUNOFF_DISCHARGE,urn:ioos:sensor:GOA_RUNOFF_DISCHARGE:q,58.069320239858385,-154.46915010358515,2014-04-18T00:00:00Z,1.0850505830601733
urn:ioos:station:GOA_RUNOFF_DISCHARGE,urn:ioos:sensor:GOA_RUNOFF_DISCHARGE:q,58.069320239858385,-154.46915010358515,2014-04-19T00:00:00Z,3.3589176368603284
urn:ioos:station:GOA_RUNOFF_DISCHARGE,urn:ioos:sensor:GOA_RUNOFF_DISCHARGE:q,58.069320239858385,-154.46915010358515,2014-04-20T00:00:00Z,2.500499382821206
urn:ioos:station:GOA_RUNOFF_DISCHARGE,urn:ioos:sensor:GOA_RUNOFF_DISCHARGE:q,58.069320239858385,-154.46915010358515,2014-04-21T00:00:00Z,1.7821322535821842
urn:ioos:station:GOA_RUNOFF_DISCHARGE,urn:ioos:sensor:GOA_RUNOFF_DISCHARGE:q,58.069320239858385,-154.46915010358515,2014-04-22T00:00:00Z,1.2626125335823108
urn:ioos:station:GOA_RUNOFF_DISCHARGE,urn:ioos:sensor:GOA_RUNOFF_DISCHARGE:q,58.069320239858385,-154.46915010358515,2014-04-23T00:00:00Z,0.8937941007333152
urn:ioos:station:GOA_RUNOFF_DISCHARGE,urn:ioos:sensor:GOA_RUNOFF_DISCHARGE:q,58.069320239858385,-154.46915010358515,2014-04-24T00:00:00Z,0.6326357199486176
urn:ioos:station:GOA_RUNOFF_DISCHARGE,urn:ioos:sensor:GOA_RUNOFF_DISCHARGE:q,58.069320239858385,-154.46915010358515,2014-04-25T00:00:00Z,1.4171843047883186
urn:ioos:station:GOA_RUNOFF_DISCHARGE,urn:ioos:sensor:GOA_RUNOFF_DISCHARGE:q,58.069320239858385,-154.46915010358515,2014-04-26T00:00:00Z,3.99100535452035
urn:ioos:station:GOA_RUNOFF_DISCHARGE,urn:ioos:sensor:GOA_RUNOFF_DISCHARGE:q,58.069320239858385,-154.46915010358515,2014-04-27T00:00:00Z,2.9685708245823084
urn:ioos:station:GOA_RUNOFF_DISCHARGE,urn:ioos:sensor:GOA_RUNOFF_DISCHARGE:q,58.069320239858385,-154.46915010358515,2014-04-28T00:00:00Z,2.115496826207486
urn:ioos:station:GOA_RUNOFF_DISCHARGE,urn:ioos:sensor:GOA_RUNOFF_DISCHARGE:q,58.069320239858385,-154.46915010358515,2014-04-29T00:00:00Z,1.4987726431211867
urn:ioos:station:GOA_RUNOFF_DISCHARGE,urn:ioos:sensor:GOA_RUNOFF_DISCHARGE:q,58.069320239858385,-154.46915010358515,2014-04-30T00:00:00Z,1.0609677538801774
urn:ioos:station:GOA_RUNOFF_DISCHARGE,urn:ioos:sensor:GOA_RUNOFF_DISCHARGE:q,58.069320239858385,-154.46915010358515,2014-05-01T00:00:00Z,0.7509625763729365
urn:ioos:station:GOA_RUNOFF_DISCHARGE,urn:ioos:sensor:GOA_RUNOFF_DISCHARGE:q,58.069320239858385,-154.46915010358515,2014-05-02T00:00:00Z,0.5315294292600066
urn:ioos:station:GOA_RUNOFF_DISCHARGE,urn:ioos:sensor:GOA_RUNOFF_DISCHARGE:q,58.069320239858385,-154.46915010358515,2014-05-03T00:00:00Z,0.3762142930481861
urn:ioos:station:GOA_RUNOFF_DISCHARGE,urn:ioos:sensor:GOA_RUNOFF_DISCHARGE:q,58.069320239858385,-154.46915010358515,2014-05-04T00:00:00Z,0.266282820502783
urn:ioos:station:GOA_RUNOFF_DISCHARGE,urn:ioos:sensor:GOA_RUNOFF_DISCHARGE:q,58.069320239858385,-154.46915010358515,2014-05-05T00:00:00Z,0.18847378051233732
urn:ioos:station:GOA_RUNOFF_DISCHARGE,urn:ioos:sensor:GOA_RUNOFF_DISCHARGE:q,58.069320239858385,-154.46915010358515,2014-05-06T00:00:00Z,0.13340091541629345
urn:ioos:station:GOA_RUNOFF_DISCHARGE,urn:ioos:sensor:GOA_RUNOFF_DISCHARGE:q,58.069320239858385,-154.46915010358515,2014-05-07T00:00:00Z,0.09442057725543704
urn:ioos:station:GOA_RUNOFF_DISCHARGE,urn:ioos:sensor:GOA_RUNOFF_DISCHARGE:q,58.069320239858385,-154.46915010358515,2014-05-08T00:00:00Z,0.06683047340536835
urn:ioos:station:GOA_RUNOFF_DISCHARGE,urn:ioos:sensor:GOA_RUNOFF_DISCHARGE:q,58.069320239858385,-154.46915010358515,2014-05-09T00:00:00Z,0.04730230890758925
urn:ioos:station:GOA_RUNOFF_DISCHARGE,urn:ioos:sensor:GOA_RUNOFF_DISCHARGE:q,58.069320239858385,-154.46915010358515,2014-05-10T00:00:00Z,0.03348036377517545
urn:ioos:station:GOA_RUNOFF_DISCHARGE,urn:ioos:sensor:GOA_RUNOFF_DISCHARGE:q,58.069320239858385,-154.46915010358515,2014-05-11T00:00:00Z,0.02369725298384826
urn:ioos:station:GOA_RUNOFF_DISCHARGE,urn:ioos:sensor:GOA_RUNOFF_DISCHARGE:q,58.069320239858385,-154.46915010358515,2014-05-12T00:00:00Z,0.01677280914694188
urn:ioos:station:GOA_RUNOFF_DISCHARGE,urn:ioos:sensor:GOA_RUNOFF_DISCHARGE:q,58.069320239858385,-154.46915010358515,2014-05-13T00:00:00Z,0.01187171995201008
urn:ioos:station:GOA_RUNOFF_DISCHARGE,urn:ioos:sensor:GOA_RUNOFF_DISCHARGE:q,58.069320239858385,-154.46915010358515,2014-05-14T00:00:00Z,0.008402750578598314
urn:ioos:station:GOA_RUNOFF_DISCHARGE,urn:ioos:sensor:GOA_RUNOFF_DISCHARGE:q,58.069320239858385,-154.46915010358515,2014-05-15T00:00:00Z,0.005947429831369655
urn:ioos:station:GOA_RUNOFF_DISCHARGE,urn:ioos:sensor:GOA_RUNOFF_DISCHARGE:q,58.069320239858385,-154.46915010358515,2014-05-16T00:00:00Z,0.00420956473653601
urn:ioos:station:GOA_RUNOFF_DISCHARGE,urn:ioos:sensor:GOA_RUNOFF_DISCHARGE:q,58.069320239858385,-154.46915010358515,2014-05-17T00:00:00Z,0.0029795111490799374
urn:ioos:station:GOA_RUNOFF_DISCHARGE,urn:ioos:sensor:GOA_RUNOFF_DISCHARGE:q,58.069320239858385,-154.46915010358515,2014-05-18T00:00:00Z,0.0021088848003269784
urn:ioos:station:GOA_RUNOFF_DISCHARGE,urn:ioos:sensor:GOA_RUNOFF_DISCHARGE:q,58.069320239858385,-154.46915010358515,2014-05-19T00:00:00Z,0.0014926592156199155
urn:ioos:station:GOA_RUNOFF_DISCHARGE,urn:ioos:sensor:GOA_RUNOFF_DISCHARGE:q,58.069320239858385,-154.46915010358515,2014-05-20T00:00:00Z,0.0010564975988872584
urn:ioos:station:GOA_RUNOFF_DISCHARGE,urn:ioos:sensor:GOA_RUNOFF_DISCHARGE:q,58.069320239858385,-154.46915010358515,2014-05-21T00:00:00Z,7.477843832521407E-4
urn:ioos:station:GOA_RUNOFF_DISCHARGE,urn:ioos:sensor:GOA_RUNOFF_DISCHARGE:q,58.069320239858385,-154.46915010358515,2014-05-22T00:00:00Z,5.292784543896596E-4
urn:ioos:station:GOA_RUNOFF_DISCHARGE,urn:ioos:sensor:GOA_RUNOFF_DISCHARGE:q,58.069320239858385,-154.46915010358515,2014-05-23T00:00:00Z,3.7462092832425746E-4
urn:ioos:station:GOA_RUNOFF_DISCHARGE,urn:ioos:sensor:GOA_RUNOFF_DISCHARGE:q,58.069320239858385,-154.46915010358515,2014-05-24T00:00:00Z,2.651550342821645E-4
urn:ioos:station:GOA_RUNOFF_DISCHARGE,urn:ioos:sensor:GOA_RUNOFF_DISCHARGE:q,58.069320239858385,-154.46915010358515,2014-05-25T00:00:00Z,1.8767555517752355E-4
urn:ioos:station:GOA_RUNOFF_DISCHARGE,urn:ioos:sensor:GOA_RUNOFF_DISCHARGE:q,58.069320239858385,-154.46915010358515,2014-05-26T00:00:00Z,1.3283592655116046E-4
urn:ioos:station:GOA_RUNOFF_DISCHARGE,urn:ioos:sensor:GOA_RUNOFF_DISCHARGE:q,58.069320239858385,-154.46915010358515,2014-05-27T00:00:00Z,0.17771993449724674
urn:ioos:station:GOA_RUNOFF_DISCHARGE,urn:ioos:sensor:GOA_RUNOFF_DISCHARGE:q,58.069320239858385,-154.46915010358515,2014-05-28T00:00:00Z,1.0198690951453948
urn:ioos:station:GOA_RUNOFF_DISCHARGE,urn:ioos:sensor:GOA_RUNOFF_DISCHARGE:q,58.069320239858385,-154.46915010358515,2014-05-29T00:00:00Z,3.676707919980608
urn:ioos:station:GOA_RUNOFF_DISCHARGE,urn:ioos:sensor:GOA_RUNOFF_DISCHARGE:q,58.069320239858385,-154.46915010358515,2014-05-30T00:00:00Z,4.150368182585341
urn:ioos:station:GOA_RUNOFF_DISCHARGE,urn:ioos:sensor:GOA_RUNOFF_DISCHARGE:q,58.069320239858385,-154.46915010358515,2014-05-31T00:00:00Z,3.0183055678771433
urn:ioos:station:GOA_RUNOFF_DISCHARGE,urn:ioos:sensor:GOA_RUNOFF_DISCHARGE:q,58.069320239858385,-154.46915010358515,2014-06-01T00:00:00Z,2.1444011677811696
urn:ioos:station:GOA_RUNOFF_DISCHARGE,urn:ioos:sensor:GOA_RUNOFF_DISCHARGE:q,58.069320239858385,-154.46915010358515,2014-06-02T00:00:00Z,1.5186021562547396
urn:ioos:station:GOA_RUNOFF_DISCHARGE,urn:ioos:sensor:GOA_RUNOFF_DISCHARGE:q,58.069320239858385,-154.46915010358515,2014-06-03T00:00:00Z,1.0749402664401024
urn:ioos:station:GOA_RUNOFF_DISCHARGE,urn:ioos:sensor:GOA_RUNOFF_DISCHARGE:q,58.069320239858385,-154.46915010358515,2014-06-04T00:00:00Z,0.7608459565033115
urn:ioos:station:GOA_RUNOFF_DISCHARGE,urn:ioos:sensor:GOA_RUNOFF_DISCHARGE:q,58.069320239858385,-154.46915010358515,2014-06-05T00:00:00Z,0.538524170991323
urn:ioos:station:GOA_RUNOFF_DISCHARGE,urn:ioos:sensor:GOA_RUNOFF_DISCHARGE:q,58.069320239858385,-154.46915010358515,2014-06-06T00:00:00Z,0.38904883422499825
urn:ioos:station:GOA_RUNOFF_DISCHARGE,urn:ioos:sensor:GOA_RUNOFF_DISCHARGE:q,58.069320239858385,-154.46915010358515,2014-06-07T00:00:00Z,0.41339441639284663
urn:ioos:station:GOA_RUNOFF_DISCHARGE,urn:ioos:sensor:GOA_RUNOFF_DISCHARGE:q,58.069320239858385,-154.46915010358515,2014-06-08T00:00:00Z,0.455491858797062
urn:ioos:station:GOA_RUNOFF_DISCHARGE,urn:ioos:sensor:GOA_RUNOFF_DISCHARGE:q,58.069320239858385,-154.46915010358515,2014-06-09T00:00:00Z,0.33044498535134414
urn:ioos:station:GOA_RUNOFF_DISCHARGE,urn:ioos:sensor:GOA_RUNOFF_DISCHARGE:q,58.069320239858385,-154.46915010358515,2014-06-10T00:00:00Z,0.23469132066567513
urn:ioos:station:GOA_RUNOFF_DISCHARGE,urn:ioos:sensor:GOA_RUNOFF_DISCHARGE:q,58.069320239858385,-154.46915010358515,2014-06-11T00:00:00Z,0.1661937644068975
urn:ioos:station:GOA_RUNOFF_DISCHARGE,urn:ioos:sensor:GOA_RUNOFF_DISCHARGE:q,58.069320239858385,-154.46915010358515,2014-06-12T00:00:00Z,1.1211892652532076
urn:ioos:station:GOA_RUNOFF_DISCHARGE,urn:ioos:sensor:GOA_RUNOFF_DISCHARGE:q,58.069320239858385,-154.46915010358515,2014-06-13T00:00:00Z,3.2227828438641453
urn:ioos:station:GOA_RUNOFF_DISCHARGE,urn:ioos:sensor:GOA_RUNOFF_DISCHARGE:q,58.069320239858385,-154.46915010358515,2014-06-14T00:00:00Z,2.398481103448134
urn:ioos:station:GOA_RUNOFF_DISCHARGE,urn:ioos:sensor:GOA_RUNOFF_DISCHARGE:q,58.069320239858385,-154.46915010358515,2014-06-15T00:00:00Z,1.709358523181262
urn:ioos:station:GOA_RUNOFF_DISCHARGE,urn:ioos:sensor:GOA_RUNOFF_DISCHARGE:q,58.069320239858385,-154.46915010358515,2014-06-16T00:00:00Z,1.5488356220924222
urn:ioos:station:GOA_RUNOFF_DISCHARGE,urn:ioos:sensor:GOA_RUNOFF_DISCHARGE:q,58.069320239858385,-154.46915010358515,2014-06-17T00:00:00Z,2.596416820006939
urn:ioos:station:GOA_RUNOFF_DISCHARGE,urn:ioos:sensor:GOA_RUNOFF_DISCHARGE:q,58.069320239858385,-154.46915010358515,2014-06-18T00:00:00Z,1.9095436079144557
urn:ioos:station:GOA_RUNOFF_DISCHARGE,urn:ioos:sensor:GOA_RUNOFF_DISCHARGE:q,58.069320239858385,-154.46915010358515,2014-06-19T00:00:00Z,1.3587376998794813
urn:ioos:station:GOA_RUNOFF_DISCHARGE,urn:ioos:sensor:GOA_RUNOFF_DISCHARGE:q,58.069320239858385,-154.46915010358515,2014-06-20T00:00:00Z,0.9624246286193161
urn:ioos:station:GOA_RUNOFF_DISCHARGE,urn:ioos:sensor:GOA_RUNOFF_DISCHARGE:q,58.069320239858385,-154.46915010358515,2014-06-21T00:00:00Z,0.6812713670677046
urn:ioos:station:GOA_RUNOFF_DISCHARGE,urn:ioos:sensor:GOA_RUNOFF_DISCHARGE:q,58.069320239858385,-154.46915010358515,2014-06-22T00:00:00Z,4.281137802292957
urn:ioos:station:GOA_RUNOFF_DISCHARGE,urn:ioos:sensor:GOA_RUNOFF_DISCHARGE:q,58.069320239858385,-154.46915010358515,2014-06-23T00:00:00Z,3.220088285497796
urn:ioos:station:GOA_RUNOFF_DISCHARGE,urn:ioos:sensor:GOA_RUNOFF_DISCHARGE:q,58.069320239858385,-154.46915010358515,2014-06-24T00:00:00Z,2.2975929020150554
urn:ioos:station:GOA_RUNOFF_DISCHARGE,urn:ioos:sensor:GOA_RUNOFF_DISCHARGE:q,58.069320239858385,-154.46915010358515,2014-06-25T00:00:00Z,1.6280661889653887
urn:ioos:station:GOA_RUNOFF_DISCHARGE,urn:ioos:sensor:GOA_RUNOFF_DISCHARGE:q,58.069320239858385,-154.46915010358515,2014-06-26T00:00:00Z,1.1525218930453305
urn:ioos:station:GOA_RUNOFF_DISCHARGE,urn:ioos:sensor:GOA_RUNOFF_DISCHARGE:q,58.069320239858385,-154.46915010358515,2014-06-27T00:00:00Z,0.8157682706165172
urn:ioos:station:GOA_RUNOFF_DISCHARGE,urn:ioos:sensor:GOA_RUNOFF_DISCHARGE:q,58.069320239858385,-154.46915010358515,2014-06-28T00:00:00Z,0.5773989179057781
urn:ioos:station:GOA_RUNOFF_DISCHARGE,urn:ioos:sensor:GOA_RUNOFF_DISCHARGE:q,58.069320239858385,-154.46915010358515,2014-06-29T00:00:00Z,0.40868058371905236
urn:ioos:station:GOA_RUNOFF_DISCHARGE,urn:ioos:sensor:GOA_RUNOFF_DISCHARGE:q,58.069320239858385,-154.46915010358515,2014-06-30T00:00:00Z,0.2892623272260277
urn:ioos:station:GOA_RUNOFF_DISCHARGE,urn:ioos:sensor:GOA_RUNOFF_DISCHARGE:q,58.069320239858385,-154.46915010358515,2014-07-01T00:00:00Z,0.2047385982882889
urn:ioos:station:GOA_RUNOFF_DISCHARGE,urn:ioos:sensor:GOA_RUNOFF_DISCHARGE:q,58.069320239858385,-154.46915010358515,2014-07-02T00:00:00Z,0.14491307464510494
urn:ioos:station:GOA_RUNOFF_DISCHARGE,urn:ioos:sensor:GOA_RUNOFF_DISCHARGE:q,58.069320239858385,-154.46915010358515,2014-07-03T00:00:00Z,0.10256883058600862
urn:ioos:station:GOA_RUNOFF_DISCHARGE,urn:ioos:sensor:GOA_RUNOFF_DISCHARGE:q,58.069320239858385,-154.46915010358515,2014-07-04T00:00:00Z,0.07259776417570528
urn:ioos:station:GOA_RUNOFF_DISCHARGE,urn:ioos:sensor:GOA_RUNOFF_DISCHARGE:q,58.069320239858385,-154.46915010358515,2014-07-05T00:00:00Z,0.0513843742388461
urn:ioos:station:GOA_RUNOFF_DISCHARGE,urn:ioos:sensor:GOA_RUNOFF_DISCHARGE:q,58.069320239858385,-154.46915010358515,2014-07-06T00:00:00Z,0.03636963118298266
urn:ioos:station:GOA_RUNOFF_DISCHARGE,urn:ioos:sensor:GOA_RUNOFF_DISCHARGE:q,58.069320239858385,-154.46915010358515,2014-07-07T00:00:00Z,0.0257422632047988
urn:ioos:station:GOA_RUNOFF_DISCHARGE,urn:ioos:sensor:GOA_RUNOFF_DISCHARGE:q,58.069320239858385,-154.46915010358515,2014-07-08T00:00:00Z,0.15604115208744265
urn:ioos:station:GOA_RUNOFF_DISCHARGE,urn:ioos:sensor:GOA_RUNOFF_DISCHARGE:q,58.069320239858385,-154.46915010358515,2014-07-09T00:00:00Z,0.30286950492688863
urn:ioos:station:GOA_RUNOFF_DISCHARGE,urn:ioos:sensor:GOA_RUNOFF_DISCHARGE:q,58.069320239858385,-154.46915010358515,2014-07-10T00:00:00Z,0.9810351967990848
urn:ioos:station:GOA_RUNOFF_DISCHARGE,urn:ioos:sensor:GOA_RUNOFF_DISCHARGE:q,58.069320239858385,-154.46915010358515,2014-07-11T00:00:00Z,1.6027366562233036
urn:ioos:station:GOA_RUNOFF_DISCHARGE,urn:ioos:sensor:GOA_RUNOFF_DISCHARGE:q,58.069320239858385,-154.46915010358515,2014-07-12T00:00:00Z,1.1793125021089013
urn:ioos:station:GOA_RUNOFF_DISCHARGE,urn:ioos:sensor:GOA_RUNOFF_DISCHARGE:q,58.069320239858385,-154.46915010358515,2014-07-13T00:00:00Z,0.839196141353643
urn:ioos:station:GOA_RUNOFF_DISCHARGE,urn:ioos:sensor:GOA_RUNOFF_DISCHARGE:q,58.069320239858385,-154.46915010358515,2014-07-14T00:00:00Z,0.5944270480760931
urn:ioos:station:GOA_RUNOFF_DISCHARGE,urn:ioos:sensor:GOA_RUNOFF_DISCHARGE:q,58.069320239858385,-154.46915010358515,2014-07-15T00:00:00Z,0.42077751552566006
urn:ioos:station:GOA_RUNOFF_DISCHARGE,urn:ioos:sensor:GOA_RUNOFF_DISCHARGE:q,58.069320239858385,-154.46915010358515,2014-07-16T00:00:00Z,0.2978289494866249
urn:ioos:station:GOA_RUNOFF_DISCHARGE,urn:ioos:sensor:GOA_RUNOFF_DISCHARGE:q,58.069320239858385,-154.46915010358515,2014-07-17T00:00:00Z,0.21080245640567644
urn:ioos:station:GOA_RUNOFF_DISCHARGE,urn:ioos:sensor:GOA_RUNOFF_DISCHARGE:q,58.069320239858385,-154.46915010358515,2014-07-18T00:00:00Z,0.1492050850075086
urn:ioos:station:GOA_RUNOFF_DISCHARGE,urn:ioos:sensor:GOA_RUNOFF_DISCHARGE:q,58.069320239858385,-154.46915010358515,2014-07-19T00:00:00Z,0.10560669617171546
urn:ioos:station:GOA_RUNOFF_DISCHARGE,urn:ioos:sensor:GOA_RUNOFF_DISCHARGE:q,58.069320239858385,-154.46915010358515,2014-07-20T00:00:00Z,0.07474795452622794
urn:ioos:station:GOA_RUNOFF_DISCHARGE,urn:ioos:sensor:GOA_RUNOFF_DISCHARGE:q,58.069320239858385,-154.46915010358515,2014-07-21T00:00:00Z,0.052906267072869474
urn:ioos:station:GOA_RUNOFF_DISCHARGE,urn:ioos:sensor:GOA_RUNOFF_DISCHARGE:q,58.069320239858385,-154.46915010358515,2014-07-22T00:00:00Z,0.03744682305407271
urn:ioos:station:GOA_RUNOFF_DISCHARGE,urn:ioos:sensor:GOA_RUNOFF_DISCHARGE:q,58.069320239858385,-154.46915010358515,2014-07-23T00:00:00Z,0.02650469375356375
urn:ioos:station:GOA_RUNOFF_DISCHARGE,urn:ioos:sensor:GOA_RUNOFF_DISCHARGE:q,58.069320239858385,-154.46915010358515,2014-07-24T00:00:00Z,0.018759906367960825
urn:ioos:station:GOA_RUNOFF_DISCHARGE,urn:ioos:sensor:GOA_RUNOFF_DISCHARGE:q,58.069320239858385,-154.46915010358515,2014-07-25T00:00:00Z,0.013278177347157954
urn:ioos:station:GOA_RUNOFF_DISCHARGE,urn:ioos:sensor:GOA_RUNOFF_DISCHARGE:q,58.069320239858385,-154.46915010358515,2014-07-26T00:00:00Z,0.009398235549373126
urn:ioos:station:GOA_RUNOFF_DISCHARGE,urn:ioos:sensor:GOA_RUNOFF_DISCHARGE:q,58.069320239858385,-154.46915010358515,2014-07-27T00:00:00Z,0.006652029603568839
urn:ioos:station:GOA_RUNOFF_DISCHARGE,urn:ioos:sensor:GOA_RUNOFF_DISCHARGE:q,58.069320239858385,-154.46915010358515,2014-07-28T00:00:00Z,0.00470827642984816
urn:ioos:station:GOA_RUNOFF_DISCHARGE,urn:ioos:sensor:GOA_RUNOFF_DISCHARGE:q,58.069320239858385,-154.46915010358515,2014-07-29T00:00:00Z,0.003332497086388189
urn:ioos:station:GOA_RUNOFF_DISCHARGE,urn:ioos:sensor:GOA_RUNOFF_DISCHARGE:q,58.069320239858385,-154.46915010358515,2014-07-30T00:00:00Z,0.002358726792633534
urn:ioos:station:GOA_RUNOFF_DISCHARGE,urn:ioos:sensor:GOA_RUNOFF_DISCHARGE:q,58.069320239858385,-154.46915010358515,2014-07-31T00:00:00Z,0.001669496366144453
urn:ioos:station:GOA_RUNOFF_DISCHARGE,urn:ioos:sensor:GOA_RUNOFF_DISCHARGE:q,58.069320239858385,-154.46915010358515,2014-08-01T00:00:00Z,0.001181662053287804
urn:ioos:station:GOA_RUNOFF_DISCHARGE,urn:ioos:sensor:GOA_RUNOFF_DISCHARGE:q,58.069320239858385,-154.46915010358515,2014-08-02T00:00:00Z,8.363751779236244E-4
urn:ioos:station:GOA_RUNOFF_DISCHARGE,urn:ioos:sensor:GOA_RUNOFF_DISCHARGE:q,58.069320239858385,-154.46915010358515,2014-08-03T00:00:00Z,5.9198260342458E-4
urn:ioos:station:GOA_RUNOFF_DISCHARGE,urn:ioos:sensor:GOA_RUNOFF_DISCHARGE:q,58.069320239858385,-154.46915010358515,2014-08-04T00:00:00Z,4.190026601941228E-4
urn:ioos:station:GOA_RUNOFF_DISCHARGE,urn:ioos:sensor:GOA_RUNOFF_DISCHARGE:q,58.069320239858385,-154.46915010358515,2014-08-05T00:00:00Z,2.9656824636871095E-4
urn:ioos:station:GOA_RUNOFF_DISCHARGE,urn:ioos:sensor:GOA_RUNOFF_DISCHARGE:q,58.069320239858385,-154.46915010358515,2014-08-06T00:00:00Z,2.0990970079427592E-4
urn:ioos:station:GOA_RUNOFF_DISCHARGE,urn:ioos:sensor:GOA_RUNOFF_DISCHARGE:q,58.069320239858385,-154.46915010358515,2014-08-07T00:00:00Z,4.371797680131323
urn:ioos:station:GOA_RUNOFF_DISCHARGE,urn:ioos:sensor:GOA_RUNOFF_DISCHARGE:q,58.069320239858385,-154.46915010358515,2014-08-08T00:00:00Z,3.366639792264486
urn:ioos:station:GOA_RUNOFF_DISCHARGE,urn:ioos:sensor:GOA_RUNOFF_DISCHARGE:q,58.069320239858385,-154.46915010358515,2014-08-09T00:00:00Z,2.406641871174985
urn:ioos:station:GOA_RUNOFF_DISCHARGE,urn:ioos:sensor:GOA_RUNOFF_DISCHARGE:q,58.069320239858385,-154.46915010358515,2014-08-10T00:00:00Z,1.7057822672184249
urn:ioos:station:GOA_RUNOFF_DISCHARGE,urn:ioos:sensor:GOA_RUNOFF_DISCHARGE:q,58.069320239858385,-154.46915010358515,2014-08-11T00:00:00Z,1.2075818161835923
urn:ioos:station:GOA_RUNOFF_DISCHARGE,urn:ioos:sensor:GOA_RUNOFF_DISCHARGE:q,58.069320239858385,-154.46915010358515,2014-08-12T00:00:00Z,2.226228019653643
urn:ioos:station:GOA_RUNOFF_DISCHARGE,urn:ioos:sensor:GOA_RUNOFF_DISCHARGE:q,58.069320239858385,-154.46915010358515,2014-08-13T00:00:00Z,2.2348050349476813
urn:ioos:station:GOA_RUNOFF_DISCHARGE,urn:ioos:sensor:GOA_RUNOFF_DISCHARGE:q,58.069320239858385,-154.46915010358515,2014-08-14T00:00:00Z,1.616373236999786
urn:ioos:station:GOA_RUNOFF_DISCHARGE,urn:ioos:sensor:GOA_RUNOFF_DISCHARGE:q,58.069320239858385,-154.46915010358515,2014-08-15T00:00:00Z,1.1475157398613307
urn:ioos:station:GOA_RUNOFF_DISCHARGE,urn:ioos:sensor:GOA_RUNOFF_DISCHARGE:q,58.069320239858385,-154.46915010358515,2014-08-16T00:00:00Z,5.168222936825241
urn:ioos:station:GOA_RUNOFF_DISCHARGE,urn:ioos:sensor:GOA_RUNOFF_DISCHARGE:q,58.069320239858385,-154.46915010358515,2014-08-17T00:00:00Z,3.8641264129265127
urn:ioos:station:GOA_RUNOFF_DISCHARGE,urn:ioos:sensor:GOA_RUNOFF_DISCHARGE:q,58.069320239858385,-154.46915010358515,2014-08-18T00:00:00Z,2.755590468551824
urn:ioos:station:GOA_RUNOFF_DISCHARGE,urn:ioos:sensor:GOA_RUNOFF_DISCHARGE:q,58.069320239858385,-154.46915010358515,2014-08-19T00:00:00Z,1.9524496020089153
urn:ioos:station:GOA_RUNOFF_DISCHARGE,urn:ioos:sensor:GOA_RUNOFF_DISCHARGE:q,58.069320239858385,-154.46915010358515,2014-08-20T00:00:00Z,1.382140443156009
urn:ioos:station:GOA_RUNOFF_DISCHARGE,urn:ioos:sensor:GOA_RUNOFF_DISCHARGE:q,58.069320239858385,-154.46915010358515,2014-08-21T00:00:00Z,0.978293409331402
urn:ioos:station:GOA_RUNOFF_DISCHARGE,urn:ioos:sensor:GOA_RUNOFF_DISCHARGE:q,58.069320239858385,-154.46915010358515,2014-08-22T00:00:00Z,0.6924337480982673
urn:ioos:station:GOA_RUNOFF_DISCHARGE,urn:ioos:sensor:GOA_RUNOFF_DISCHARGE:q,58.069320239858385,-154.46915010358515,2014-08-23T00:00:00Z,0.6949947099398128
urn:ioos:station:GOA_RUNOFF_DISCHARGE,urn:ioos:sensor:GOA_RUNOFF_DISCHARGE:q,58.069320239858385,-154.46915010358515,2014-08-24T00:00:00Z,4.50897151335685
urn:ioos:station:GOA_RUNOFF_DISCHARGE,urn:ioos:sensor:GOA_RUNOFF_DISCHARGE:q,58.069320239858385,-154.46915010358515,2014-08-25T00:00:00Z,3.7961415029090237
urn:ioos:station:GOA_RUNOFF_DISCHARGE,urn:ioos:sensor:GOA_RUNOFF_DISCHARGE:q,58.069320239858385,-154.46915010358515,2014-08-26T00:00:00Z,2.72551145108452
urn:ioos:station:GOA_RUNOFF_DISCHARGE,urn:ioos:sensor:GOA_RUNOFF_DISCHARGE:q,58.069320239858385,-154.46915010358515,2014-08-27T00:00:00Z,3.1326055185151733
urn:ioos:station:GOA_RUNOFF_DISCHARGE,urn:ioos:sensor:GOA_RUNOFF_DISCHARGE:q,58.069320239858385,-154.46915010358515,2014-08-28T00:00:00Z,2.6227125101868944
urn:ioos:station:GOA_RUNOFF_DISCHARGE,urn:ioos:sensor:GOA_RUNOFF_DISCHARGE:q,58.069320239858385,-154.46915010358515,2014-08-29T00:00:00Z,1.8785277703062098
urn:ioos:station:GOA_RUNOFF_DISCHARGE,urn:ioos:sensor:GOA_RUNOFF_DISCHARGE:q,58.069320239858385,-154.46915010358515,2014-08-30T00:00:00Z,1.3318288207264979
urn:ioos:station:GOA_RUNOFF_DISCHARGE,urn:ioos:sensor:GOA_RUNOFF_DISCHARGE:q,58.069320239858385,-154.46915010358515,2014-08-31T00:00:00Z,0.9428836866104867
